eg_uma/half_spectra/oehua2010_59306.6196807866.ecsv
# %ECSV 1.0
# ---
# datatype:
# - {name: WAVELENGTH, datatype: float64}
# - {name: FLUX, datatype: float32}
# - {name: ERROR, datatype: float32}
# schema: astropy-2.0
WAVELENGTH FLUX ERROR
[from data line 354]
1213.467806186355 0.0009278401 3.0413894e-05
1213.521168070802 0.00394261 1.6088652e-05
1213.5745296086482 0.006453133 0.00014026229
1213.6278907998994 0.0014664053 0.00015660275
1213.6812516445627 0.0041063093 5.3390093e-05
1213.7346121426444 -0.00056676014 0.0014805074
1213.7879722941516 -0.0019506342 6.547256e-05
1213.8413320990912 0.002806474 0.00444398
1213.8946915574697 0.001872255 0.0041276948
1213.9480506692942 0.0037924584 8.356127e-05
1214.0014094345709 0.0039879163 0.003103494
1214.0547678533069 0.0037223152 8.631436e-05
1214.108125925509 0.0068840543 5.280416e-05
1214.1614836511835 0.007913649 0.0042769588
1214.2148410303378 0.004261398 0.0031791425
1214.2681980629782 0.0052134544 0.0014361889
1214.3215547491116 0.002380043 0.0019194954
1214.3749110887447 0.004392495 0.003360268
1214.4282670818845 0.012300727 0.0008830726
1214.4816227285373 0.014810079 0.005594124
1214.5349780287106 0.008407196 0.0045592044
1214.58833298241 0.0120807355 0.005968202
1214.6416875896432 0.018345414 0.0001185284
1214.6950418504166 0.018935494 0.002096079
1214.748395764737 0.02910295 0.01465955
1214.801749332611 0.028191244 0.007281199
1214.8551025540457 0.026859319 0.0012953058
1214.9084554290478 0.023047091 0.003665072
1214.9618079576237 0.030504325 0.011742169
1215.0151601397802 0.041118823 0.006660585
1215.0685119755244 0.045779254 0.016816426
1215.1218634648626 0.0424924 0.013624925
1215.175214607802 0.061381638 0.020136468
1215.228565404349 0.066280425 0.01567563
1215.2819158545105 0.040506676 0.016834004
1215.3352659582933 0.047288198 0.0074054836
1215.388615715704 0.046220697 0.0029083432
1215.4419651267492 0.033709083 0.0012937599
1215.4953141914361 0.0387254 9.952305e-05
1215.5486629097713 0.011565922 0.010725919
1215.6020112817612 -0.0027844168 0.009164512
1215.655359307413 -0.0062662764 0.022855533
1215.708706986733 0.005335157 0.014828872
1215.7620543197286 0.010323049 0.0025794546
1215.8154013064056 0.02373453 0.0031596073
1215.8687479467715 0.04263798 0.002362233
1215.9220942408328 0.039333016 0.0043562213
1215.9754401885966 0.04759852 0.0021877687
1216.028785790069 0.047999322 0.0022678159
1216.082131045257 0.041645017 0.0039922455
1216.1354759541675 0.050088458 0.0034126567
1216.1888205168073 0.048643146 0.0043891994
1216.2421647331826 0.040835958 0.008442364
1216.2955086033007 0.03560104 0.004653396
1216.3488521271681 0.034333363 0.01010435
1216.4021953047916 0.02192806 0.006260272
1216.4555381361781 0.018204736 0.0033458832
1216.5088806213341 0.008888243 0.0015541974
1216.5622227602666 0.016285494 0.0041974597
1216.615564552982 0.014403741 0.004325378
1216.6689059994874 0.022722194 0.00012651579
1216.722247099789 0.005297227 0.0013638498
1216.7755878538944 0.0070786388 1.5571637e-06
1216.8289282618096 0.008531475 0.0015057831
1216.8822683235414 0.008747246 0.008545648
1216.935608039097 0.004154797 9.809731e-05
1216.9889474084825 0.0064802 0.0060517504
1217.0422864317054 0.004030879 9.8601035e-05
1217.0956251087716 0.012683914 0.002834291
1217.1489634396887 0.006751954 0.0031543048
1217.2023014244628 0.0039878143 0.002985181
1217.255639063101 0.0022873078 0.0044896095
1217.30897635561 0.0068168156 0.00015160823
1217.3623133019962 0.003846143 3.1718519e-06
1217.4156499022665 -0.0018912267 2.0566744e-05
1217.468986156428 0.0052245124 0.0014339838
1217.522322064487 0.005906872 0.00441898
1217.57565762645 0.0036575417 0.002762118
1217.6289928423246 0.00442631 0.0032847787
1217.6823277121168 -0.00051247026 0.0014192254
1217.7356622358338 0.006122587 0.0058664517
1217.788996413482 0.0021893885 0.0043392475
1217.8423302450685 0.0037032505 0.00614169
1217.8956637305998 0.004188896 0.0032401702
1217.9489968700825 0.0074630403 4.9715884e-05
1218.0023296635231 0.010540674 0.007250115
1218.0556621109295 0.0010980148 1.2716391e-05
1218.1089942123072 0.0023880408 0.001414674
1218.1623259676635 -0.00041811448 0.0015041671
1218.2156573770048 0.0068748556 0.0027048234
1218.268988440338 0.0023317172 0.0015224711
1218.3223191576703 0.0018236662 0.0007756049
1218.3756495290077 0.0068792505 0.0063623795
1218.4289795543573 0.00094285485 0.0029458352
1218.482309233726 -0.0018715874 7.484457e-06
1218.53563856712 0.0025346964 0.0047570327
1218.5889675545466 -0.00038719343 0.0015113002
1218.6422961960122 0.003597451 0.0007122938
1218.6956244915236 0.00397104 6.515842e-05
1218.7489524410876 -0.00034327892 0.0015563044
1218.8022800447109 -0.00037783643 0.0015249089
1218.8556073024001 0.0024220445 0.004571675
1218.9089342141622 0.0011039542 7.293283e-05
1218.9622607800038 0.0009717617 0.0029707984
1219.0155869999317 -0.00043195486 0.0014591586
1219.0689128739523 0.005496461 0.0015583705
1219.1222384020728 0.0017994575 0.0021367618
1219.1755635842997 0.0008500493 0.0028205717
1219.2288884206394 0.0025197365 0.004695034
1219.2822129110994 -0.0003872035 0.0015030053
1219.3355370556858 -0.0018507594 2.8369832e-06
1219.3888608544055 -0.00041766267 0.001460751
1219.442184307265 -0.00041643804 0.0014693429
1219.495507414272 0.006484618 0.0025455642
1219.548830175432 0.0010801015 5.353125e-06
1219.6021525907522 0.00043701034 0.0023636455
1219.6554746602396 0.0010025263 9.114214e-06
1219.7087963839008 0.0010951186 0.0030791718
1219.7621177617423 0.0010473813 0.0030365924
1219.8154387937707 0.0006657097 0.00052382617
1219.8687594799935 -0.00034457265 0.0015406039
1219.9220798204167 0.006739076 3.8710034e-05
1219.975399815047 -0.00048437557 0.0013655971
1220.0287194638918 -0.000392491 0.0014873173
1220.082038766957 0.0022580877 0.0014060739
1220.13535772425 -0.001832241 1.2299219e-05
1220.1886763357772 -0.0018283256 1.2929783e-05
1220.2419946015455 -0.00031192927 0.0015409657
1220.2953125215613 -0.00038103864 0.0014962293
1220.3486300958318 -0.0018241911 1.4788117e-05
1220.4019473243632 0.0011229732 0.0001867789
1220.4552642071624 -0.0003608226 0.0014803443
1220.5085807442367 -0.0018198941 1.6661244e-05
1220.5618969355917 -0.0018388473 9.32196e-05
1220.6152127812352 0.0026968608 0.0014417365
1220.6685282811736 0.0011815934 0.0031724696
1220.7218434354131 0.0010341175 1.7514798e-05
1220.775158243961 0.0024745767 0.0013939288
1220.8284727068242 -0.00032423786 0.001548136
1220.8817868240085 -0.00039992086 0.0014221655
1220.9351005955218 0.0011604034 0.003099308
1220.9884140213699 -0.0018077149 2.2186316e-05
1221.04172710156 -0.00019770095 0.0016808517
1221.0950398360983 0.0009873998 0.0029027406
1221.1483522249923 0.0026575013 0.001567201
1221.2016642682481 -0.0003882072 0.0014726239
1221.2549759658727 -0.0003837933 0.0014254156
1221.3082873178728 0.0009302197 0.002881252
1221.361598324255 0.0012699915 2.6420632e-05
1221.4149089850266 -0.0017975102 2.7037808e-05
1221.4682193001931 -0.0005055183 0.0013480316
1221.5215292697626 -0.00028389815 0.0015229402
1221.574838893741 -0.0017939518 2.881279e-05
1221.628148172135 0.0011339991 0.0031134163
1221.6814571049515 0.0011594726 6.3070605e-05
1221.7347656921975 -0.0017855979 3.058638e-05
1221.7880739338793 0.0011961443 0.003157285
1221.8413818300037 -0.0017841426 3.1787025e-05
1221.8946893805776 0.0012330249 9.839238e-06
1221.9479965856078 -0.0017838728 3.295031e-05
1222.0013034451008 0.0007440656 0.0026689032
1222.0546099590633 -0.00039468508 0.0013801261
1222.1079161275018 0.0012001295 4.219968e-05
1222.1612219504236 -0.00032507363 0.001523627
1222.214527427835 -0.0017749543 3.5873847e-05
1222.2678325597428 -0.0002587733 0.0015926172
1222.321137346154 0.0036679166 0.0029426308
1222.3744417870748 -0.00029152317 0.0015557441
1222.4277458825122 -0.00084395823 0.0009779489
1222.4810496324733 -0.0019116143 3.8752212e-05
1222.534353036964 -0.0018871741 3.93159e-05
1222.5876560959916 0.0046788664 0.0072427597
1222.6409588095626 -0.0003175554 0.0015227206
1222.694261177684 0.004023267 0.0029053814
1222.7475632003618 -0.0017615948 4.155951e-05
1222.8008648776035 0.0010492774 0.0029865268
1222.8541662094156 -0.00031796095 0.0014300138
1222.9074671958044 0.0009515904 0.0028740729
1222.9607678367774 0.00034046915 0.0011068593
1223.0140681323405 0.0012557147 6.378742e-05
1223.067368082501 0.00030429754 0.0009934593
1223.1206676872655 0.00423381 7.12082e-05
1223.1739669466406 0.0013007914 6.283529e-05
1223.2272658606328 -0.0017464167 4.6593894e-05
1223.280564429249 0.0009592332 0.002877782
1223.333862652496 0.0012076887 0.003142614
1223.3871605303805 0.0026571096 0.0015047664
1223.4404580629093 0.0034087896 0.0037679214
1223.4937552500892 0.0015367978 0.00015739011
1223.5470520919264 -0.00037831938 0.0014377484
1223.600348588428 -0.0017356026 5.0400442e-05
1223.6536447396004 0.0027927477 0.0015822814
1223.7069405454508 -0.0002628773 0.0015595836
1223.760236005986 0.0013919602 0.0032377457
1223.8135311212118 -0.00032316396 0.0013847348
1223.8668258911355 0.0009983677 0.003175085
1223.9201203157643 -0.00021000773 0.0015009275
1223.9734143951039 -0.00036152476 0.001446483
1224.0267081291618 -0.0002762677 0.0015371584
1224.0800015179443 0.0028199635 0.0015290058
1224.1332945614583 -0.00037637015 0.00142698
1224.1865872597102 -0.0017181643 5.6201243e-05
1224.2398796127075 -0.00020793981 0.0014904523
1224.293171620456 -0.00029143583 0.0015158481
1224.3464632829628 0.00116738 0.0029615816
1224.3997546002345 -0.0017115498 5.8262085e-05
1224.4530455722781 0.00025344087 0.0020935899
1224.5063361991001 -0.00065511966 0.0011298482
1224.5596264807073 0.0013526033 1.5489673e-05
1224.612916417106 0.0011236878 0.002901037
1224.6662060083033 -0.0017042456 6.0779214e-05
1224.7194952543061 0.0028021655 0.0016341034
1224.772784155121 0.0013469296 0.0023434488
1224.826072710754 -0.0016979935 6.229412e-05
1224.8793609212128 -0.00022633528 0.0015709777
1224.9326487865035 -0.0016951335 6.3264684e-05
1224.9859363066328 -0.0002695601 0.0013916129
1225.039223481608 0.0044984613 0.0030734478
1225.092510311435 -0.0016911486 6.4754786e-05
1225.1457967961212 0.005176492 0.0013550939
1225.1990829356728 -0.00018029504 0.0014778621
1225.2523687300968 -0.0016821147 6.618746e-05
1225.3056541794 0.0045447345 0.0030079263
1225.3589392835888 0.0026206484 0.0013336559
1225.41222404267 -0.0016795654 6.759836e-05
1225.4655084566502 -0.000168637 0.0014792487
1225.5187925255364 -0.0016757334 6.854173e-05
1225.5720762493352 -2.745876e-05 0.001621161
1225.6253596280533 -0.001672688 6.947247e-05
1225.678642661697 0.0028274155 0.0015602253
1225.7319253502735 -0.0002771219 0.0013508945
1225.7852076937897 -0.0016654051 7.084408e-05
1225.8384896922519 -0.0016647533 7.128552e-05
1225.8917713456667 -0.00027646672 0.0014923115
1225.9450526540409 0.0010328598 0.0028826003
1225.9983336173814 -0.00026154166 0.0015049113
1226.0516142356946 0.0012044987 0.0030787413
1226.1048945089876 -0.0016561742 7.35462e-05
1226.1581744372668 0.0030397123 0.0015581021
1226.211454020539 0.004131308 0.002904112
1226.264733258811 0.0013784408 0.000100085796
1226.3180121520893 0.005350408 0.004305663
1226.3712907003805 0.0026232598 0.004508312
1226.424568903692 0.0012512294 0.0031160582
1226.4778467620295 -0.0016471563 7.657182e-05
1226.5311242754005 -0.001643406 7.702124e-05
1226.5844014438112 -0.00023370494 0.0013606579
1226.6376782672685 -0.00020865208 0.0013845954
1226.6909547457792 0.0029836057 0.0014008285
1226.74423087935 -0.0002523494 0.0014955396
1226.7975066679874 0.0029587634 0.0014470777
1226.8507821116982 -0.00024688328 0.0013332517
1226.904057210489 -0.00015863198 0.0015906373
1226.9573319643666 0.0027404656 0.0012045534
1227.0106063733379 0.0043957117 0.0031549905
1227.0638804374094 0.0012100466 0.002880912
1227.1171541565877 0.007839921 0.003102112
1227.1704275308796 -0.0001617931 0.0014120209
1227.2237005602917 0.0012906913 0.00011571101
1227.2769732448305 -0.0001408978 0.0016000977
1227.3302455845037 -0.00023737669 0.0014943307
1227.383517579317 -0.0011608943 0.00037389185
1227.436789229277 0.0011926007 0.0030225161
1227.4900605343912 -0.0016137332 8.422194e-05
1227.5433314946658 0.0046045887 0.0031577586
1227.5966021101076 -6.110937e-05 0.0016775766
1227.649872380723 0.0049211946 0.0014439555
1227.7031423065193 0.0026062643 0.0044205403
1227.7564118875027 -0.00012841784 0.0014218491
1227.80968112368 -0.00019313273 0.0015272158
1227.8629500150582 0.0043762797 0.0031160316
1227.9162185616437 -0.0015951316 8.7178836e-05
1227.969486763443 0.001288833 0.0029314714
1228.022754620463 0.0015036727 0.0003205446
1228.0760221327107 -0.001590836 8.823349e-05
1228.1292893001926 -0.00057444663 0.00093920785
1228.182556122915 0.0010450098 0.0026605013
1228.235822600885 -0.000119779994 0.0014102841
1228.2890887341093 0.0012624301 2.3415401e-05
1228.3423545225944 -0.0015820457 8.99586e-05
1228.3956199663473 0.0012887539 0.0029153419
1228.4488850653745 -0.0015773831 9.060113e-05
1228.5021498196825 -0.0015773028 9.094032e-05
1228.5554142292783 0.0025790741 0.0013741206
1228.6086782941684 0.001465467 2.5070054e-05
1228.6619420143593 0.0012482023 0.0030537064
1228.7152053898585 -6.045999e-05 0.0016433495
1228.7684684206715 -4.4841105e-05 0.0014661228
1228.8217311068063 0.002214525 0.00392155
1228.8749934482685 -0.00015279502 0.0015385642
1228.9282554450654 0.0030024275 0.0016510464
1228.9815170972033 0.0025443423 0.004487671
1229.0347784046894 -0.0015565102 9.4068004e-05
1229.08803936753 0.001398106 0.00012603407
1229.1412999857316 0.0021418757 0.00078127685
1229.1945602593014 0.0015465658 0.00020216855
1229.247820188246 0.00060884154 0.0009284067
1229.3010797725715 -0.00012909183 0.0015499276
1229.3543390122854 -0.0015488261 9.5795134e-05
1229.407597907394 0.0013638997 8.957536e-05
1229.4608564579041 0.002901279 0.0015827853
1229.5141146638218 0.00064981816 0.0021691741
1229.567372525155 -6.605036e-05 0.0014088772
1229.6206300419092 0.0014941886 7.424771e-05
1229.673887214092 -0.001534105 9.743631e-05
1229.7271440417092 0.0012562972 0.0030206353
1229.7804005247683 -0.000111667585 0.0015530501
1229.8336566632754 -0.00012423033 0.0013350586
1229.8869124572375 -0.00072842796 0.00071010424
1229.9401679066611 -0.0015253115 9.867627e-05
1229.9934230115532 -0.00011892618 0.0015374304
1230.0466777719203 -0.001520911 9.917374e-05
1230.0999321877687 -2.0543865e-05 0.0014351996
1230.1531862591062 0.002930763 0.0014596914
1230.2064399859378 -0.0007357888 0.0014066087
1230.2596933682719 0.0012570302 0.003009668
1230.312946406114 -6.587035e-06 0.0016486461
1230.3661990994713 0.0029500728 0.0014542203
1230.4194514483504 -0.001509113 0.00010077836
1230.472703452758 -6.4546875e-05 0.0013714441
1230.5259551127006 0.0013212377 1.9888266e-05
1230.5792064281852 0.0017787801 0.0014217389
1230.6324573992183 0.0014985048 0.00012146575
1230.6857080258067 -0.0014981036 0.000101818405
1230.7389583079569 3.64308e-05 0.0016785542
1230.7922082456753 0.004224683 0.00013848423
1230.8454578389694 -0.0014940626 0.00010239092
1230.8987070878454 0.0014915358 0.0030104434
1230.95195599231 -0.0014846163 0.000102770275
1231.00520455237 9.091133e-06 0.001427899
1231.0584527680317 0.0015919892 0.00014488913
1231.1117006393024 -0.001483208 0.000103318016
1231.1649481661882 0.0033781647 0.0017715343
1231.2181953486959 0.0013828978 1.1571764e-05
1231.2714421868327 -6.9447946e-05 0.0015455417
1231.3246886806048 -8.60087e-06 0.0016093984
1231.3779348300188 0.0014206349 0.002923544
1231.4311806350818 0.0014798845 0.0029914465
1231.4844260957998 -0.001220568 0.00035499292
1231.5376712121806 0.0029430543 0.0016679561
1231.5909159842297 0.0017357906 0.003260709
1231.6441604119545 -0.0014641642 0.00010486226
1231.6974044953613 -1.3193869e-05 0.0015911746
1231.7506482344572 0.0014492722 0.0001051366
1231.8038916292485 0.0013638253 0.00011663718
1231.8571346797419 -0.0014561204 0.000105384664
1231.9103773859442 1.1745546e-05 0.0013920377
1231.9636197478621 -0.0014494996 0.000105626576
1232.0168617655022 -0.0014517312 0.00010572446
1232.0701034388712 -2.2571952e-05 0.0015672927
1232.123344767976 -0.0014468367 0.00010595085
1232.176585752823 0.004449037 4.9687165e-05
1232.2298263934188 -0.0014405866 0.00010615054
1232.2830666897703 0.0026090334 0.004441248
