eg_uma/half_spectra/oehua1010_59306.4223662732.ecsv
# %ECSV 1.0
# ---
# datatype:
# - {name: WAVELENGTH, datatype: float64}
# - {name: FLUX, datatype: float32}
# - {name: ERROR, datatype: float32}
# schema: astropy-2.0
WAVELENGTH FLUX ERROR
1194.5632366100358 0.0028443595 0.002981792
1194.6167212256048 3.391764e-06 2.2591848e-09
1194.670205492151 1.4894686e-06 2.219167e-09
1194.7236894096807 1.0178011e-05 1.4915715e-09
1194.7771729782016 -2.317211e-07 8.6947693e-10
1194.8306561977204 -1.2785422e-06 5.5661076e-10
1194.8841390682435 0.0011214924 0.0014756381
1194.9376215897778 -2.2719762e-06 1.8044376e-09
1194.9911037623303 3.993784e-06 5.2714313e-09
1195.0445855859082 0.0014569892 0.00149304
1195.0980670605177 0.001128659 0.0017687426
1195.1515481861659 0.0012069029 0.0012052099
1195.2050289628594 -0.00028822653 0.00031394698
1195.2585093906052 -0.00029080146 0.00031158212
1195.3119894694105 -0.00029520155 0.0003092295
1195.3654691992817 -0.00029955126 0.00030688453
1195.4189485802258 -0.00030184 0.00030455113
1195.4724276122495 -0.00030685664 0.00030222497
1195.5259062953596 0.0010445911 0.0016887016
1195.5793846295628 -0.00031280713 0.0002976011
1195.6328626148663 -0.00031635645 0.00029530295
1195.686340251277 0.0011658208 0.001222214
1195.7398175388012 0.0024491793 0.0032040703
1195.7932944774464 -0.00032611308 0.00028846736
1195.8467710672187 -0.00032870803 0.00028620794
1195.900247308125 -0.0003307795 0.0002839566
1195.9537232001728 0.0011079911 0.001768061
1196.0071987433685 0.0011444713 0.001808872
1196.0606739377192 -0.00034352174 0.00027725668
1196.1141487832313 0.001272351 0.0009374794
1196.1676232799118 -0.000350328 0.0002728384
1196.2210974277675 -0.0003501522 0.00027064263
1196.2745712268052 -0.00035707222 0.00026845667
1196.3280446770318 0.0041144607 0.0016607782
1196.3815177784543 0.0011040022 0.0012319467
1196.4349905310794 0.0010319003 0.0011605985
1196.4884629349137 0.0011138746 0.0017870262
1196.5419349899641 -0.0003717824 0.0002576542
1196.5954066962377 0.0027288483 0.00025553253
1196.648878053741 -0.00037609023 0.00025339797
1196.702349062481 -0.00038387056 0.00025128524
1196.7558197224648 0.004078583 0.0017391655
1196.8092900336985 0.0010085645 0.0011739779
1196.8627599961897 -0.000229049 3.9626746e-05
1196.9162296099446 -0.00039309164 0.00024291468
1196.9696988749704 -0.00039523962 0.00024084565
1197.0231677912736 0.0010617443 0.0012528087
1197.0766363588618 -0.00040164404 0.00023673254
1197.1301045777407 0.0010954811 0.0012991962
1197.1835724479179 0.00097047974 0.0016470945
1197.2370399693998 -0.00041363042 0.00023062853
1197.2905071421935 -0.00041306636 0.00022861602
1197.343973966306 -0.00041676444 0.00022660334
1197.3974404417438 -0.00041877487 0.00022460545
1197.4509065685138 -0.0004247423 0.00022261475
1197.5043723466229 -0.00042412482 0.00022063167
1197.5578377760776 -0.00042875466 0.0002186599
1197.6113028568848 0.0009681601 0.0016531147
1197.6647675890517 0.0010279415 0.0012780705
1197.7182319725848 0.0023354394 0.0026677332
1197.7716960074913 0.0025578302 0.00016541807
1197.8251596937776 0.0010076573 0.0012712193
1197.8786230314504 -0.00044472463 0.0002070039
1197.932086020517 -0.0004496876 0.00020509333
1197.985548660984 0.0010378832 0.0017359151
1198.0390109528582 -0.00045493676 0.00020129344
1198.0924728961463 0.0010507745 0.0013422287
1198.1459344908553 0.00093549537 0.0016282626
1198.199395736992 -0.0008679098 0.00019565877
1198.2528566345632 0.0010390877 0.0013441154
1198.3063171835756 -0.0004637826 0.00019194801
1198.3597773840363 0.0011157431 0.0018264011
1198.413237235952 -0.00046907898 0.00018826617
1198.466696739329 0.0025782995 0.003406262
1198.520155894175 0.0009525298 0.0016532157
1198.5736147004961 0.0022802388 0.0027007551
1198.6270731582997 0.0010003628 0.0013351773
1198.6805312675922 0.002341545 0.003141669
1198.7339890283804 -0.0004869446 0.00017742919
1198.7874464406716 9.2544076e-05 0.000766072
1198.840903504472 0.00097181805 0.0013229488
1198.8943602197887 0.0009349815 0.001640859
1198.9478165866285 -0.00049639965 0.00017037534
1199.0012726049983 0.00092750526 0.0016345622
1199.0547282749048 -0.00050282484 0.00016689289
1199.1081835963548 -0.0005045341 0.00016516684
1199.161638569355 0.000941852 0.0016527413
1199.2150931939127 0.00091503706 0.0012932016
1199.268547470034 0.0008893419 0.0015978456
1199.3220013977266 -0.0005151129 0.00015834258
1199.3754549769965 0.0009105855 0.00130111
1199.4289082078508 0.002313968 0.0031225644
1199.4823610902963 -0.00052210863 0.00015330866
1199.53581362434 -0.00052341673 0.00015164563
1199.5892658099885 -0.00052737124 0.00014999375
1199.642717647249 -0.00052835175 0.00014834714
1199.6961691361275 -0.0005332588 0.00014671218
1199.7496202766315 -0.0005330626 0.00014508242
1199.8030710687674 0.0009415355 0.001367802
1199.8565215125425 -0.0005390787 0.00014184792
1199.9099716079634 0.00551414 0.0034688858
1199.9634213550369 -0.00054162514 0.00013864203
1200.0168707537691 0.00091150095 0.0016326061
1200.070319804168 -0.0005449093 0.00013547242
1200.12376850624 -0.0005515924 0.00013390339
1200.1772168599916 0.00090489374 0.0013565941
1200.2306648654296 0.00041773706 0.00085368723
1200.2841125225611 -0.00055345206 0.0001292297
1200.337559831393 0.0009388706 0.0016664052
1200.3910067919317 0.0008175077 0.0015364944
1200.4444534041843 -0.0007980315 0.0001246272
1200.4978996681577 0.0008912059 0.0013645486
1200.5513455838584 -0.000566109 0.000121599274
1200.6047911512935 0.0052236295 6.9887064e-05
1200.6582363704695 0.0008962311 0.0016245208
1200.7116812413935 -0.0005710513 0.000117116404
1200.765125764072 0.0009810393 0.0014798499
1200.8185699385122 -0.0005729648 0.00011416541
1200.8720137647206 -0.0005786566 0.000112700895
1200.9254572427042 0.0024352723 0.00021715027
1200.9789003724695 -0.0005821157 0.00010979835
1201.0323431540237 -0.0005841771 0.00010835439
1201.0857855873735 0.000834172 0.0015630065
1201.1392276725253 0.0022969306 9.484076e-05
1201.1926694094866 -0.00059048494 0.00010408092
1201.2461107982635 0.0007801519 0.0015066195
1201.2995518388634 -0.0005962642 0.000101265934
1201.352992531293 0.0008255883 0.0013518641
1201.4064328755583 0.00087245833 0.0014058389
1201.4598728716674 -0.00059981743 9.710435e-05
1201.5133125196262 0.0007942223 0.0015247194
1201.5667518194418 -0.0006061379 9.436746e-05
1201.6201907711209 -0.00060350326 9.301017e-05
1201.6736293746708 -0.00060720544 9.1660564e-05
1201.7270676300973 -0.00061071676 9.0318026e-05
1201.780505537408 -0.0006097206 8.898278e-05
1201.8339430966096 0.00066715444 0.0016268968
1201.8873803077086 -0.00061255204 8.633602e-05
1201.9408171707123 0.0009187965 0.0016642283
1201.994253685627 -0.00061814557 8.37156e-05
1202.0476898524596 -0.000618296 8.2417566e-05
1202.101125671217 -0.0006211473 8.112841e-05
1202.1545611419062 0.0008317019 0.0015712605
1202.2079962645337 0.0007433312 0.001476738
1202.2614310391064 -0.00062446645 7.729893e-05
1202.314865465631 -0.0007777865 7.603885e-05
1202.3682995441145 0.0008627564 0.0016073186
1202.4217332745636 0.0008134761 0.0014034897
1202.4751666569853 0.0008476389 0.0014428622
1202.528599691386 -0.0006336609 7.10639e-05
1202.5820323777727 0.00089500967 0.0016410949
1202.6354647161522 0.0024567593 7.209391e-05
1202.6888967065315 0.0021488254 0.00016933777
1202.7423283489172 0.002228573 0.0030696106
1202.795759643316 -0.0006416069 6.500681e-05
1202.8491905897347 -0.00064372027 6.381734e-05
1202.9026211881803 0.0022614286 0.003122877
1202.9560514386594 0.0022609672 8.241213e-05
1203.009481341179 -0.00064931373 6.0291844e-05
1203.062910895746 -0.0006474719 5.9132115e-05
1203.1163401023666 0.0008217429 0.0015684627
1203.1697689610485 -0.00065095373 5.682837e-05
1203.2231974717974 -0.00065366604 5.568983e-05
1203.2766256346208 0.00083736394 0.0014744211
1203.3300534495258 0.0053591975 0.0028305044
1203.3834809165185 -0.0006552452 5.230785e-05
1203.4369080356062 0.0021793055 0.002916595
1203.490334806795 -0.0006563079 5.009235e-05
1203.5437612300927 -0.00066433667 4.899173e-05
1203.5971873055053 -0.00020018805 0.000514139
1203.65061303304 -0.00066291884 4.681456e-05
1203.7040384127033 0.0020140673 0.0027440551
1203.7574634445023 0.003747823 0.0015355858
1203.8108881284434 0.002227115 1.7860868e-05
1203.864312464534 0.0007970878 0.0014594874
1203.9177364527804 -0.00066869357 4.14924e-05
1203.9711600931892 -0.00067494647 4.044897e-05
1204.0245833857678 0.0021231328 7.34274e-05
1204.0780063305228 -0.0006762455 3.8378785e-05
1204.1314289274608 0.00079140003 0.0015418181
1204.1848511765888 0.0007215936 0.0014670666
1204.2382730779134 -1.768162e-05 0.00080855633
1204.2916946314415 -0.0006798663 3.431947e-05
1204.34511583718 0.0020970951 0.002942022
1204.3985366951354 0.002339927 6.979787e-05
1204.451957205315 -0.00068095693 3.1351723e-05
1204.505377367725 -0.00077755004 3.0371624e-05
1204.5587971823725 -0.00068420544 2.9402234e-05
1204.6122166492642 -0.0006858592 2.843613e-05
1204.665635768407 0.0034982238 0.0014156647
1204.7190545398075 0.0037407593 0.004733948
1204.7724729634729 0.0021095884 0.0029074627
1204.8258910394095 0.0036287762 0.004616891
1204.8793087676243 0.0007106305 0.0014096581
1204.9327261481242 0.0007063358 0.0014070981
1204.9861431809159 -0.00069440715 2.1868822e-05
1205.0395598660061 0.0039674016 0.0015568755
1205.0929762034016 -0.0006946689 2.0052685e-05
1205.1463921931093 0.0007448019 0.0014957406
1205.199807835136 -0.00070294284 1.8262013e-05
1205.2532231294883 -0.00069634273 1.7376442e-05
1205.3066380761734 0.0011523741 0.0011452746
1205.3600526751973 0.00047583733 0.0012177184
1205.4134669265677 0.0021052284 1.4758902e-05
1205.4668808302908 -0.0007034203 1.3892859e-05
1205.5202943863737 -0.0007036301 1.3037032e-05
1205.5737075948232 0.0006732808 0.0013948989
1205.6271204556458 0.005749053 0.00024236397
1205.6805329688484 0.0006824988 0.0014300994
1205.7339451344378 0.0024457446 0.0002388234
1205.7873569524206 0.00085963536 0.0016213208
1205.840768422804 0.0091918735 0.0042949975
1205.8941795455949 0.007509861 0.0057416563
1205.9475903207995 0.0035061447 0.0045152665
1206.0010007484248 0.005110927 2.099513e-05
1206.0544108284776 0.0025057902 0.0001363289
1206.1078205609647 0.0007176777 0.0014601699
1206.1612299458932 0.0022877767 7.9497e-05
1206.2146389832694 0.0021937853 1.9361958e-05
1206.2680476731002 0.0007484017 0.0015016887
1206.3214560153924 0.00079188804 0.0015469105
1206.374864010153 0.0020818755 0.0029330838
1206.4282716573887 0.0020632213 0.0029107563
1206.4816789571062 -0.00071730517 1.2948876e-06
1206.535085909312 -0.0007184331 2.0370062e-06
1206.5884925140135 -0.00071998144 2.7684437e-06
1206.6418987712173 0.0067753973 0.0016932171
1206.6953046809297 0.0005396369 0.0014941676
1206.748710243158 0.0021363448 0.0030059475
1206.802115457909 0.0006961137 0.0014571486
1206.8555203251888 0.0022299138 8.2231156e-05
1206.908924845005 0.00075148116 0.0015197404
1206.962329017364 -0.0005377432 0.0001830728
1207.0157328422727 -0.00072514836 8.420291e-06
1207.0691363197377 0.00071549567 0.0014850897
1207.122539449766 0.00064632867 0.0013920137
1207.1759422323642 0.00077795057 0.0015548033
1207.2293446675394 0.0006347081 0.00137929
1207.282746755298 -0.00073078065 1.1759519e-05
1207.336148495647 0.0049686083 0.00285566
1207.389549888593 -0.00073050306 1.3054785e-05
1207.442950934143 0.0006627233 0.0014372524
1207.4963516323035 0.00085711066 0.0016479978
1207.5497519830815 -0.0009877793 1.495285e-05
1207.6031519864837 0.0007292261 0.0015124537
1207.6565516425171 0.00061534054 0.0013912108
1207.7099509511881 -0.00073352724 1.6803271e-05
1207.7633499125038 -0.0007327752 1.7410668e-05
1207.8167485264705 -0.0007320464 1.8014367e-05
1207.870146793096 -0.0007346546 1.8605468e-05
1207.9235447123858 0.000710678 0.0014992562
1207.9769422843474 -0.0007340088 1.9777159e-05
1208.0303395089877 0.0022245192 0.0030904547
1208.0837363863131 0.00059821294 0.0013813871
1208.1371329163303 -0.0007378789 2.14928e-05
1208.1905290990464 0.0006153253 0.0013569093
1208.2439249344682 0.00071086816 0.0015056791
1208.2973204226023 0.005152611 0.0029694252
1208.3507155634554 0.003075835 0.000715889
1208.4041103570346 0.00031879643 0.0013390713
1208.4575048033462 -0.00073828193 2.4778825e-05
1208.5108989023972 -0.00073813007 2.5307847e-05
1208.5642926541948 -0.00073804916 2.5830755e-05
1208.6176860587452 -0.0007419094 2.6349851e-05
1208.6710791160551 0.00064215576 0.0013842026
1208.7244718261318 0.0006069917 0.001537539
1208.7778641889818 0.0006452287 0.0014438555
1208.8312562046121 0.0007534318 0.0015034067
1208.8846478730288 0.00075305154 0.0015616142
1208.9380391942395 -0.0007401414 2.9343295e-05
1208.9914301682504 -0.00074506935 2.982616e-05
1209.0448207950687 0.00194477 0.0028401914
1209.0982110747009 0.0007944319 0.001546416
1209.1516010071537 0.000311985 0.0011049298
1209.2049905924341 0.0036734839 0.0016151246
1209.2583798305488 0.002153496 0.0030662694
1209.3117687215044 0.003662769 0.0015835147
1209.3651572653082 0.0006877818 0.0014979525
1209.4185454619662 -0.0007441253 3.3487155e-05
1209.4719333114858 0.0006836255 0.0014948379
1209.5253208138733 0.0019849304 0.0028185996
1209.5787079691358 0.00072527566 0.0014695228
1209.6320947772801 -0.0007416276 3.5195757e-05
1209.6854812383126 0.0024690526 3.5599107e-05
1209.7388673522405 -0.000743404 3.6020676e-05
1209.7922531190707 0.0010309633 0.0012907891
1209.845638538809 -0.0007436194 3.6822923e-05
1209.8990236114635 0.000666035 0.0015873668
1209.9524083370397 -0.00074497465 3.7608028e-05
1210.0057927155453 -0.00074437313 3.799211e-05
1210.0591767469866 0.0008505757 0.0016766253
1210.1125604313704 0.0008616529 0.0016938335
1210.165943768704 0.0006842573 0.00142211
1210.2193267589935 0.0021680377 0.0031033058
1210.272709402246 -0.0007450111 3.9845327e-05
1210.3260916984677 0.00075576716 0.001498334
1210.3794736476664 -0.0007472357 4.054859e-05
1210.432855249848 0.0038262105 0.0015308876
1210.4862365050196 0.0007182367 0.0014564284
1210.5396174131881 -0.00074311096 4.157246e-05
1210.5929979743603 0.0007963216 0.0016261379
1210.6463781885427 0.0034114516 0.004421386
1210.699758055742 0.0026118136 0.00013723638
1210.7531375759652 0.0007162775 0.0015410518
1210.8065167492189 0.0006188362 0.0014883728
1210.8598955755097 0.004900405 0.00018078521
1210.913274054845 -0.0007549566 4.3031032e-05
1210.9666521872311 0.0033367246 0.0044172457
1211.0200299726748 -0.00074454484 4.438689e-05
1211.0734074111829 0.0035034902 0.0014410364
1211.1267845027621 0.003733215 0.0015600476
1211.1801612474194 0.000657862 0.0013864869
1211.2335376451613 0.0020637533 0.0028871284
1211.2869136959946 0.00065930793 0.0014815254
1211.3402893999264 -0.00074351364 4.60585e-05
1211.393664756963 0.00056828395 0.0015006807
1211.4470397671114 0.00069878175 0.0015243873
1211.5004144303782 -0.00040333899 0.0014692963
1211.5537887467704 -0.00074517215 4.7079462e-05
1211.6071627162949 0.0019871248 0.0020536128
1211.6605363389579 -0.0007450362 4.7566195e-05
1211.7139096147664 0.003605422 0.0015379036
1211.767282543727 0.000712828 0.0014410384
1211.8206551258475 0.0037453729 0.001306658
1211.8740273611331 0.0037116131 0.0016718167
1211.9273992495919 -0.00094839424 4.8701302e-05
1211.9807707912298 0.0037265588 0.0016603759
1212.0341419860538 -0.0007426517 4.9124705e-05
1212.0875128340708 0.0019747617 0.0028919133
1212.1408833352873 -0.00073940685 4.9533264e-05
1212.1942534897105 0.0021309052 4.9720285e-05
1212.2476232973465 0.0021220034 7.665131e-05
1212.3009927582027 0.0037928703 0.0016585113
1212.3543618722856 0.0021543484 2.2667104e-05
1212.407730639602 0.00066341576 0.0013821595
1212.4610990601584 0.00084376824 0.0015757555
1212.5144671339622 0.005447094 0.0016845635
1212.5678348610195 0.00069851195 0.0015230877
1212.6212022413372 0.0016163421 0.00054993073
1212.6745692749223 0.0022064685 5.6063756e-05
1212.7279359617814 -0.000844452 5.1470244e-05
1212.7813023019212 0.0038176463 0.0012373503
1212.8346682953484 0.0025407062 0.0022690906
1212.88803394207 -0.00073931535 5.1911513e-05
1212.941399242093 0.007583013 0.0060662413
1212.9947641954232 0.0048927637 0.00041735347
1213.0481288020683 0.0048372988 0.006026723
1213.1014930620347 0.0021507326 9.713447e-05
1213.154856975329 0.0002529925 0.0009487234
1213.2082205419586 0.00074252905 0.0015673734
