eg_uma/half_spectra/oehua1010_59306.4223662732.ecsv
# %ECSV 1.0
# ---
# datatype:
# - {name: WAVELENGTH, datatype: float64}
# - {name: FLUX, datatype: float32}
# - {name: ERROR, datatype: float32}
# schema: astropy-2.0
WAVELENGTH FLUX ERROR
[from data line 705]
1232.1836721614552 0.0040188804 0.0015144871
1232.2369123986887 -0.00029602504 3.141933e-05
1232.2901522916611 0.0011985254 0.0015002299
1232.3433918403803 0.0025928018 0.0030616922
1232.3966310448523 -0.00028990727 3.2133306e-05
1232.4498699050835 0.002509436 0.002961446
1232.5031084210812 -0.00029038894 3.2602242e-05
1232.5563465928515 -0.0002870232 3.283203e-05
1232.609584420402 0.0025470164 0.0029364754
1232.6628219037382 0.0011726579 0.0014592792
1232.7160590428675 -0.00028151885 3.3513217e-05
1232.7692958377963 -0.00028401523 3.3733784e-05
1232.8225322885316 0.001061802 0.0013353507
1232.8757683950798 0.0010880594 0.0014812044
1232.9290041574475 0.0026335414 1.639591e-05
1232.9822395756419 -0.00027823675 3.4605077e-05
1233.0354746496691 0.0025900912 3.036519e-05
1233.0887093795359 0.0027127326 0.00010321045
1233.1419437652492 0.0011744397 0.001517088
1233.1951778068153 0.0011876659 0.0014575424
1233.2484115042412 0.0042358683 0.0016709743
1233.3016448575336 0.0026123538 0.0030579448
1233.3548778666989 0.0012322275 0.0015002004
1233.408110531744 0.0012131941 0.0015520016
1233.4613428526752 0.0031884087 0.00044135432
1233.5145748295 -0.00026232653 3.662727e-05
1233.5678064622239 0.002720294 3.2038228e-05
1233.6210377508544 0.0027406698 1.326609e-05
1233.6742686953983 0.0011660869 0.0014945477
1233.727499295862 0.0026022266 0.0029441747
1233.7807295522516 -0.00025245562 3.7551385e-05
1233.8339594645747 0.0012363992 0.0014888226
1233.8871890328373 0.0012204727 0.0014699836
1233.9404182570465 0.0057007093 7.785384e-06
1233.9936471372087 0.0012365911 0.0015622561
1234.046875673331 -0.00024747234 3.841195e-05
1234.1001038654194 -0.00024587763 3.8579965e-05
1234.153331713481 0.0041701407 0.0014345149
1234.2065592175225 0.0012302379 0.0014702384
1234.2597863775504 0.0011957269 0.0014315805
1234.3130131935714 0.0012136715 0.0014491561
1234.3662396655925 0.0026225746 0.0029563536
1234.4194657936198 0.0053838324 3.8961058e-05
1234.4726915776605 0.0026714758 0.0030014305
1234.5259170177208 -0.00023269784 3.981441e-05
1234.5791421138076 0.0011897606 0.0014967947
1234.6323668659275 -0.00023233143 4.009693e-05
1234.6855912740873 0.000115189854 0.00038766087
1234.7388153382935 0.005537351 0.0028530543
1234.792039058553 -0.00023052444 4.0502488e-05
1234.845262434872 -0.00022394165 4.0632684e-05
1234.898485467258 0.001376384 0.001690801
1234.951708155717 7.176148e-05 0.00033787623
1235.0049305002556 -0.00022064213 4.10017e-05
1235.0581525008809 0.0026991651 0.0030201015
1235.1113741575991 0.0026338745 3.437081e-05
1235.1645954704175 0.0012906665 0.0015056841
1235.217816439342 -0.00021411995 4.1462303e-05
1235.27103706438 0.0029095185 2.3973636e-05
1235.3242573455377 0.0027307393 2.084509e-05
1235.3774772828217 -0.00021086675 4.177563e-05
1235.4306968762392 -0.00021312067 4.187374e-05
1235.4839161257964 -0.00020907064 4.1970445e-05
1235.5371350315 -0.00021017835 4.2064043e-05
1235.5903535933567 0.0028286185 4.2163883e-05
1235.6435718113735 0.0012666045 0.0015520402
1235.6967896855567 0.0042415676 0.0014700795
1235.7500072159128 0.0028052104 0.00015240369
1235.803224402449 -0.00020190536 4.2484506e-05
1235.8564412451715 0.001265711 0.0015458886
1235.9096577440873 0.0012805074 0.0015603728
1235.9628738992026 -0.00019683251 4.2700765e-05
1236.0160897105247 -0.00019598003 4.276268e-05
1236.0693051780597 -0.0003258668 3.4231916e-06
1236.1225203018146 0.0024830666 0.0029592938
1236.1757350817957 0.0013682347 0.0015596502
1236.2289495180103 -0.00019075886 4.2993393e-05
1236.2821636104645 0.001259357 0.0014428269
1236.3353773591652 0.003885627 0.0042950395
1236.388590764119 0.005755824 0.00314313
1236.4418038253325 0.0030114648 4.3188687e-05
1236.4950165428124 0.005441374 0.0061300374
1236.5482289165654 -0.0001816071 4.325076e-05
1236.6014409465984 0.0030462428 4.3289616e-05
1236.6546526329175 -0.0001778207 4.3310625e-05
1236.7078639755298 0.0039653988 0.004368386
1236.7610749744417 0.0013735528 0.0016396035
1236.8142856296602 -0.00017493524 4.3373904e-05
1236.8674959411915 -0.00017612925 4.3389427e-05
1236.9207059090427 0.0014353542 0.0017026904
1236.9739155332202 -0.00017265647 4.340866e-05
1237.0271248137306 0.001263901 0.0014250599
1237.080333750581 0.0026121289 0.002962793
1237.1335423437774 0.003139142 0.002672732
1237.186750593327 0.005771929 4.384837e-05
1237.239958499236 0.0040591117 0.0045604017
1237.2931660615116 0.001245793 0.0014881316
1237.34637328016 0.0043017315 0.001418577
1237.3995801551882 0.001266819 0.0015078463
1237.4527866866026 0.0026618429 0.002913624
1237.5059928744101 0.0013163344 0.0014693217
1237.5591987186172 0.001226694 0.0013719926
1237.6124042192303 0.0012197034 0.0013630257
1237.6656093762565 0.0027788903 0.0030328466
1237.718814189702 0.005277612 0.0024185441
1237.772018659574 0.004184717 0.0014692202
1237.8252227858789 0.005677231 0.00011076287
1237.8784265686234 0.003427815 0.00040984977
1237.931630007814 0.0027686267 8.781663e-05
1237.9848331034573 0.005933711 0.0031034655
1238.0380358555603 0.00537004 0.0028043508
1238.0912382641293 0.008245038 0.00048280333
1238.1444403291712 0.004163421 0.0014023165
1238.1976420506926 0.007153437 0.0012918435
1238.2508434287004 0.0030919092 4.2569474e-05
1238.3040444632004 0.0012724096 0.0014037449
1238.3572451542002 0.0013875875 0.0016137668
1238.410445501706 0.0057733944 0.0004465233
1238.4636455057243 0.0028838245 3.1125528e-05
1238.5168451662623 0.0041641532 0.0014056732
1238.5700444833262 -0.00013762858 4.2014402e-05
1238.623243456923 0.0027342692 1.5701027e-05
1238.676442087059 -0.00013531971 4.180365e-05
1238.7296403737412 0.0012762613 0.0013988838
1238.7828383169758 0.0041823327 0.00148782
1238.8360359167698 0.00075052405 0.00085388107
1238.8892331731297 -0.00012918065 4.133261e-05
1238.9424300860624 0.0072229663 0.0014472166
1238.9956266555741 0.004958673 0.0021583408
1239.0488228816716 0.0069483896 0.004422276
1239.1020187643621 0.0013246011 0.0015274051
1239.1552143036515 0.0026564575 0.0029547613
1239.2084094995469 0.005769079 2.3582017e-05
1239.2616043520547 -0.000121139456 4.0357296e-05
1239.314798861182 0.0060046045 1.6059257e-05
1239.3679930269348 0.0054967618 0.002866366
1239.42118684932 0.0027039761 0.0029151528
1239.4743803283445 0.002680933 0.0028925762
1239.5275734640147 0.004256822 0.0015239931
1239.5807662563373 0.0011588508 0.0014898266
1239.633958705319 -0.00011263213 3.918377e-05
1239.6871508109664 0.0014185007 0.0016139414
1239.740342573286 0.0006609931 0.0007426631
1239.7935339922847 -0.00011312357 3.8619928e-05
1239.8467250679691 0.0013112477 0.0014153557
1239.899915800346 0.0013334184 0.0014383636
1239.9531061894213 0.005592759 0.002922952
1240.0062962352026 0.0029554444 7.8721234e-05
1240.0594859376959 0.005783283 0.002950788
1240.1126752969085 -0.00010705638 3.7370086e-05
1240.1658643128462 -0.00010378255 3.714936e-05
1240.219052985516 0.0014145027 0.0015967783
1240.272241314925 0.0018523454 0.0020591344
1240.3254293010793 0.0029160536 8.23486e-05
1240.3786169439857 0.0028319906 0.0031148512
1240.431804243651 0.0013636083 0.0014624608
1240.4849912000816 -9.93873e-05 3.572071e-05
1240.5381778132842 -9.8618686e-05 3.546593e-05
1240.5913640832655 -9.5557334e-05 3.520607e-05
1240.6445500100322 -9.736596e-05 3.4947643e-05
1240.6977355935908 0.002828098 6.635855e-05
1240.7509208339482 0.0027743191 0.0029644002
1240.8041057311107 0.0018583 0.0019832165
1240.8572902850851 -9.048368e-05 3.385236e-05
1240.9104744958781 0.005716323 0.002842733
1240.9636583634965 -9.130514e-05 3.3277553e-05
1241.0168418879464 0.004170719 0.001518482
1241.070025069235 0.004770604 0.0018704482
1241.1232079073689 0.0014401849 0.0015354847
1241.1763904023542 0.001354904 0.001509295
1241.229572554198 0.0013443937 0.0014312202
1241.282754362907 0.0028865682 0.0030932284
1241.335935828488 0.0013264678 0.0014106159
1241.3891169509466 0.0013438857 0.0014923341
1241.4422977302909 0.0029395595 3.0470897e-05
1241.4954781665263 -8.333151e-05 3.012477e-05
1241.5486582596602 0.0013956662 0.0015442562
1241.601838009699 -8.341882e-05 2.9437344e-05
1241.6550174166491 -7.672194e-05 2.9087656e-05
1241.7081964805177 0.0013391536 0.0014796677
1241.761375201311 0.004782423 0.00128683
1241.8145535790356 0.0013818181 0.0014651439
1241.8677316136984 0.004700204 0.0015729744
1241.9209093053062 0.0027061822 0.002873718
1241.9740866538652 0.005918886 0.00020102633
1242.027263659382 0.007115832 0.0042418973
1242.080440321864 0.007196758 0.0045190426
1242.1336166413166 0.002818636 7.717055e-06
1242.1867926177476 0.0027010806 0.002874303
1242.2399682511632 0.001456056 0.0015930884
1242.2931435415699 0.002792038 0.00025590457
1242.3463184889745 0.002786535 0.0030149713
1242.3994930933834 -6.732982e-05 2.366309e-05
1242.4526673548037 0.0013475751 0.0014712377
1242.5058412732415 0.0013828799 0.0015078414
1242.559014848704 0.0028188308 0.0030052788
1242.6121880811972 0.0044074766 0.0016841337
1242.665360970728 0.0013795905 0.0015006813
1242.7185335173035 0.0028941592 0.003131404
1242.7717057209297 0.0028452233 7.312907e-05
1242.8248775816137 0.0013754814 0.0014926284
1242.8780490993615 0.0056943265 0.0029321539
1242.9312202741808 0.0014384625 0.001518437
1242.984391106077 0.0030208512 9.6842006e-05
1243.0375615950575 0.0026449529 0.002759363
1243.0907317411288 0.004424863 0.0012653415
1243.1439015442975 0.0043942975 0.0015738326
1243.1970710045703 0.0014094373 0.0014859717
1243.2502401219538 0.0012984832 0.0013685813
1243.3034088964544 0.0013952489 0.0014703542
1243.3565773280786 0.0014383115 0.0015477925
1243.4097454168339 0.0026637013 0.0028567815
1243.4629131627262 0.0013941353 0.0014685851
1243.5160805657622 -5.357908e-05 1.3674727e-05
1243.569247625949 0.0030053172 2.3065948e-05
1243.6224143432926 0.0013880652 0.0014875239
1243.6755807178 0.0014182681 0.0014941897
1243.7287467494778 0.0014261674 0.0015026218
1243.7819124383325 0.0059027774 0.000102064194
1243.8350777843707 0.0041964073 0.0045608412
1243.8882427875994 0.007318833 0.0046909465
1243.9414074480248 0.0013431556 0.0014132323
1243.9945717656537 0.001380314 0.0014708209
1244.047735740493 -4.56397e-05 8.090688e-06
1244.100899372549 0.0029018298 4.7051977e-05
1244.1540626618282 0.0014435368 0.0015354241
1244.2072256083375 -4.558909e-05 6.307264e-06
1244.2603882120836 0.0013579362 0.0014409225
1244.3135504730728 0.006447554 0.0072679287
1244.3667123913121 0.0013897846 0.00146363
1244.419873966808 0.003779759 0.0009340185
1244.4730351995668 0.00142831 0.0015051976
1244.5261960895955 0.004082573 0.0044145714
1244.5793566369007 0.005757075 0.00012397753
1244.632516841489 0.0027818077 2.076337e-05
1244.6856767033667 0.001459675 0.0015397964
1244.738836222541 -3.7959435e-05 4.4383341e-10
1244.7919953990183 0.0044524055 0.0013909871
1244.845154232805 0.0036501286 0.0020360209
1244.898312723908 0.0028218252 0.0029978252
1244.951470872334 0.003962407 0.004283555
1245.0046286780891 0.0052863616 0.0058273226
1245.0577861411807 0.0014138218 0.0014833868
1245.1109432616147 0.0041371775 0.004473579
1245.1641000393981 0.0029940659 5.451613e-06
1245.2172564745376 0.0015137 0.0016002804
1245.2704125670398 -3.4791392e-05 6.883607e-06
1245.3235683169107 0.0027662755 0.0029179642
1245.3767237241577 0.0028810345 0.0030645207
1245.4298787887872 0.0014925816 0.0015604716
1245.4830335108059 0.0047253165 0.0017101039
1245.5361878902202 0.004370771 0.0015248308
1245.589341927037 0.003567157 0.003818289
1245.6424956212625 0.0047435304 0.0016985775
1245.6956489729037 0.001392545 0.001446764
1245.748801981967 0.00047714505 0.00050138275
1245.8019546484595 0.0029786972 5.7998208e-05
1245.8551069723871 0.0013156083 0.0013920801
1245.908258953757 0.0029089325 2.0971172e-05
1245.9614105925757 0.0044395435 0.0015779444
1246.0145618888496 0.0014627272 0.0015519045
1246.067712842585 0.0027914832 0.0029427882
1246.1208634537895 0.0075927833 0.0014454238
1246.174013722469 0.0071351808 0.0013678746
1246.2271636486305 0.010368793 0.001393443
1246.2803132322804 -3.0213208e-05 2.1608977e-05
1246.3334624734252 0.0057377233 0.0029325173
1246.386611372072 0.005832713 0.0030709417
1246.4397599282265 0.004399331 0.0015961453
1246.4929081418966 0.0058969194 0.00013588938
1246.546056013088 0.0072516305 0.0014586445
1246.5992035418074 0.0015118258 0.0015566096
1246.6523507280615 0.0015129898 0.0015567283
1246.7054975718577 0.0030205518 1.7312115e-06
1246.7586440732011 0.005943055 1.2501141e-05
1246.8117902320996 -2.9696273e-05 3.0253113e-05
1246.8649360485595 0.0044194153 0.0013288705
1246.9180815225868 0.0014169852 0.0015136015
1246.971226654189 0.0015050385 0.001609545
1247.024371443372 0.0013822182 0.0014778462
1247.0775158901433 0.0044479948 0.0015224147
1247.1306599945083 0.0027469061 0.002866692
1247.1838037564746 0.0076753534 0.0019176148
1247.2369471760485 0.0043053 0.0013783178
1247.2900902532367 0.0014475604 0.0014735153
1247.3432329880454 0.007506648 0.0014616526
1247.396375380482 0.0029208816 0.00012458608
1247.4495174305523 0.0029843186 8.822524e-06
1247.5026591382634 0.0013891909 0.0014066073
1247.555800503622 0.0044834176 0.001405505
1247.6089415266342 0.0013946815 0.0014107112
1247.662082207307 0.0072254846 0.0043610274
1247.715222545647 0.0030367372 1.6187169e-05
1247.768362541661 0.002807556 0.0029213997
1247.821502195355 0.004316465 0.0014966973
1247.8746415067362 0.0045985267 0.0016751265
1247.927780475811 0.0057980265 6.383788e-05
1247.9809191025859 0.0044510914 0.0015620518
1248.034057387068 0.0013541562 0.0014661599
1248.0871953292633 0.0014662036 0.0015881364
1248.1403329291786 0.0013695131 0.0014850267
1248.1934701868208 0.003121316 0.00021087189
1248.246607102196 0.0029171559 0.00017675833
1248.299743675311 0.0014289749 0.0015525713
1248.352879906173 0.007037984 0.0013840195
1248.406015794788 0.005903022 6.0833503e-05
1248.4591513411629 0.0014153289 0.00154152
1248.5122865453038 0.0027599798 0.0029740436
1248.5654214072179 0.0044683614 0.0017061827
1248.6185559269115 0.0044131256 0.0014202985
1248.6716901043912 0.007708755 0.0017044418
1248.724823939664 0.004436253 0.0015447226
1248.7779574327358 0.0029504315 0.0030986755
1248.8310905836142 0.0046896213 0.0016372302
1248.8842233923049 0.0029864816 1.1876647e-08
1248.937355858815 -0.0016188091 0.0044929525
1248.9904879831508 0.0071768244 0.0012328277
1249.0436197653191 0.00284518 0.0029817622
1249.0967512053267 -6.952e-05 0.0
