eg_uma/half_spectra/oehub3010_59330.8281786274.ecsv
# %ECSV 1.0
# ---
# datatype:
# - {name: WAVELENGTH, datatype: float64}
# - {name: FLUX, datatype: float32}
# - {name: ERROR, datatype: float32}
# schema: astropy-2.0
WAVELENGTH FLUX ERROR
[from data line 347]
1213.1032557378198 -0.00014349747 4.02954e-05
1213.1566109559471 -0.00017467792 2.4424244e-05
1213.209965827195 0.001404045 0.0015125942
1213.2633203515704 0.0013094593 0.0014411579
1213.3166745290798 -0.00017473122 2.220161e-05
1213.3700283597304 -0.000108552005 8.28073e-06
1213.4233818435287 0.0013385968 0.00153372
1213.4767349804815 0.0024842646 4.600387e-05
1213.5300877705956 -0.000109425724 8.819862e-06
1213.5834402138776 0.001313419 0.0014474043
1213.6367923103348 0.0012978734 0.0014419386
1213.6901440599731 0.0013115525 0.0014830492
1213.7434954628 0.0013801195 0.0014927083
1213.796846518822 -0.00010663836 1.01353135e-05
1213.8501972280458 0.0013894005 0.0015357302
1213.9035475904782 0.0087274825 4.192912e-05
1213.956897606126 0.0027462258 2.147443e-05
1214.010247274996 -0.00010846572 9.883411e-06
1214.0635965970948 0.0012486943 0.0014118953
1214.1169455724296 0.0012675122 0.0014446275
1214.1702942010065 0.004279703 0.001566848
1214.2236424828327 0.00440968 0.0015025358
1214.2769904179147 0.0026198255 0.002897542
1214.3303380062594 0.0025198872 0.0027198226
1214.3836852478737 0.004209253 0.0016383324
1214.4370321427646 0.0013576744 0.0014930567
1214.490378690938 0.0012974911 0.0014370331
1214.5437248924015 0.0075296056 0.0016599545
1214.5970707471613 0.0067864484 0.0013396506
1214.6504162552246 0.00563722 0.0027559188
1214.7037614165977 0.010018018 0.003861276
1214.7571062312877 0.0029676955 0.0001193429
1214.8104506993013 0.0027609589 0.0030647393
1214.8637948206451 0.0086297225 5.316025e-05
1214.917138595326 0.006920012 0.004502922
1214.9704820233508 0.0027934492 0.0031218573
1215.0238251047263 0.010737662 0.008970835
1215.0771678394588 0.008875651 0.0031450784
1215.1305102275555 0.007522812 0.0016982227
1215.1838522690234 0.011912002 0.0029167128
1215.2371939638685 0.007223998 0.0012614052
1215.2905353120984 0.019174255 0.004137509
1215.3438763137194 0.008848695 0.0027090518
1215.3972169687381 0.022681316 0.0034058162
1215.4505572771616 0.01491412 0.00044176058
1215.5038972389962 0.013605307 0.012407919
1215.5572368542491 0.014602268 0.003171397
1215.6105761229271 0.00023773276 0.013683214
1215.6639150450367 -0.0015171783 0.009576232
1215.7172536205846 0.014095344 0.004894645
1215.7705918495776 0.017387332 0.0002507657
1215.8239297320226 0.034118894 0.0019731685
1215.8772672679265 0.041080493 0.007814432
1215.9306044572959 0.08864578 0.0045775124
1215.9839413001375 0.103563815 0.010890821
1216.0372777964576 0.13037741 0.002259828
1216.090613946264 0.15458025 0.018473662
1216.1439497495626 0.14507598 0.0060064066
1216.1972852063602 0.106008075 0.0055997497
1216.2506203166638 0.12827568 0.0036341997
1216.3039550804806 0.07227747 0.00720535
1216.3572894978163 0.08397678 0.00965988
1216.4106235686786 0.06282915 0.0060335
1216.463957293074 0.05041224 0.0050567775
1216.5172906710088 0.047188662 0.014765082
1216.5706237024901 0.052568287 0.008611673
1216.6239563875247 0.03799335 0.0024135527
1216.6772887261193 0.022827107 0.013362945
1216.7306207182805 0.026528392 0.0034656108
1216.7839523640155 0.023173925 6.1542276e-05
1216.8372836633307 0.008990498 0.003085721
1216.8906146162326 0.012853693 0.0012210638
1216.9439452227286 0.011454872 0.003152395
1216.9972754828248 0.016783519 0.0013095848
1217.0506053965285 0.009970798 0.011710572
1217.103934963846 0.0128844 0.0013414363
1217.1572641847843 0.009692104 0.0021487623
1217.21059305935 0.005642345 0.00013945605
1217.26392158755 0.0077909767 0.009007544
1217.317249769391 0.0043115634 0.0014788813
1217.3705776048798 0.002981103 0.00012864631
1217.423905094023 -0.000100741185 1.4613804e-05
1217.4772322368274 0.0040698275 0.0013945919
1217.5305590333 0.001337595 0.001498038
1217.583885483447 0.004559891 0.0014686331
1217.6372115872755 -0.0001545529 6.8569956e-05
1217.6905373447926 -0.0003707096 3.5989582e-05
1217.743862756004 0.004523411 0.0015809197
1217.7971878209178 -9.921527e-05 1.5085586e-05
1217.8505125395397 0.0029798117 2.4461564e-05
1217.903836911877 0.0013617966 0.001510234
1217.9571609379361 0.0029859336 1.3990497e-05
1218.0104846177242 0.0027474044 2.8544626e-05
1218.0638079512473 0.004005232 0.0010054962
1218.117130938513 0.0015814455 0.002409235
1218.1704535795272 -0.000170296 8.112452e-05
1218.2237758742974 -0.00036992892 4.831466e-05
1218.27709782283 0.0012981053 0.0015848036
1218.3304194251316 -0.0001846838 1.7227174e-05
1218.3837406812092 0.0014602946 0.001600097
1218.4370615910698 0.003850172 0.0042629098
1218.4903821547193 0.0043783104 0.001616996
1218.5437023721652 -9.7716074e-05 1.50631995e-05
1218.5970222434141 0.0013347862 0.0014361738
1218.6503417684723 0.00133774 0.0014644449
1218.703660947347 0.0013520941 0.001432498
1218.756979780045 0.0039717304 0.004202526
1218.8102982665728 0.00025895526 0.0003397743
1218.8636164069371 0.0013838507 0.0014882282
1218.9169342011448 0.0014693298 0.0016466291
1218.9702516492025 0.0026879506 0.0028346758
1219.0235687511174 0.0027086718 4.6742774e-05
1219.0768855068952 -9.827279e-05 1.4859335e-05
1219.130201916544 0.0012897686 0.0014447985
1219.1835179800694 -9.798762e-05 1.547506e-05
1219.2368336974787 -9.85056e-05 1.6375205e-05
1219.2901490687786 -9.8299315e-05 1.489876e-05
1219.3434640939759 0.0004500629 0.0005395901
1219.3967787730771 -9.680524e-05 1.6134682e-05
1219.450093106089 0.0029731998 9.48004e-05
1219.5034070930183 -9.6828706e-05 1.6512437e-05
1219.556720733872 0.0014186406 0.0015324651
1219.6100340286569 -9.577686e-05 1.6067614e-05
1219.6633469773792 -9.7006996e-05 1.5538157e-05
1219.7166595800456 0.0029642952 0.00014593551
1219.769971836664 -9.796507e-05 1.5430955e-05
1219.8232837472399 0.0027272748 0.0030044222
1219.8765953117804 -9.832202e-05 1.6308002e-05
1219.9299065302923 0.0014907883 0.0017101619
1219.9832174027827 -9.4175884e-05 1.6899305e-05
1220.0365279292575 0.0014248756 0.0015952376
1220.0898381097243 -9.630129e-05 1.5386051e-05
1220.1431479441892 -9.508758e-05 1.7570603e-05
1220.1964574326596 -9.605915e-05 1.5920863e-05
1220.2497665751416 -9.806584e-05 1.5798247e-05
1220.3030753716419 -9.4859795e-05 1.7420534e-05
1220.3563838221678 0.004252039 0.0015142539
1220.4096919267258 0.002502015 0.0026795594
1220.4629996853223 -9.65082e-05 1.6188116e-05
1220.5163070979645 0.0013893709 0.0015525384
1220.5696141646588 0.002755251 1.1678637e-05
1220.6229208854124 0.002302205 0.002482927
1220.6762272602311 -9.787727e-05 1.6210412e-05
1220.7295332891229 0.0026238493 0.0029223047
1220.7828389720935 0.001390758 0.001546123
1220.8361443091503 0.0013385882 0.0014552003
1220.8894493002997 0.0013666921 0.0014913916
1220.9427539455482 0.0013428323 0.0014452216
1220.996058244903 -9.670569e-05 1.5309446e-05
1221.0493621983708 -9.560937e-05 1.6943914e-05
1221.102665805958 0.0026846805 4.477952e-06
1221.1559690676715 -9.630876e-05 1.6829998e-05
1221.2092719835182 -9.356034e-05 1.6726051e-05
1221.2625745535045 -9.5912066e-05 1.6436816e-05
1221.3158767776374 0.0013268845 0.0014626726
1221.3691786559236 -9.528128e-05 1.6588028e-05
1221.42248018837 -9.348007e-05 1.7168748e-05
1221.475781374983 0.0013991197 0.001525803
1221.5290822157692 -9.312381e-05 1.6838274e-05
1221.5823827107356 -9.624716e-05 1.6412976e-05
1221.6356828598891 -9.332221e-05 1.6751297e-05
1221.6889826632362 0.004436267 0.0015196971
1221.7422821207836 -9.226298e-05 1.5929334e-05
1221.7955812325383 -9.455089e-05 1.7800965e-05
1221.8488799985064 0.0012934153 0.0013896512
1221.9021784186955 0.0020155655 0.0009693696
1221.9554764931115 0.0014370952 0.0015333008
1222.008774221762 0.0028424105 0.0031743736
1222.0620716046528 -9.109176e-05 1.7143868e-05
1222.1153686417913 -9.5957e-05 1.6495034e-05
1222.1686653331842 0.0013785596 0.0014933863
1222.2219616788375 0.0028211502 0.003075227
1222.2752576787589 -9.330278e-05 1.7603823e-05
1222.3285533329547 0.0013358655 0.0014003885
1222.3818486414314 0.0013520663 0.0014850765
1222.4351436041961 -9.3259456e-05 1.6503622e-05
1222.4884382212551 -9.227447e-05 1.6346463e-05
1222.5417324926157 -0.00019500215 0.00012393526
1222.595026418284 -0.00029487 8.611872e-05
1222.6483199982674 -9.0566515e-05 1.7798771e-05
1222.701613232572 0.0012435734 0.0013219421
1222.754906121205 0.0014325087 0.0015837209
1222.8081986641732 -9.027797e-05 1.7158864e-05
1222.861490861483 -9.277386e-05 1.6567485e-05
1222.9147827131408 -9.0221816e-05 1.6845423e-05
1222.968074219154 0.0013774399 0.0014712696
1223.0213653795288 -8.9827954e-05 1.6915677e-05
1223.0746561942724 0.0013422173 0.0014430035
1223.127946663391 0.0029268127 3.3374683e-05
1223.1812367868918 0.0013368783 0.0014314058
1223.2345265647814 -9.062632e-05 1.6482163e-05
1223.2878159970662 -9.106708e-05 1.6150016e-05
1223.3411050837537 0.0014464102 0.0015437972
1223.3943938248497 -9.146099e-05 1.6288092e-05
1223.4476822203615 -9.075914e-05 1.646807e-05
1223.5009702702955 0.0015276023 0.0016745068
1223.5542579746584 0.001202208 0.0017020189
1223.6075453334577 -0.0004936094 0.00022035422
1223.660832346699 -9.1331414e-05 1.6551772e-05
1223.7141190143898 -9.034771e-05 1.5508393e-05
1223.7674053365365 -8.9429006e-05 1.8474351e-05
1223.820691313146 -9.137694e-05 1.5381273e-05
1223.8739769442245 -9.030639e-05 1.6888245e-05
1223.9272622297797 0.0028738603 0.0030635018
1223.9805471698176 0.0013527082 0.0015600846
1224.033831764345 0.0013869888 0.0014966538
1224.0871160133688 -9.172196e-05 1.7151544e-05
1224.1403999168951 0.0012625195 0.0014350293
1224.1936834749317 -8.8193236e-05 1.7332632e-05
1224.2469666874845 0.0012802922 0.0014439769
1224.3002495545607 -8.9179935e-05 1.613237e-05
1224.3535320761669 0.0013058953 0.0014019314
1224.4068142523095 -9.1522685e-05 1.548383e-05
1224.4600960829955 -8.937534e-05 1.6891503e-05
1224.5133775682311 0.0013193154 0.0014565146
1224.566658708024 -9.0896574e-05 1.6488011e-05
1224.6199395023805 0.002716381 0.0029665038
1224.673219951307 0.0012850922 0.0014389374
1224.7265000548105 0.002669117 0.002900377
1224.7797798128975 -8.9812886e-05 1.6124088e-05
1224.833059225575 0.0013487441 0.0014668936
1224.8863382928496 -8.7934786e-05 1.682388e-05
1224.939617014728 0.002815245 0.002989223
1224.9928953912167 -0.00013438636 6.2807456e-05
1225.046173422323 0.0012093568 0.0013756854
1225.0994511080532 -8.8135945e-05 1.6719452e-05
1225.1527284484137 -8.668447e-05 1.5255843e-05
1225.2060054434119 0.00136825 0.0015145922
1225.2592820930543 -8.659622e-05 1.5585794e-05
1225.3125583973472 0.0013170422 0.0014477633
1225.3658343562977 -8.514968e-05 1.635815e-05
1225.4191099699128 -8.811704e-05 1.5553682e-05
1225.4723852381985 -8.528349e-05 1.6788415e-05
1225.525660161162 -8.902957e-05 1.5341604e-05
1225.57893473881 -8.372831e-05 1.7437002e-05
1225.632208971149 -8.804688e-05 1.5992142e-05
1225.6854828581859 -8.674869e-05 1.6622516e-05
1225.7387563999275 -8.707795e-05 1.5482825e-05
1225.79202959638 -8.603629e-05 1.5451604e-05
1225.8453024475507 -8.438108e-05 1.6691762e-05
1225.8985749534459 -8.4663705e-05 1.580426e-05
1225.9518471140727 -8.476788e-05 1.640792e-05
1226.0051189294377 0.0013464567 0.0014786946
1226.058390399547 -8.6438384e-05 1.628068e-05
1226.1116615244084 0.0014050145 0.0014858333
1226.164932304028 0.0013711738 0.0015044737
1226.2182027384124 0.0042941887 0.0015472841
1226.2714728275685 -8.503037e-05 1.6121083e-05
1226.3247425715028 0.0013216207 0.0014678572
1226.3780119702224 0.0013293824 0.0014825484
1226.4312810237338 -8.428291e-05 1.6177622e-05
1226.4845497320434 -8.808837e-05 1.5890168e-05
1226.5378180951589 -8.609844e-05 1.5637645e-05
1226.5910861130858 -8.598635e-05 1.5744454e-05
1226.6443537858315 0.00010228922 0.00017220867
1226.6976211134026 -8.528002e-05 1.571187e-05
1226.7508880958057 -8.468746e-05 1.6179094e-05
1226.8041547330477 0.004392124 0.0014330724
1226.8574210251352 0.0013448867 0.0014309532
1226.9106869720747 -8.527985e-05 1.4628013e-05
1226.9639525738733 0.0013650185 0.0014561939
1227.0172178305374 0.0013449044 0.0014816535
1227.0704827420739 0.001300506 0.00142204
1227.1237473084893 -8.5717744e-05 1.5776814e-05
1227.177011529791 -8.444576e-05 1.4473445e-05
1227.2302754059845 -8.175711e-05 1.5539163e-05
1227.2835389370773 -8.2449165e-05 1.5682204e-05
1227.336802123076 -8.262136e-05 1.4469667e-05
1227.3900649639872 -8.130553e-05 1.6269e-05
1227.4433274598177 0.001333527 0.001462082
1227.4965896105743 -8.484344e-05 1.5588199e-05
1227.5498514162637 -8.168882e-05 1.574442e-05
1227.6031128768925 0.0013094831 0.0015085043
1227.6563739924675 -8.130313e-05 1.5556658e-05
1227.709634762995 -8.287074e-05 1.543304e-05
1227.762895188482 -8.015742e-05 1.5458647e-05
1227.8161552689355 0.0042659137 0.0016445842
1227.8694150043616 -8.484898e-05 1.4454174e-05
1227.9226743947677 -8.162943e-05 1.4746692e-05
1227.9759334401601 0.0013331404 0.0014318391
1228.029192140545 -8.146505e-05 1.52168295e-05
1228.0824504959303 -8.11408e-05 1.5043845e-05
1228.1357085063219 -7.937251e-05 1.5405185e-05
1228.1889661717266 0.002763658 0.0030138844
1228.2422234921514 0.0027990576 5.0453593e-05
1228.2954804676024 -8.149428e-05 1.49153775e-05
1228.3487370980868 0.0013715031 0.0015061805
1228.4019933836114 0.0014503212 0.0015152107
1228.4552493241824 -8.013862e-05 1.5737023e-05
1228.508504919807 0.0015922167 0.0012571376
1228.5617601704914 -8.163499e-05 1.3429104e-05
1228.6150150762428 0.0013504113 0.0014794563
1228.6682696370676 -8.0663165e-05 1.4423323e-05
1228.7215238529725 0.002993402 5.6902925e-05
1228.7747777239645 0.0013454276 0.001478991
1228.82803125005 -8.175429e-05 1.4549499e-05
1228.8812844312358 -7.9791826e-05 1.4606214e-05
1228.9345372675289 0.0013866987 0.0015260646
1228.9877897589352 -7.890114e-05 1.4776144e-05
1229.0410419054622 0.0013941923 0.0015030795
1229.0942937071163 -8.028135e-05 1.4931978e-05
1229.1475451639042 0.003021921 5.1795232e-05
1229.2007962758323 -7.880621e-05 1.5173091e-05
1229.2540470429078 -8.115249e-05 1.4007278e-05
1229.3072974651373 0.0026774297 0.002835965
1229.3605475425272 -8.116393e-05 1.5051294e-05
1229.4137972750848 -8.083809e-05 1.3107011e-05
1229.467046662816 -7.910993e-05 1.4982815e-05
1229.5202957057281 -8.0068676e-05 1.3903441e-05
1229.5735444038276 0.0043628034 0.001462361
1229.626792757121 0.0013186564 0.0014530425
1229.6800407656153 -8.0499e-05 1.3404881e-05
1229.733288429317 0.0013824935 0.0014939572
1229.7865357482333 -8.0977115e-05 1.3721908e-05
1229.83978272237 -7.790881e-05 1.344036e-05
1229.8930293517344 -7.868902e-05 1.4510874e-05
1229.9462756363334 -7.8045705e-05 1.442934e-05
1229.9995215761728 0.002741442 3.15199e-05
1230.0527671712605 0.0028217896 0.0030268747
1230.1060124216021 -7.9715224e-05 1.390655e-05
1230.159257327205 0.0026921693 0.0029202274
1230.2125018880756 -0.00067437935 6.0583345e-05
1230.2657461042206 0.0013113004 0.0015292565
1230.318989975647 0.0014119071 0.0015009417
1230.372233502361 0.0012522368 0.0013660153
1230.4254766843696 0.0014121057 0.0015353755
1230.4787195216795 0.0007480625 0.00081542024
1230.531962014297 -7.773681e-05 1.2648303e-05
1230.5852041622297 0.0028661254 6.188596e-05
1230.6384459654835 -7.858482e-05 1.2620226e-05
1230.691687424065 0.0026412713 0.0028866301
1230.7449285379817 -7.860522e-05 1.3678332e-05
1230.7981693072397 -7.650612e-05 1.1608034e-05
1230.8514097318455 -7.447791e-05 1.4616356e-05
1230.9046498118064 0.0013888471 0.0015074007
1230.9578895471286 -7.494024e-05 1.1780282e-05
1231.011128937819 0.0013343577 0.0014784503
1231.0643679838843 0.0013764418 0.0015545598
1231.1176066853313 -7.577464e-05 1.3387859e-05
1231.1708450421663 -7.463802e-05 1.4368048e-05
1231.2240830543963 -7.769953e-05 1.1178806e-05
1231.277320722028 0.0027700826 6.55797e-05
1231.330558045068 -7.5182e-05 1.3015237e-05
1231.383795023523 -7.52701e-05 1.29150685e-05
1231.4370316574 0.0013020884 0.0014461889
1231.490267946705 -7.852746e-05 1.1696238e-05
1231.5435038914454 -7.486687e-05 1.2921343e-05
1231.5967394916274 -7.510423e-05 1.2561041e-05
1231.6499747472578 0.0013875102 0.0015006963
1231.7032096583434 -7.385048e-05 1.3120837e-05
1231.756444224891 0.0026518772 0.002861529
1231.8096784469071 0.0013995449 0.0015467055
