eg_uma/half_spectra/oehub3010_59330.8281786274.ecsv
# %ECSV 1.0
# ---
# datatype:
# - {name: WAVELENGTH, datatype: float64}
# - {name: FLUX, datatype: float32}
# - {name: ERROR, datatype: float32}
# schema: astropy-2.0
WAVELENGTH FLUX ERROR
1194.5680035130058 0.0028563268 0.002980251
1194.621479508287 0.004080333 0.0011152
1194.674955154328 1.2078309e-06 1.483204e-07
1194.7284304511354 3.2049334e-06 2.9357525e-06
1194.7819053987166 -3.7089835e-06 1.2456704e-06
1194.8353799970778 0.0010625116 0.001097895
1194.8888542462262 0.0026273408 0.0030517913
1194.9423281461686 0.0015009092 0.0015587915
1194.9958016969113 0.0014412435 0.0014551763
1195.0492748984623 0.0015379882 0.0015743205
1195.1027477508273 -0.00015340192 9.258979e-05
1195.156220254014 -0.00015541301 9.152993e-05
1195.2096924080286 -0.0001561167 9.0981615e-05
1195.2631642128783 -0.00015378885 9.178474e-05
1195.3166356685697 -0.0001545514 8.979593e-05
1195.37010677511 -0.0001545134 9.0341135e-05
1195.4235775325055 -0.00015493484 8.899213e-05
1195.4770479407637 0.0012806188 0.0015716066
1195.5305179998907 -0.00015359349 8.862031e-05
1195.5839877098938 0.00029920755 0.00054098363
1195.6374570707799 -0.00015348059 8.7181346e-05
1195.690926082556 -0.00015329322 8.667101e-05
1195.7443947452282 -0.00015290984 8.628588e-05
1195.797863058804 0.00136577 0.0016543199
1195.8513310232897 0.0012549579 0.0013551185
1195.9047986386927 0.0012555139 0.0013701074
1195.9582659050195 0.0012512632 0.0013470287
1196.0117328222775 0.0013552218 0.0016580906
1196.0651993904726 -0.00015229547 8.289227e-05
1196.118665609612 -0.00014942922 8.337806e-05
1196.1721314797028 -0.0001535217 8.18667e-05
1196.2255970007518 0.00084740785 0.001086915
1196.2790621727654 -0.00015251816 8.0661106e-05
1196.332526995751 -0.00015035608 8.134127e-05
1196.3859914697155 0.0029706461 3.6501486e-05
1196.4394555946649 -0.0001510581 7.938347e-05
1196.4929193706066 -0.0001483534 8.0244055e-05
1196.5463827975475 -0.00015039445 7.780778e-05
1196.599845875494 -0.00015052514 7.890503e-05
1196.6533086044542 0.001286897 0.0015406216
1196.7067709844332 -0.0001524569 7.666259e-05
1196.7602330154386 -0.00015094374 7.709635e-05
1196.8136946974776 0.0013308014 0.0015792695
1196.8671560305565 -0.00014910853 7.6029086e-05
1196.9206170146824 -0.00014841389 7.597356e-05
1196.9740776498622 -0.00014913132 7.457549e-05
1197.0275379361021 -0.00015062667 7.364086e-05
1197.0809978734098 -0.00014806574 7.489878e-05
1197.1344574617917 -0.00015121844 7.3077754e-05
1197.1879167012548 0.0026061055 0.0028827074
1197.2413755918055 -0.00014970168 7.225904e-05
1197.2948341334513 -0.00014738285 7.2328665e-05
1197.3482923261986 0.0013626193 0.001603201
1197.4017501700541 0.0013175975 0.0014098904
1197.455207665025 -0.00014844081 7.1394934e-05
1197.508664811118 -0.0001447238 7.019285e-05
1197.56212160834 0.001279095 0.001395545
1197.6155780566976 -0.00014552707 6.9255875e-05
1197.6690341561978 -0.00014562107 6.9950795e-05
1197.7224899068474 -0.0001455215 6.79734e-05
1197.7759453086533 0.0012949955 0.0014133486
1197.829400361622 -0.00014326132 6.8149675e-05
1197.8828550657606 -0.00014554248 6.730278e-05
1197.9363094210762 0.001317464 0.0014110786
1197.989763427575 -0.00014653821 6.645202e-05
1198.0432170852646 -0.00014614037 6.536682e-05
1198.096670394151 -0.00014698689 6.570954e-05
1198.1501233542417 -0.00014335249 6.627114e-05
1198.203575965543 0.001191864 0.0014318827
1198.2570282280622 0.0004090624 0.0008486843
1198.310480141806 -0.00014158049 6.468483e-05
1198.3639317067807 0.0012755789 0.00159931
1198.417382922994 -0.00014106861 6.435243e-05
1198.4708337904522 0.0029723994 3.9760027e-05
1198.524284309162 0.0012454783 0.001519074
1198.5777344791306 -0.00014185268 6.33985e-05
1198.6311843003646 0.00047753495 0.00070313475
1198.684633772871 -0.00014402586 6.158025e-05
1198.7380828966564 -0.00014160437 6.020041e-05
1198.7915316717279 -0.0001440113 5.9320966e-05
1198.8449800980918 -0.00014337036 6.019649e-05
1198.8984281757557 -0.00014297328 5.925353e-05
1198.951875904726 -0.00014037667 5.9001533e-05
1199.0053232850094 -0.00014359117 5.8096677e-05
1199.0587703166132 0.0028646975 2.015553e-05
1199.1122169995435 0.0013460695 0.0014602412
1199.1656633338075 -0.00014243151 5.726398e-05
1199.2191093194122 -0.00014230864 5.653546e-05
1199.272554956364 -0.00014100695 5.6262637e-05
1199.3260002446705 -0.0001410233 5.57763e-05
1199.3794451843378 0.00140433 0.0016442622
1199.4328897753728 0.0012844172 0.0014044886
1199.4863340177824 -0.00014125259 5.4041695e-05
1199.5397779115738 0.0014070593 0.0015942035
1199.5932214567533 -0.00014169293 5.3661643e-05
1199.6466646533281 -0.00013974226 5.3457134e-05
1199.7001075013045 -0.00014224161 5.1946845e-05
1199.7535500006898 0.001370755 0.0015148765
1199.8069921514907 -0.00014112913 5.2478077e-05
1199.8604339537142 0.0012801641 0.0013991158
1199.9138754073665 -0.00014022079 5.1581184e-05
1199.9673165124552 0.0013253965 0.0015517666
1200.0207572689867 -0.0001404561 5.0711576e-05
1200.074197676968 -0.00013792052 5.080649e-05
1200.1276377364056 0.0012732925 0.0015175887
1200.1810774473065 0.0012773563 0.0015500169
1200.2345168096776 -0.00013918782 5.0262533e-05
1200.287955823526 0.002660556 0.0029825382
1200.341394488858 0.0014307908 0.001556923
1200.3948328056802 -0.00013568351 4.8701495e-05
1200.4482707740003 0.0011769186 0.0014956959
1200.5017083938244 -0.00018417987 6.0553582e-05
1200.5551456651597 -0.00013840754 4.7542366e-05
1200.6085825880127 0.0025920398 0.0029457894
1200.6620191623904 0.0014258253 0.0015675651
1200.7154553883 -0.00013708785 4.541284e-05
1200.7688912657475 -0.00013940349 4.5367702e-05
1200.8223267947403 0.0013111 0.0015049012
1200.875761975285 0.0013879316 0.0016039638
1200.9291968073887 0.0028724058 0.00011625611
1200.9826312910577 0.0013252056 0.0014607859
1201.0360654262993 0.0012356791 0.0014730348
1201.08949921312 -0.00013757612 4.35831e-05
1201.1429326515267 -0.00013561471 4.2936263e-05
1201.1963657415265 -0.0001362266 4.2340118e-05
1201.249798483126 -0.00013383439 4.3018954e-05
1201.3032308763318 -0.00013740693 4.1352658e-05
1201.356662921151 -0.00013499397 4.1834457e-05
1201.4100946175902 0.0013187604 0.0015513182
1201.4635259656566 -0.00013528703 4.0588617e-05
1201.5169569653563 -0.00013309535 4.1819312e-05
1201.5703876166967 -0.00013694027 3.8279046e-05
1201.6238179196846 -0.00013471048 4.0960877e-05
1201.677247874327 -0.00013445188 3.859931e-05
1201.7306774806298 0.0014126251 0.0015481225
1201.7841067386007 -0.00013466796 3.938636e-05
1201.837535648246 -0.00026889125 8.909537e-06
1201.890964209573 0.0013236536 0.0014994392
1201.9443924225884 -0.000132482 3.8267903e-05
1201.9978202872985 -0.00013426697 3.690126e-05
1202.0512478037108 -0.00013374137 3.6719666e-05
1202.1046749718316 -0.00013495868 3.706206e-05
1202.158101791668 -0.00013454258 3.5153113e-05
1202.2115282632265 -0.00013287173 3.7678194e-05
1202.264954386514 -0.00013286671 3.534285e-05
1202.3183801615378 0.0013577124 0.0015879831
1202.3718055883041 0.0028392074 7.3574396e-05
1202.4252306668204 0.0012928778 0.0015470778
1202.4786553970926 0.0013354366 0.0015014968
1202.532079779128 -0.0001328262 3.4090794e-05
1202.5855038129334 0.001336347 0.0015454481
1202.6389274985158 -0.00013430945 3.3379645e-05
1202.6923508358818 -0.00013158582 3.283087e-05
1202.745773825038 0.0013135918 0.0014420536
1202.7991964659916 -0.00013232385 3.255082e-05
1202.852618758749 0.0013007411 0.001440013
1202.9060407033176 -0.00013006238 3.1632466e-05
1202.9594622997035 -0.00013161614 3.1494958e-05
1203.0128835479138 -0.00013261229 3.0849395e-05
1203.0663044479556 -0.00013152983 3.1328902e-05
1203.1197249998356 -0.00013151 2.9815279e-05
1203.1731452035601 -0.00013108837 3.09138e-05
1203.2265650591364 0.0012642973 0.0014760611
1203.279984566571 0.0013074889 0.0014271463
1203.3334037258712 0.002771226 1.6036078e-05
1203.3868225370434 0.0012310549 0.0014179351
1203.4402410000946 -0.0001309794 2.8554829e-05
1203.4936591150315 -0.00012723911 2.941886e-05
1203.5470768818607 -0.00013120333 2.6418718e-05
1203.6004943005894 -0.00012949106 2.7882008e-05
1203.653911371224 -0.00012916209 2.8198647e-05
1203.7073280937718 -0.00012760055 2.7485597e-05
1203.7607444682394 -0.00013089748 2.700598e-05
1203.8141604946334 -0.00012701158 2.6076326e-05
1203.8675761729608 -0.0001310077 2.5751522e-05
1203.920991503228 -0.00012838893 2.670476e-05
1203.9744064854426 -0.00013111415 2.5430187e-05
1204.0278211196107 -0.0001270071 2.615235e-05
1204.0812354057396 -0.0001303873 2.482883e-05
1204.1346493438357 -0.00016291483 1.1028231e-05
1204.188062933906 -0.0002034102 6.3294814e-05
1204.2414761759571 -0.00012751255 2.3311752e-05
1204.2948890699963 0.0013465285 0.0015137965
1204.3483016160299 -0.00012705012 2.3195058e-05
1204.4017138140648 -0.00012916274 2.3079561e-05
1204.4551256641082 -0.00012705612 2.3861754e-05
1204.5085371661662 0.0027294848 0.0029488653
1204.561948320246 0.0013467433 0.0014680667
1204.6153591263546 -0.00012707851 2.2774193e-05
1204.6687695844985 0.0013130298 0.0014673664
1204.7221796946844 0.0013185216 0.0015357017
1204.7755894569195 -0.0001256234 2.2392758e-05
1204.8289988712104 0.001458242 0.0015938453
1204.8824079375638 0.0026830994 0.0029942524
1204.9358166559864 -0.00015496058 4.5424054e-05
1204.9892250264857 0.0012483144 0.001350818
1205.0426330490677 -0.00012727526 2.061765e-05
1205.0960407237392 -0.00012402482 1.9715797e-05
1205.1494480505078 -0.00012415045 2.0566134e-05
1205.2028550293794 -0.00012665163 1.7396571e-05
1205.2562616603614 0.0011872065 0.0015048
1205.30966794346 -0.00012503206 1.8423247e-05
1205.3630738786828 -0.0005048871 2.299888e-05
1205.416479466036 0.0013257078 0.001532605
1205.4698847055267 -0.00012333422 1.6942278e-05
1205.5232895971615 -0.00012570097 1.821064e-05
1205.576694140947 -0.00012302956 1.7909053e-05
1205.6300983368906 0.0013599425 0.001569329
1205.6835021849988 -0.0001238714 1.7583785e-05
1205.736905685278 0.0013795927 0.0015144064
1205.7903088377357 -0.00012418299 1.6334367e-05
1205.8437116423781 0.002736944 0.0030512547
1205.8971140992126 0.0012706249 0.0014485676
1205.9505162082453 -0.00012433017 1.571733e-05
1206.0039179694834 0.0011978631 0.0013568321
1206.0573193829337 -0.00012431348 1.3942773e-05
1206.110720448603 -0.0001241647 1.6001593e-05
1206.164121166498 0.0043242844 0.0013093788
1206.217521536625 0.001288788 0.0014676448
1206.2709215589919 -0.00026324484 7.8746634e-05
1206.3243212336047 0.0013077902 0.0014912542
1206.3777205604704 0.0012881873 0.0014387333
1206.431119539596 -0.000123437 1.4042668e-05
1206.4845181709877 -0.00012238322 1.3648135e-05
1206.5379164546532 0.001275726 0.0014739892
1206.5913143905982 0.004069716 0.004471382
1206.6447119788302 0.0013622955 0.0015194668
1206.6981092193562 0.0013672743 0.0015518673
1206.7515061121824 0.0057936516 0.002881553
1206.8049026573158 0.0012334905 0.0014257991
1206.8582988547635 0.0027355293 0.0030077838
1206.9116947045316 0.002237959 0.0024512375
1206.9650902066276 0.0012988574 0.0015239437
1207.0184853610579 -0.00012177614 1.1208146e-05
1207.0718801678295 0.0014061595 0.001557838
1207.1252746269488 -0.000119885 1.1138583e-05
1207.1786687384233 0.00076610444 0.0009201962
1207.2320625022592 -0.000118212985 1.0623324e-05
1207.2854559184632 0.001267699 0.0014745415
1207.3388489870426 0.0013816407 0.001577696
1207.392241708004 0.001335639 0.0014997717
1207.4456340813542 -0.000118354255 8.823957e-06
1207.4990261070998 0.001411767 0.0015778646
1207.5524177852476 0.0028032083 9.755758e-05
1207.6058091158045 -0.00012295095 9.284741e-06
1207.6592000987775 -0.00011829825 8.769056e-06
1207.7125907341729 0.0005655676 0.0006980813
1207.765981021998 -0.00011886365 7.5236135e-06
1207.819370962259 -0.00012017124 8.689575e-06
1207.8727605549634 -0.00011939561 6.77431e-06
1207.9261498001176 -0.00015764659 2.770325e-05
1207.9795386977282 -0.00019059925 4.084743e-05
1208.0329272478023 -0.000120354955 7.1625545e-06
1208.0863154503465 -0.00011790102 8.450157e-06
1208.139703305368 -0.00011909789 5.5171877e-06
1208.193090812873 -0.00011798335 7.2865582e-06
1208.2464779728687 0.001351653 0.0015313954
1208.2998647853615 -0.00011779958 5.754164e-06
1208.3532512503584 -0.000119937824 6.3492025e-06
1208.4066373678663 0.002665945 0.0029141763
1208.460023137892 -0.000119394324 5.9649237e-06
1208.513408560442 -0.000117189506 4.755335e-06
1208.5667936355233 -0.00011851684 5.646297e-06
1208.6201783631427 -0.00011865928 3.780701e-06
1208.6735627433068 0.0012800851 0.0014668561
1208.7269467760227 -0.00016346786 4.0372124e-05
1208.780330461297 -0.00018064142 2.0314083e-05
1208.8337137991361 0.0013200555 0.001489322
1208.8870967895475 -0.00011972469 3.6813685e-06
1208.9404794325376 0.0013364065 0.0014772102
1208.9938617281132 -0.00016224978 4.2913176e-05
1209.0472436762811 -0.00020880223 5.1958457e-05
1209.100625277048 -0.00011656182 2.9823316e-06
1209.1540065304207 -0.00011677804 2.6478683e-06
1209.2073874364066 -0.0001165852 4.2113425e-06
1209.2607679950115 0.0013983184 0.0016329159
1209.3141482062429 0.0013432315 0.0015397355
1209.3675280701068 0.0013608953 0.0015048905
1209.4209075866108 -0.00011700323 1.5841943e-06
1209.4742867557616 -0.00011736967 2.6228292e-06
1209.5276655775651 -0.00011453036 1.7950816e-06
1209.5810440520293 -0.000117260344 2.2114289e-06
1209.63442217916 -0.000115188275 1.7927175e-06
1209.6877999589647 0.0013334915 0.0014309086
1209.7411773914498 -0.000116198375 1.5048399e-06
1209.7945544766221 0.0013515323 0.0015467077
1209.8479312144884 0.0013680798 0.0015192825
1209.9013076050558 -0.00015250835 3.562085e-05
1209.9546836483305 -0.00018625148 3.404994e-05
1210.0080593443195 -0.00011564555 5.01842e-07
1210.06143469303 -0.00011455222 5.793301e-07
1210.114809694468 0.0013176575 0.00146055
1210.168184348641 -0.0001139389 9.511327e-08
1210.221558655555 0.0028993506 7.477229e-05
1210.2749326152177 -0.00011414337 7.382464e-07
1210.3283062276355 -0.000112826245 2.1550103e-07
1210.3816794928148 -0.000113992166 1.9871927e-06
1210.4350524107629 -0.00011428539 4.5532843e-07
1210.488424981486 -0.00011305865 6.5738243e-07
1210.5417972049918 -0.00011261103 9.885108e-07
1210.595169081286 0.0013001445 0.0014676411
1210.6485406103764 -0.00011082944 1.1510472e-06
1210.701911792269 -0.00011397429 2.8828006e-06
1210.7552826269705 0.0012745508 0.0014799976
1210.8086531144886 -0.00011476379 2.6818586e-06
1210.8620232548292 -0.00011000318 1.8714834e-06
1210.9153930479995 -0.000114602386 2.0768853e-06
1210.968762494006 0.001343912 0.0014809545
1211.0221315928557 0.0014351301 0.0015712597
1211.0755003445554 -0.00010950744 3.5263984e-06
1211.1288687491112 -0.000115962415 2.2432348e-06
1211.1822368065311 -0.00011028944 3.549104e-06
1211.235604516821 0.0013746761 0.0015434662
1211.2889718799881 -0.00011168047 2.9157165e-06
1211.3423388960384 -0.00011364833 3.3060874e-06
1211.3957055649798 0.0025728394 0.002858807
1211.4490718868185 0.0012031295 0.0014565003
1211.502437861561 -0.00013175157 2.4297551e-05
1211.5558034892142 0.0013248718 0.0014784139
1211.6091687697854 -0.00011164602 3.7850955e-06
1211.6625337032808 -0.000114008246 4.7348385e-06
1211.7158982897074 -0.00013212199 2.2467568e-05
1211.769262529072 -0.00017103611 3.363878e-05
1211.8226264213813 0.0013848713 0.0015054464
1211.8759899666422 -0.00011289001 4.167938e-06
1211.9293531648614 -0.00011057714 5.553497e-06
1211.9827160160453 -0.000112062815 5.190482e-06
1212.0360785202013 0.0013724659 0.001551541
1212.0894406773357 -0.000110786066 4.4667895e-06
1212.1428024874554 0.0011733065 0.001317573
1212.196163950567 -0.0003871436 0.00012834577
1212.249525066678 -0.000110307716 5.4227066e-06
1212.302885835794 -0.00011099689 6.483729e-06
1212.356246257923 -0.00011052312 5.4063307e-06
1212.4096063330712 -0.00010967003 5.585458e-06
1212.462966061245 -0.00011074916 6.9523767e-06
1212.5163254424517 -0.00011127612 5.880224e-06
1212.5696844766978 -0.00010908456 7.1736176e-06
1212.6230431639901 0.0013778046 0.0015326543
1212.6764015043354 -0.0001102214 5.521682e-06
1212.7297594977408 -0.00010954177 7.032788e-06
1212.7831171442126 0.0028076551 0.00014367186
1212.8364744437577 0.0026945174 0.0028547994
1212.889831396383 -0.000109685396 8.798717e-06
1212.943188002095 -0.00014911022 4.4530378e-05
1212.9965442609007 -0.00019371511 3.4445096e-05
