eg_uma/half_spectra/oehua2010_59306.6196807866.ecsv
# %ECSV 1.0
# ---
# datatype:
# - {name: WAVELENGTH, datatype: float64}
# - {name: FLUX, datatype: float32}
# - {name: ERROR, datatype: float32}
# schema: astropy-2.0
WAVELENGTH FLUX ERROR
[from data line 709]
1232.389546249767 -2.375531e-05 0.0015536429
1232.4427855134252 -0.0014349377 0.00010651318
1232.496024432866 -0.0014325073 0.00010659596
1232.5492630080957 -0.0014285767 0.00010667973
1232.6025012391212 -1.846241e-05 0.0015502387
1232.6557391259494 4.0472267e-05 0.0016113726
1232.7089766685863 0.0057631144 0.0016143613
1232.7622138670388 0.0016367323 5.9721835e-05
1232.815450721314 -0.0014185612 0.00010700824
1232.8686872314179 1.1255779e-05 0.0016924219
1232.9219233973577 2.2359307e-05 0.0013619771
1232.9751592191399 0.0030800002 0.0015031609
1233.0283946967713 0.0042791283 0.0028501446
1233.0816298302584 8.3855724e-05 0.0016418189
1233.134864619608 4.9496884e-05 0.0013828675
1233.1880990648267 5.7529527e-05 0.0016087169
1233.2413331659209 9.9732126e-05 0.0016521941
1233.294566922898 -0.0014024329 0.00010740279
1233.3478003357638 -0.001400225 0.00010741892
1233.401033404526 -0.001257285 0.00024925824
1233.45426612919 -1.8555382e-05 0.0015161167
1233.5074985097638 0.00018060715 0.0017280345
1233.5607305462531 0.003075028 0.0016619054
1233.6139622386647 2.8028291e-05 0.0013410025
1233.6671935870056 -0.0013869652 0.00010746592
1233.7204245912826 0.0014638366 0.0028631305
1233.7736552515019 0.0017239628 0.00032376443
1233.8268855676704 9.465631e-05 0.0016217545
1233.8801155397948 0.0060139727 0.0041722464
1233.9333451678817 0.0016944857 9.3229384e-05
1233.9865744519377 -0.0013770841 0.000107368054
1234.0398033919698 0.0031949282 0.0014369461
1234.0930319879844 0.001555665 0.00017877042
1234.1462602399881 -0.0013674031 0.000107258966
1234.1994881479875 0.00010338289 0.0016163818
1234.2527157119898 -0.0013666596 0.000107165026
1234.3059429320012 -0.0013656762 0.00010711612
1234.3591698080284 -0.0013627118 0.00010705687
1234.4123963400782 6.0970888e-05 0.0015621276
1234.4656225281572 0.0015189608 0.003127632
1234.5188483722723 -0.0013536232 0.00010687201
1234.5720738724297 0.0015315928 0.00013691175
1234.6252990286364 -0.0013521544 0.000106703104
1234.6785238408988 0.0016446076 0.00016770756
1234.731748309224 0.0027934278 0.0043297224
1234.7849724336186 0.00019343976 0.001473899
1234.8381962140888 -0.0013413195 0.000106355175
1234.8914196506419 0.00011739869 0.0016013219
1234.944642743284 0.0015009656 0.0028677534
1234.9978654920217 0.00010969178 0.0013751925
1235.0510878968623 -0.00015631581 0.0013127249
1235.1043099578123 6.5640124e-05 0.001323253
1235.1575316748779 -0.0013322949 0.00010569174
1235.2107530480662 0.000105070125 0.0015753898
1235.2639740773836 9.988793e-05 0.001567956
1235.317194762837 -0.0013244372 0.000105302446
1235.370415104433 -0.0013219573 0.00010516194
1235.4236351021782 0.0043880665 0.0004043003
1235.4768547560793 0.0015085216 0.0030732867
1235.5300740661428 0.0015656693 0.0031276073
1235.5832930323757 0.0017126488 0.00018418969
1235.6365116547843 0.0015257829 0.0030808263
1235.6897299333757 -0.00018282248 0.0010461785
1235.742947868156 0.00023686238 0.0016939215
1235.7961654591325 0.000104426246 0.0015500786
1235.8493827063114 0.0030877264 0.0015783262
1235.9025996096993 0.0016545184 0.0029971842
1235.9558161693035 -0.0013003431 0.00010336768
1236.0090323851298 0.0017137158 7.7813034e-05
1236.0622482571855 -3.2464224e-05 0.0015803345
1236.115463785477 -3.1397332e-05 0.0015037438
1236.1686789700111 0.00026654004 0.0015000333
1236.2218938107942 0.00018607789 0.001410921
1236.2751083078333 0.00024134787 0.0014677487
1236.3283224611348 0.0016856154 1.3488944e-06
1236.3815362707055 -0.0012856321 0.000101692574
1236.434749736552 0.00012971363 0.0015489605
1236.487962858681 0.00015354456 0.001572659
1236.5411756370993 6.694085e-05 0.0014767512
1236.5943880718128 0.00015591897 0.0015689993
1236.6476001628296 0.00018155029 0.0015956756
1236.7008119101547 0.00017558291 0.0013824349
1236.7540233137959 -0.0012708907 9.997659e-05
1236.8072343737597 0.0028603075 0.004542119
1236.8604450900525 -0.0012680697 9.9444456e-05
1236.913655462681 0.00012205544 0.0013179373
1236.9668654916522 0.00018195527 0.0015808559
1237.0200751769721 0.008902631 0.0044489433
1237.0732845186478 0.0030963225 0.0013678845
1237.1264935166857 -0.001258574 9.803532e-05
1237.179702171093 0.001542542 9.774543e-05
1237.2329104818762 0.0016980105 0.0032035904
1237.2861184490414 0.0032880865 0.0016174092
1237.3393260725957 0.0016913149 0.00013810256
1237.3925333525456 0.003304721 0.0013534046
1237.4457402888977 -0.001244652 9.6218035e-05
1237.498946881659 0.0025451288 0.0020876217
1237.552153130836 0.00029756778 0.0014840445
1237.6053590364352 0.0016480207 0.0031370218
1237.6585645984633 0.0018574472 0.00015198145
1237.711769816927 -0.0012354524 9.455708e-05
1237.764974691833 0.0045461482 0.00013548673
1237.818179223188 0.00016270303 0.0015201515
1237.8713834109985 0.0015929586 0.0028564634
1237.9245872552713 0.00026736033 0.001628572
1237.977790756013 0.00035090663 0.0015267888
1238.03099391323 0.0057006497 0.004348969
1238.0841967269293 0.00176702 5.437978e-05
1238.1373991971175 0.0021194788 0.0026920026
1238.1906013238013 -0.0012160321 9.1221875e-05
1238.2438031069873 0.0018084304 0.0030857844
1238.297004546682 0.00027267268 0.0016164179
1238.3502056428922 0.0048145344 0.003238872
1238.4034063956244 0.00020280191 0.0015355194
1238.4566068048855 0.00022044273 0.0015522107
1238.509806870682 0.0041380567 0.0059445803
1238.5630065930206 0.0016998333 0.0029572127
1238.616205971908 0.0075903763 1.3513185e-05
1238.6694050073504 0.009271663 0.0015708184
1238.7226036993552 0.011985085 0.004615421
1238.7758020479284 0.01445248 0.006952413
1238.829000053077 0.008843849 0.0044909976
1238.882197714808 0.0060996306 0.0015935828
1238.9353950331272 0.00764186 0.0028016877
1238.9885920080415 0.004777753 7.933073e-05
1239.041788639558 -3.987906e-05 0.0010814504
1239.0949849276833 0.00027677265 0.0015812044
1239.1481808724234 0.0042147357 0.005813172
1239.2013764737858 0.006122225 0.0047201267
1239.2545717317764 0.000275443 0.001405824
1239.3077666464023 0.0077567715 0.0003086526
1239.3609612176701 0.0002443853 0.0013688684
1239.4141554455864 0.00029541733 0.0014231063
1239.4673493301577 0.0016484943 0.003040086
1239.5205428713907 0.002905453 0.004273246
1239.5737360692922 0.0015972857 0.002970377
1239.6269289238687 -0.0011513376 8.9299036e-05
1239.6801214351271 -0.0011648672 7.827904e-05
1239.733313603074 0.007066367 0.0057655377
1239.7865054277156 0.0018623578 7.716665e-05
1239.839696909059 0.0017953499 0.0030308347
1239.8928880471105 0.0032494606 0.0014671759
1239.9460788418771 0.00028119012 0.001544732
1239.9992692933654 0.00035902546 0.0016261942
1240.052459401582 -0.0011475767 7.4371696e-05
1240.105649166533 -0.0011478607 7.379555e-05
1240.158838588226 -0.0011437607 7.320795e-05
1240.2120276666672 0.0047541335 0.0032077734
1240.265216401863 -0.0011385753 7.2028546e-05
1240.3184047938205 0.00037452017 0.001479601
1240.371592842546 0.003437462 0.0014869123
1240.4247805480463 0.0002731995 0.001367715
1240.4779679103278 0.0047544483 0.0029571215
1240.5311549293979 0.00037402418 0.0014736813
1240.5843416052621 0.0002502512 0.0013392796
1240.6375279379279 -0.0011287304 6.771053e-05
1240.6907139274015 0.00031407794 0.001543069
1240.74389957369 -0.0011229322 6.642402e-05
1240.7970848767995 -0.0011218177 6.577127e-05
1240.8502698367372 0.00033129475 0.0015534918
1240.9034544535093 0.0049079247 4.495564e-05
1240.9566387271225 0.0032678605 0.0012106565
1241.0098226575838 0.0003383863 0.0014224107
1241.0630062448993 0.0019563674 5.982339e-06
1241.1161894890763 0.0033742066 0.0015402646
1241.1693723901205 -3.998686e-05 0.0011476974
1241.2225549480397 0.00034759633 0.0015511317
1241.2757371628395 0.0019234611 0.000133586
1241.3289190345272 0.0016885422 0.0029900798
1241.3821005631091 0.0035692484 0.0015439179
1241.4352817485922 0.0034223609 0.0015769057
1241.4884625909826 0.0019061997 0.0032191984
1241.5416430902874 0.0034776146 0.0015647186
1241.5948232465134 -0.0006594078 0.00049604883
1241.6480030596667 0.006015566 0.004431532
1241.7011825297539 -0.0010891285 5.3862277e-05
1241.754361656782 0.00045605996 0.001531288
1241.807540440758 0.00034653457 0.0014119179
1241.8607188816875 0.00044405123 0.0015142678
1241.913896979578 0.00039887836 0.001571476
1241.967074734436 0.003393313 0.0016608909
1242.020252146268 0.0004512535 0.0016208779
1242.0734292150803 -0.0010749308 4.847976e-05
1242.1266059408804 0.0049050855 0.0031620322
1242.1797823236739 0.0043891296 0.006053622
1242.2329583634682 0.0047648456 0.002946046
1242.2861340602697 0.00041968908 0.001572841
1242.339309414085 0.0018640788 0.003026849
1242.392484424921 0.0017981576 0.00295564
1242.4456590927837 0.004956986 7.181752e-05
1242.49883341768 0.00039051886 0.0014431392
1242.552007399617 0.0019556943 5.6471283e-05
1242.605181038601 0.0047712727 0.0029416694
1242.6583543346387 0.0048694047 0.0031799453
1242.7115272877365 0.015578304 0.004711233
1242.7646998979014 0.0134218475 0.00017955992
1242.8178721651398 0.0149413375 0.004588755
1242.8710440894583 0.002917123 0.002213436
1242.9242156708638 0.003202613 0.0045274403
1242.9773869093626 0.0050993594 5.387233e-06
1243.0305578049615 0.0041680504 0.0056477687
1243.0837283576673 0.0048257704 0.0031574036
1243.1368985674862 0.00047220796 0.0015182353
1243.1900684344255 0.0035380793 0.0016095694
1243.243237958491 0.001951556 5.0340033e-05
1243.2964071396896 -0.0010338278 2.8706852e-05
1243.3495759780285 0.0047106673 0.0029517496
1243.4027444735138 0.006417331 0.0014583025
1243.4559126261522 0.0010397832 0.00211294
1243.5090804359504 -0.0010261454 2.4940759e-05
1243.562247902915 -0.0010250665 2.3995352e-05
1243.615415027053 0.0033246363 0.0014014326
1243.6685818083704 0.0033782716 0.0013872634
1243.721748246874 0.0025144448 0.003722386
1243.7749143425708 0.00045653994 0.0014897282
1243.8280800954672 -0.001014977 1.9092693e-05
1243.8812455055693 0.004886586 7.8194615e-05
1243.9344105728846 0.0033754646 0.0014763522
1243.9875752974194 -0.000377271 0.0006218108
1244.0407396791802 0.0075036683 0.002929217
1244.0939037181738 0.00046008985 0.0015171382
1244.147067414407 -0.0010035774 1.3042998e-05
1244.2002307678858 0.0047593727 0.0028677061
1244.2533937786172 0.004867542 6.766855e-05
1244.3065564466083 0.0033626615 0.0015215675
1244.359718771865 -0.0009964325 8.864969e-06
1244.4128807543939 0.00462595 5.4808526e-05
1244.4660423942023 0.001994391 2.644339e-05
1244.5192036912965 0.0018996896 0.0030287344
1244.572364645683 0.006403344 0.0013726436
1244.6255252573683 0.00043056285 0.001447188
1244.6786855263595 0.0018314382 0.0029458366
1244.7318454526628 0.0042260713 0.0056816917
1244.785005036285 0.0035067394 0.0015073018
1244.8381642772329 0.00334266 0.0014385931
1244.891323175513 -0.0009800504 2.0178268e-06
1244.9444817311316 0.0033458592 0.001588452
1244.9976399440957 0.0046209963 0.00281014
1245.050797814412 0.0020013514 5.434965e-06
1245.103955342087 0.003469276 0.0014838043
1245.1571125271269 0.00042713524 0.0014212078
1245.210269369539 0.0005519332 0.0015704993
1245.2634258693295 0.0019845786 6.950965e-05
1245.3165820265053 -0.0009652046 1.1189579e-05
1245.3697378410727 0.0004678621 0.0014774883
1245.4228933130385 0.0033426967 0.0015758927
1245.4760484424096 0.003888368 0.0016566454
1245.529203229192 0.004923955 0.00011313604
1245.582357673393 -0.0009555046 1.7147948e-05
1245.6355117750188 0.0019001584 0.0029628421
1245.6886655340759 0.00049098226 0.0014588697
1245.7418189505715 0.00450803 0.0059102075
1245.794972024512 0.003645561 0.0018103954
1245.8481247559034 0.008646866 0.004153007
1245.9012771447528 0.0019348221 0.0030401512
1245.9544291910674 0.00059725565 0.0016120906
1246.007580894853 -0.00094308035 2.7007887e-05
1246.0607322561164 0.00046424245 0.0014668726
1246.1138832748643 0.005025365 0.003083417
1246.1670339511033 0.00045757878 0.0014596372
1246.2201842848401 0.0038016047 0.0018335975
1246.2733342760812 0.0034354187 0.0015044753
1246.3264839248334 0.0056025274 0.007274781
1246.3796332311033 0.0020705948 0.00013322456
1246.4327821948973 0.0034767508 0.001482622
1246.485930816222 0.005045315 4.8372804e-05
1246.5390790950844 0.0018095723 0.0028167532
1246.592227031491 0.002195647 2.9293005e-05
1246.6453746254483 -0.0009233576 4.264395e-05
1246.6985218769626 0.003256067 0.0044358694
1246.7516687860411 0.0020105273 0.00312835
1246.80481535269 0.0035636912 0.0014074742
1246.857961576916 0.0005114933 0.0015111221
1246.9111074587263 0.0035834203 0.0014104067
1246.9642529981268 0.0020205001 0.0031314176
1247.0173981951243 0.0019056726 0.0028968225
1247.0705430497255 0.003453454 0.001605663
1247.1236875619368 0.006496323 0.0014460816
1247.176831731765 0.0032754713 0.004410514
1247.229975559217 0.0040921927 0.0039938865
1247.283119044299 0.0035173635 0.0015713953
1247.3362621870176 0.0036135241 0.0013967777
1247.3894049873797 0.0051936256 0.0030906703
1247.442547445392 0.003646708 0.001741422
1247.4956895610605 0.00303637 0.0010150099
1247.5488313343924 0.0035254257 0.0014490025
1247.601972765394 0.0034128355 0.00455524
1247.6551138540724 0.0032020265 0.0044513503
1247.7082546004335 0.00062970363 0.0016346843
1247.7613950044845 0.0019891185 0.002943412
1247.8145350662317 0.0005307164 0.0013744102
1247.8676747856819 -0.0008888933 7.540473e-05
1247.9208141628412 0.0020361892 2.2024946e-05
1247.973953197717 0.0035204573 0.0013948345
1248.0270918903157 0.0034120406 0.0014376862
1248.0802302406435 0.0036246623 0.0014557524
1248.1333682487075 0.0032287943 0.004312197
1248.1865059145136 0.0020129897 0.0031065166
1248.2396432380694 0.003568224 0.0015601263
1248.292780219381 0.0005831853 0.0015824178
1248.345916858455 0.005015695 5.458283e-05
1248.399053155298 0.0006009414 0.0016012858
1248.4521891099162 0.0035437038 0.001387991
1248.5053247223173 0.0005590271 0.001556611
1248.558459992507 0.00062498666 0.0016273726
1248.6115949204923 0.0034543646 0.0013540228
1248.6647295062796 0.0014368573 0.0014690212
1248.7178637498755 0.0014665518 0.0015031392
1248.7709976512867 0.0029622752 0.00022415761
1248.8241312105204 0.003161939 6.910273e-05
1248.8772644275818 0.0044444464 0.0014922022
1248.930397302479 0.0014559232 0.001492201
1248.9835298352177 0.007434904 0.0014923448
1249.036662025805 0.0013181947 0.0017081691
1249.089793874247 -6.952e-05 0.0
