eg_uma/half_spectra/oehub3010_59330.8281786274.ecsv
# %ECSV 1.0
# ---
# datatype:
# - {name: WAVELENGTH, datatype: float64}
# - {name: FLUX, datatype: float32}
# - {name: ERROR, datatype: float32}
# schema: astropy-2.0
WAVELENGTH FLUX ERROR
[from data line 700]
1231.9161458573715 -7.3070434e-05 1.2865301e-05
1231.9693790458336 -7.469982e-05 1.1773094e-05
1232.0226118897906 -7.469933e-05 1.3420297e-05
1232.0758443892496 0.0013767623 0.0014459364
1232.1290765442177 -0.00017628825 1.3169132e-05
1232.1823083547006 0.0014102734 0.0015504787
1232.235539820706 0.0014226609 0.0015122754
1232.2887709422398 0.0013029876 0.0014052241
1232.3420017193093 -7.4153555e-05 1.2405591e-05
1232.3952321519207 0.0012873806 0.001413364
1232.448462240081 0.0014594294 0.0015756935
1232.5016919837967 -7.3086805e-05 1.2650438e-05
1232.5549213830748 0.0013446839 0.0014138413
1232.6081504379215 -7.148999e-05 1.208433e-05
1232.661379148344 0.002711617 0.0028897235
1232.7146075143482 0.0026817257 0.0029412005
1232.767835535942 0.0013697208 0.0014838523
1232.821063213131 -7.202566e-05 1.1880633e-05
1232.8742905459223 0.0012492838 0.0014614445
1232.9275175343228 -7.236656e-05 1.1844717e-05
1232.980744178339 -7.4423035e-05 1.1676312e-05
1233.0339704779772 -7.2687384e-05 1.1243475e-05
1233.0871964332446 -7.185086e-05 1.17350155e-05
1233.1404220441477 0.0013660832 0.00147417
1233.193647310693 -7.317428e-05 1.0842432e-05
1233.2468722328877 -7.0036316e-05 1.271016e-05
1233.300096810738 -7.345233e-05 1.1267452e-05
1233.3533210442508 -7.131855e-05 1.1773295e-05
1233.4065449334328 0.002967974 1.6445807e-05
1233.4597684782907 0.00134651 0.0015063733
1233.5129916788308 -7.0637325e-05 1.2200808e-05
1233.56621453506 0.0013624289 0.0014829086
1233.6194370469852 0.002754307 0.0029416522
1233.6726592146128 0.0029232937 3.282259e-05
1233.72588103795 0.0014266688 0.0015259634
1233.779102517003 0.0013269978 0.0014068959
1233.8323236517783 0.0014026245 0.0015166118
1233.8855444422832 -7.0533235e-05 1.1075621e-05
1233.9387648885238 0.0059936848 2.9167853e-05
1233.991984990507 -6.951778e-05 1.1846486e-05
1234.0452047482397 -7.184036e-05 1.08034155e-05
1234.0984241617282 0.0012125388 0.0013940468
1234.1516432309795 0.0014340152 0.0014943783
1234.2048619560003 0.0027811036 0.002943426
1234.2580803367969 0.0014413833 0.0015467555
1234.311298373376 0.0013873527 0.0015152276
1234.3645160657447 0.001388539 0.0015053245
1234.41773341391 0.0031205174 0.00024070319
1234.4709504178772 -6.842247e-05 1.1279707e-05
1234.5241670776543 -6.761705e-05 1.0959545e-05
1234.5773833932474 0.0028179274 0.0030519667
1234.630599364663 0.00453659 0.0015936495
1234.6838149919085 0.002942668 0.003041652
1234.7370302749898 -6.815374e-05 1.0936581e-05
1234.790245213914 -6.9154434e-05 1.1705062e-05
1234.8434598086878 0.0013765537 0.0014288673
1234.8966740593175 0.0044508656 0.0015332254
1234.9498879658104 -6.791935e-05 1.0970547e-05
1235.0031015281725 0.0014494332 0.0015351515
1235.056314746411 0.001475821 0.0015239709
1235.1095276205324 0.0030727447 4.3785407e-05
1235.1627401505432 0.0013875628 0.0015145666
1235.2159523364503 0.0013671389 0.0014913387
1235.2691641782603 0.0014582541 0.0015566217
1235.3223756759796 0.0013322162 0.0014327336
1235.3755868296155 0.002702248 0.0028640863
1235.4287976391743 -6.764959e-05 1.0962679e-05
1235.4820081046626 0.0028927275 0.00320625
1235.535218226087 -6.552958e-05 1.0919251e-05
1235.5884280034545 0.0014095209 0.0015209999
1235.6416374367716 0.0028240269 0.0030017903
1235.694846526045 -6.535104e-05 1.0163778e-05
1235.7480552712816 0.001379843 0.0014687255
1235.8012636724873 0.0013707858 0.0014519764
1235.85447172967 -6.44371e-05 1.0214527e-05
1235.9076794428354 0.0013408985 0.0014653441
1235.9608868119901 -6.5886525e-05 9.283954e-06
1236.0140938371414 -6.424179e-05 9.869527e-06
1236.0673005182957 0.0016668361 0.001252734
1236.1205068554598 -0.0002880147 4.979769e-05
1236.17371284864 0.0029485112 0.0030862768
1236.2269184978434 -6.53022e-05 8.871782e-06
1236.2801238030765 0.0030787482 0.00017356589
1236.3333287643459 0.0029486776 0.00011360659
1236.3865333816584 -6.539379e-05 9.211246e-06
1236.4397376550203 -6.2072075e-05 1.058364e-05
1236.4929415844392 -6.644046e-05 8.665574e-06
1236.5461451699205 -6.171737e-05 9.858642e-06
1236.5993484114717 0.0014215363 0.001498937
1236.6525513090996 0.0013798684 0.0014493957
1236.7057538628098 0.0014356659 0.0015293142
1236.7589560726105 0.004047304 0.00440462
1236.8121579385074 -6.304456e-05 8.461196e-06
1236.865359460507 0.0013272851 0.0014399354
1236.9185606386168 0.0028734803 6.964781e-05
1236.971761472843 0.0028770904 1.7626135e-05
1237.024961963192 0.0013995963 0.00148303
1237.0781621096708 -6.355292e-05 8.142891e-06
1237.1313619122857 -6.3044135e-05 9.706783e-06
1237.1845613710439 0.0012836066 0.0015544011
1237.2377604859523 -0.0003376935 4.650144e-05
1237.2909592570165 -0.00030572366 0.00010557106
1237.344157684244 0.0014009126 0.0014844092
1237.397355767641 -6.0938175e-05 9.07724e-06
1237.4505535072149 0.0014004773 0.0014666821
1237.5037509029714 -5.930409e-05 9.365106e-06
1237.5569479549179 0.0014005062 0.0015132556
1237.6101446630607 0.0026020173 0.0028086065
1237.6633410274064 -6.172609e-05 9.432226e-06
1237.7165370479622 0.001382746 0.0014810988
1237.7697327247342 0.001380215 0.0014120657
1237.822928057729 0.0028224532 1.7056645e-05
1237.876123046954 -6.269355e-05 8.41487e-06
1237.9293176924155 0.001311182 0.0013988741
1237.9825119941195 0.004490235 0.0016195723
1238.0357059520736 0.0040324517 0.004667852
1238.088899566284 0.0013557847 0.0014478525
1238.1420928367572 -5.8941252e-05 8.914611e-06
1238.1952857635004 0.001451791 0.0015067355
1238.24847834652 -5.924917e-05 1.0149312e-05
1238.3016705858226 0.002873215 0.0029689737
1238.3548624814148 0.001409414 0.0015185652
1238.4080540333034 -5.97689e-05 8.983036e-06
1238.461245241495 0.0014567695 0.001525
1238.5144361059965 0.0012509887 0.0013289017
1238.5676266268142 0.004451046 0.0015702881
1238.6208168039548 0.0014804063 0.0015377245
1238.6740066374252 0.0013777543 0.0015257087
1238.727196127232 0.004607409 0.0014669476
1238.7803852733819 0.0014217485 0.0014641222
1238.8335740758812 0.004275972 0.0013927863
1238.8867625347368 0.0025806436 0.00047401458
1238.9399506499556 0.0013442773 0.0014527079
1238.9931384215438 0.0058710915 0.0030437652
1239.0463258495085 0.0059216134 0.0029922198
1239.0995129338562 0.0044108955 0.0013992208
1239.1526996745934 0.0029478997 1.9557763e-06
1239.2058860717268 0.016300691 0.012022655
1239.2590721252632 0.0040762965 0.0044463393
1239.3122578352095 0.010461385 0.001387593
1239.3654432015717 0.0014362 0.001499725
1239.4186282243568 0.006260102 0.0034658222
1239.4718129035716 0.001358062 0.0014526355
1239.5249972392226 0.0013955557 0.0014642267
1239.5781812313164 0.0030377517 1.2442976e-05
1239.63136487986 0.0027511762 0.0028630656
1239.6845481848595 0.0028991227 1.6610235e-05
1239.7377311463222 -5.5844514e-05 7.329221e-06
1239.7909137642544 -5.5931418e-05 8.338187e-06
1239.8440960386624 0.0013568458 0.001446441
1239.8972779695537 -5.6438046e-05 7.959928e-06
1239.9504595569342 0.0029143423 9.933766e-05
1240.003640800811 0.003069136 0.0032231715
1240.0568217011905 0.004320452 0.0015398572
1240.1100022580795 0.0030272375 5.576538e-05
1240.1631824714843 -5.381848e-05 8.5146885e-06
1240.2163623414124 0.0013991615 0.0015123085
1240.2695418678697 0.0027913079 3.801074e-05
1240.322721050863 0.0013746215 0.0014695964
1240.3758998903993 0.0013410533 0.0014189465
1240.4290783864847 0.0027160568 0.0029801999
1240.4822565391262 0.00598701 0.0001835766
1240.5354343483305 0.002956081 1.0985542e-05
1240.588611814104 0.0027276457 0.00291125
1240.6417889364536 0.0041058036 0.004340371
1240.694965715386 0.0014112255 0.0014438796
1240.7481421509074 0.0028796676 9.9921024e-05
1240.801318243025 0.001367618 0.0014537402
1240.8544939917451 0.0014410751 0.0015539523
1240.9076693970746 0.0035673284 0.0009459214
1240.96084445902 0.0014367105 0.001497731
1241.014019177588 0.0014090067 0.0014658431
1241.0671935527853 0.0027344236 0.0029271524
1241.1203675846182 0.0028975073 5.1989814e-06
1241.1735412730939 0.0014444981 0.0015825968
1241.2267146182187 0.0013524031 0.0014439499
1241.279887619999 0.0013892319 0.001499887
1241.3330602784422 0.0041288785 0.0014116885
1241.3862325935545 0.0058382573 1.3433136e-05
1241.4394045653423 -4.9896007e-05 8.076154e-06
1241.492576193813 0.002879211 0.0030341474
1241.5457474789725 0.0040479046 0.0044101034
1241.5989184208277 0.0014293084 0.0014976918
1241.6520890193854 0.0013684342 0.0015103434
1241.705259274652 0.0027734917 0.0029657744
1241.7584291866344 0.0042578103 0.0015136682
1241.811598755339 0.0059044063 0.0029818884
1241.8647679807727 0.0029396815 3.3635122e-05
1241.917936862942 0.0027255642 0.0029875236
1241.971105401854 0.004402804 0.0015708472
1242.0242735975141 0.0045979647 0.001423329
1242.0774414499303 0.0044150213 0.0014672504
1242.1306089591087 0.0028625424 8.998678e-06
1242.183776125056 -4.8953443e-05 7.219222e-06
1242.2369429477785 0.0013719667 0.0014749003
1242.2901094272834 0.005813136 0.0029819163
1242.3432755635772 -5.017837e-05 7.4708432e-06
1242.3964413566664 -4.8120437e-05 7.887879e-06
1242.4496068065578 0.0015671633 0.0012846988
1242.502771913258 -4.700871e-05 7.864685e-06
1242.5559366767732 -4.742845e-05 7.744314e-06
1242.6091010971106 0.0040394715 0.0044198423
1242.6622651742769 0.005772366 0.002836097
1242.7154289082782 0.0013644566 0.0014472932
1242.7685922991216 0.0027235602 0.0028569566
1242.8217553468137 0.001379596 0.0014661049
1242.874918051361 0.0026443615 0.0028357385
1242.9280804127702 0.0014944945 0.0015260808
1242.981242431048 0.001393378 0.0014249544
1243.034404106201 -4.8489906e-05 6.3832176e-06
1243.0875654382357 0.0043177544 0.0015035811
1243.140726427159 0.004281334 0.0015129866
1243.1938870729778 0.013303036 0.0015578687
1243.247047375698 0.0043583293 0.001543758
1243.3002073353268 0.004166156 0.004475931
1243.3533669518704 0.0046994453 0.0015059902
1243.4065262253357 -4.573375e-05 8.067073e-06
1243.4596851557294 0.0028804138 2.6725205e-05
1243.5128437430583 0.0014328682 0.001504743
1243.5660019873287 0.0013660409 0.0014498737
1243.6191598885475 0.001388901 0.0014974177
1243.672317446721 0.011343899 0.0026384995
1243.7254746618562 0.0029806765 3.6545876e-05
1243.7786315339595 0.004343624 0.001539877
1243.8317880630375 0.0014297684 0.0015163025
1243.8849442490973 0.0014443712 0.0015837505
1243.938100092145 0.0028063809 0.0030051349
1243.9912555921874 0.002892495 7.9010164e-07
1244.0444107492315 0.0014233792 0.0015119155
1244.0975655632833 0.004360299 0.0014385827
1244.1507200343501 -4.4437267e-05 7.5839e-06
1244.203874162438 -4.1743042e-05 8.563982e-06
1244.257027947554 0.0014750825 0.0015345856
1244.3101813897044 0.0059016785 0.0001971286
1244.363334488896 0.0014766129 0.0015581929
1244.4164872451358 0.0028599524 8.9720146e-05
1244.46963965843 -4.17255e-05 9.196753e-06
1244.522791728785 0.0028145511 0.0029958177
1244.5759434562083 -4.2808922e-05 7.474935e-06
1244.6290948407054 0.0027962716 0.002937231
1244.682245882284 0.0044776867 0.001574724
1244.7353965809505 0.0029079185 5.2688887e-05
1244.7885469367109 0.0014306988 0.0015002107
1244.8416969495727 -3.926332e-05 8.11609e-06
1244.8948466195413 0.0014232779 0.0014846583
1244.9479959466248 0.003991993 0.004380022
1245.0011449308292 0.0014057573 0.0015120668
1245.054293572161 -3.7650883e-05 9.646274e-06
1245.1074418706269 0.004088402 0.00453115
1245.1605898262335 0.0028218434 3.1554704e-05
1245.2137374389877 0.0029893033 0.003152593
1245.266884708896 0.005445829 0.005876668
1245.3200316359648 0.005768443 0.0029988938
1245.3731782202012 -3.7862097e-05 8.839566e-06
1245.426324461611 0.0014247603 0.0014439189
1245.479470360202 0.0029016961 0.00013566222
1245.53261591598 -3.8776616e-05 8.229095e-06
1245.5857611289518 0.004367547 0.0015119913
1245.638905999124 0.0013869465 0.0015116242
1245.6920505265036 0.0043992414 0.0015951404
1245.745194711097 0.0031227258 0.0032914216
1245.7983385529105 0.0029865548 3.34956e-05
1245.8514820519513 0.0030711314 8.2794235e-05
1245.9046252082255 0.0014315342 0.0014623607
1245.9577680217403 0.005531393 0.006293928
1246.0109104925016 0.0014275904 0.0014860542
1246.0640526205168 0.0028638507 7.743725e-05
1246.1171944057921 0.0013994634 0.0014598458
1246.1703358483344 -3.5805668e-05 8.571302e-06
1246.22347694815 0.004444341 0.0015946797
1246.2766177052454 0.0014081275 0.0014651229
1246.329758119628 0.0045815846 0.0013233186
1246.3828981913036 0.002796192 0.0029111467
1246.4360379202794 0.007345061 0.0045101694
1246.4891773065615 0.004439603 0.0014151686
1246.542316350157 0.0052976003 0.005974511
1246.5954550510726 0.0047134096 0.0013019087
1246.6485934093143 0.0013960201 0.0014729049
1246.7017314248894 0.0014018466 0.0014674144
1246.7548690978042 0.005680996 0.002958433
1246.8080064280655 0.004622343 0.0018770302
1246.8611434156794 0.0028320085 0.0030155568
1246.9142800606533 0.002783845 0.0029923662
1246.9674163629934 0.0030758218 0.00013260564
1247.020552322706 0.0018620413 0.0010528496
1247.0736879397987 0.0014251156 0.0015070948
1247.1268232142772 0.0014557969 0.0015152384
1247.1799581461487 0.004189068 0.0045379926
1247.2330927354194 0.0029594174 1.9620653e-05
1247.2862269820964 0.0042389682 0.0013913236
1247.3393608861857 0.0029054524 0.0030399112
1247.3924944476946 0.002766909 0.0029342799
1247.4456276666292 0.0044462346 0.0015811295
1247.4987605429965 0.0070257187 0.0045057856
1247.5518930768028 -2.908907e-05 1.0612863e-05
1247.605025268055 0.00579591 0.002961311
1247.6581571167596 0.00080505887 0.00081192615
1247.7112886229231 0.0027228938 0.0029490702
1247.7644197865525 0.005794841 0.0028849915
1247.817550607654 0.0059169875 0.0032031096
1247.8706810862343 0.009034789 0.002808968
1247.9238112223004 0.002873358 0.0031110574
1247.9769410158588 0.0041385447 0.0044126473
1248.0300704669155 0.004457821 0.0014820694
1248.083199575478 0.004345384 0.0014644819
1248.1363283415524 0.0013826394 0.001457821
1248.1894567651457 0.0014071864 0.0014497603
1248.242584846264 0.005452498 0.00075177086
1248.295712584914 -2.6965883e-05 1.1649836e-05
1248.3488399811029 0.003082641 0.0032478543
1248.4019670348366 0.0058803335 0.0030810854
1248.4550937461224 0.0044462983 0.0016483923
1248.5082201149664 0.0029745472 7.665581e-05
1248.5613461413755 0.0073289876 0.0016155934
1248.6144718253565 0.010476626 0.0016394366
1248.6675971669154 0.0043873484 0.0014414553
1248.7207221660592 0.0015367938 0.001546102
1248.7738468227944 0.004147295 0.0043079513
1248.8269711371279 -1.519883e-06 1.5828991e-06
1248.8800951090661 0.0013663262 0.0012879919
1248.9332187386158 0.0029879792 7.690397e-07
1248.9863420257832 0.008452696 0.0059492798
1249.0394649705756 0.002989563 5.7939906e-07
1249.0925875729986 -2.7191942e-05 2.8555674e-05
