eg_uma/half_spectra/oehua4010_59306.2811394122.ecsv
# %ECSV 1.0
# ---
# datatype:
# - {name: WAVELENGTH, datatype: float64}
# - {name: FLUX, datatype: float32}
# - {name: ERROR, datatype: float32}
# schema: astropy-2.0
WAVELENGTH FLUX ERROR
1194.5530005301941 0.0014594698 0.0014911405
1194.6064856040646 0.001457763 0.0014927819
1194.65997032893 0.0014568096 0.0014917813
1194.7134547047963 0.0013440001 0.0014825361
1194.7669387316714 -3.0739895e-06 1.2443079e-06
1194.8204224095614 6.066094e-08 5.4543375e-07
1194.8739057384737 0.0011111783 0.001466103
1194.9273887184147 -3.3649196e-06 4.8324637e-07
1194.9808713493912 2.7265382e-06 3.7789601e-07
1195.0343536314106 -0.00018040935 0.00017996758
1195.0878355644788 0.0013390132 0.0013798968
1195.1413171486035 0.001348394 0.0015513763
1195.194798383791 0.002726074 0.0030453007
1195.2482792700484 -0.00010068433 8.46631e-05
1195.3017598073825 -9.351546e-05 8.5829866e-05
1195.3552399958 0.0027807427 0.002909342
1195.408719835308 0.0042392057 0.001386375
1195.462199325913 -9.5908465e-05 8.419406e-05
1195.5156784676217 -9.7199074e-05 8.328483e-05
1195.5691572604412 -9.600553e-05 8.305978e-05
1195.6226357043788 -9.615694e-05 8.255769e-05
1195.6761137994404 -9.3608316e-05 8.2553684e-05
1195.7295915456334 -9.5247844e-05 8.178149e-05
1195.7830689429647 -9.466725e-05 8.141771e-05
1195.8365459914405 0.0012919047 0.0013336843
1195.8900226910687 0.0010249869 0.0012316672
1195.943499041855 -9.198966e-05 8.037242e-05
1195.9969750438065 -9.204984e-05 8.010007e-05
1196.0504506969307 0.0014127218 0.0016133222
1196.103926001234 0.0014288436 0.0014597216
1196.1574009567228 -9.225567e-05 7.892684e-05
1196.2108755634044 -9.168715e-05 7.787722e-05
1196.2643498212856 0.0014036658 0.0015756842
1196.3178237303732 -9.291111e-05 7.692759e-05
1196.371297290674 0.0013623008 0.0015696858
1196.4247705021946 -8.94389e-05 7.701279e-05
1196.478243364942 -9.419904e-05 7.539874e-05
1196.5317158789235 -8.672479e-05 7.6708006e-05
1196.5851880441453 -9.437202e-05 7.49917e-05
1196.6386598606143 -8.88129e-05 7.5032964e-05
1196.6921313283376 -8.971415e-05 7.5384894e-05
1196.7456024473217 0.002904599 0.00014071779
1196.7990732175736 -8.9752444e-05 7.3727264e-05
1196.8525436391003 -0.00012216282 0.00010863108
1196.9060137119084 0.0013276191 0.0016132508
1196.9594834360043 -8.743041e-05 7.288932e-05
1197.0129528113955 0.0013706547 0.0015249618
1197.066421838089 0.0013705561 0.0014006563
1197.1198905160907 -8.9905596e-05 7.188789e-05
1197.173358845408 0.0012179137 0.0014352342
1197.2268268260477 -8.564951e-05 7.1849456e-05
1197.280294458017 -8.5799846e-05 7.0717935e-05
1197.3337617413217 0.0028981634 5.927751e-05
1197.3872286759697 -8.362191e-05 7.026747e-05
1197.440695261967 0.0014254831 0.0014768792
1197.4941614993209 0.0013191196 0.001373901
1197.547627388038 -8.646228e-05 6.871294e-05
1197.6010929281251 0.0013057453 0.0013605489
1197.6545581195896 -8.78688e-05 6.737249e-05
1197.7080229624373 -8.3157865e-05 6.823183e-05
1197.761487456676 0.0027176952 0.0028557063
1197.8149516023116 -8.576256e-05 6.639369e-05
1197.8684153993518 -8.389938e-05 6.662597e-05
1197.9218788478026 -8.3780404e-05 6.67462e-05
1197.9753419476717 0.0013432204 0.0013935266
1198.0288046989654 -8.305089e-05 6.605301e-05
1198.0822671016906 0.0014080806 0.0014692298
1198.1357291558536 -8.714014e-05 6.365866e-05
1198.1891908614618 -0.00019630058 0.00018023791
1198.2426522185226 0.0010578941 0.0015441034
1198.2961132270418 0.0009846109 0.0009935015
1198.3495738870265 0.0015582461 0.0016691989
1198.4030341984833 -8.496099e-05 6.17217e-05
1198.4564941614196 -8.3240884e-05 6.2900086e-05
1198.5099537758417 -8.013851e-05 6.312817e-05
1198.5634130417568 0.0013717501 0.0013744292
1198.6168719591717 -7.8491e-05 6.246159e-05
1198.6703305280928 -8.455498e-05 6.0694616e-05
1198.723788748527 0.0012629466 0.0013208168
1198.7772466204815 -7.945133e-05 6.114957e-05
1198.830704143963 -8.407548e-05 5.9843016e-05
1198.8841613189782 -8.07955e-05 6.0037968e-05
1198.937618145534 0.0027771357 0.0030803795
1198.991074623637 -7.9863996e-05 5.948181e-05
1199.0445307532939 0.00013919984 0.0001606996
1199.097986534512 -7.7392346e-05 5.919488e-05
1199.151441967298 -7.99691e-05 5.834913e-05
1199.2048970516585 -7.9640726e-05 5.8307538e-05
1199.2583517876003 0.0013818701 0.0014307854
1199.3118061751306 -7.854332e-05 5.7703885e-05
1199.3652602142556 -7.905279e-05 5.71592e-05
1199.4187139049827 -7.962332e-05 5.675833e-05
1199.4721672473186 -7.6337215e-05 5.708968e-05
1199.5256202412697 -8.051687e-05 5.546348e-05
1199.579072886843 -7.818911e-05 5.6109453e-05
1199.6325251840456 -7.762088e-05 5.5552016e-05
1199.685977132884 -7.688567e-05 5.5994977e-05
1199.7394287333652 0.0013404897 0.0015165659
1199.7928799854958 -7.9628255e-05 5.463103e-05
1199.8463308892829 -7.814417e-05 5.4436452e-05
1199.8997814447332 -7.8007055e-05 5.4253593e-05
1199.9532316518535 0.0013650507 0.0015389815
1200.0066815106502 -7.9574755e-05 5.3267242e-05
1200.0601310211307 -7.644205e-05 5.2651332e-05
1200.1135801833016 -7.700597e-05 5.3310046e-05
1200.1670289971696 -7.441784e-05 5.354678e-05
1200.2204774627417 -8.047181e-05 5.101736e-05
1200.2739255800248 0.0014442018 0.0016188343
1200.3273733490253 0.0014076183 0.0015666895
1200.3808207697502 -7.443596e-05 5.0833514e-05
1200.4342678422065 0.0012197514 0.0014185403
1200.4877145664009 -0.0001573805 1.7491731e-05
1200.5411609423397 -7.653827e-05 5.0089442e-05
1200.5946069700306 0.0027680905 7.0662645e-05
1200.64805264948 0.0029676736 6.2573585e-05
1200.7014979806945 -7.317505e-05 4.9660383e-05
1200.754942963681 -7.653329e-05 4.9279446e-05
1200.8083875984466 0.0013749395 0.0014136848
1200.8618318849979 -0.00020527297 0.00010136545
1200.9152758233417 0.0009318165 0.0016768884
1200.9687194134847 -7.405078e-05 4.8093345e-05
1201.0221626554337 -7.239494e-05 4.8174457e-05
1201.0756055491959 -7.551398e-05 4.734402e-05
1201.1290480947778 -7.292688e-05 4.7282076e-05
1201.182490292186 0.0015199396 0.001691129
1201.2359321414276 0.0028255032 0.0029792406
1201.2893736425094 -7.456662e-05 4.6688616e-05
1201.3428147954382 0.0013666891 0.0015258925
1201.396255600221 0.001382393 0.0015337087
1201.449696056864 -7.2051575e-05 4.592069e-05
1201.5031361653744 -7.3436146e-05 4.4229524e-05
1201.556575925759 -7.105061e-05 4.616287e-05
1201.6100153380246 -7.45534e-05 4.384378e-05
1201.6634544021779 -7.0120106e-05 4.519885e-05
1201.7168931182257 -7.3737654e-05 4.4417284e-05
1201.7703314861749 0.001529232 0.0015756376
1201.8237695060325 -0.00021677124 7.2070994e-05
1201.877207177805 -0.00014675046 1.3243545e-05
1201.9306445014993 0.0013325885 0.0015012327
1201.984081477122 -7.002689e-05 4.3544198e-05
1202.0375181046802 -7.058116e-05 4.2724812e-05
1202.0909543841808 -7.34311e-05 4.194577e-05
1202.1443903156298 -6.949538e-05 4.304048e-05
1202.1978258990353 0.0014005277 0.0014138084
1202.251261134403 0.00085401256 0.00090037467
1202.30469602174 -0.000111676374 8.3120256e-05
1202.3581305610535 -0.00016854485 1.3132323e-07
1202.4115647523497 -6.7403336e-05 4.2086845e-05
1202.464998595636 -7.270386e-05 3.9713872e-05
1202.5184320909186 -7.07297e-05 4.022763e-05
1202.5718652382047 -6.8826455e-05 4.016492e-05
1202.625298037501 -7.153643e-05 4.001368e-05
1202.6787304888142 -6.8809764e-05 3.972556e-05
1202.7321625921513 0.00065911224 0.0007007835
1202.7855943475188 -7.010023e-05 3.903764e-05
1202.839025754924 0.0014205739 0.0014839004
1202.8924568143732 -6.831551e-05 3.8681635e-05
1202.9458875258733 -6.9849884e-05 3.8202717e-05
1202.999317889431 -7.0709524e-05 3.8236256e-05
1203.0527479050538 0.0013524559 0.0014157874
1203.1061775727476 -6.7398054e-05 3.8351223e-05
1203.1596068925196 0.0015846783 0.0017821662
1203.2130358643767 -6.797131e-05 3.755791e-05
1203.2664644883253 -6.7800276e-05 3.727095e-05
1203.3198927643728 -6.933308e-05 3.6442336e-05
1203.3733206925256 -6.621803e-05 3.649889e-05
1203.4267482727903 -6.987213e-05 3.6210535e-05
1203.480175505174 -6.739704e-05 3.517644e-05
1203.5336023896837 0.0013238393 0.0014382086
1203.5870289263257 0.0013809787 0.0015211639
1203.640455115107 -6.895738e-05 3.4664812e-05
1203.6938809560345 0.0013204945 0.0014665037
1203.7473064491148 -6.918251e-05 3.483191e-05
1203.800731594355 0.0013918788 0.0014796035
1203.8541563917615 0.0014303455 0.0015598157
1203.9075808413415 -6.731742e-05 3.3678036e-05
1203.9610049431017 -6.971314e-05 3.4178895e-05
1204.0144286970485 -6.653005e-05 3.2927357e-05
1204.0678521031891 -6.7436486e-05 3.3965433e-05
1204.1212751615303 -6.5212706e-05 3.364961e-05
1204.1746978720787 -6.957656e-05 3.1910993e-05
1204.2281202348408 -9.058632e-05 6.17635e-05
1204.2815422498243 -0.00014699908 5.914841e-07
1204.334963917035 0.0013581908 0.001456176
1204.3883852364804 -6.751132e-05 3.2295226e-05
1204.441806208167 -6.6362656e-05 3.1564094e-05
1204.4952268321015 0.0012822923 0.0014475855
1204.5486471082909 0.0026738688 0.0028844685
1204.6020670367418 -6.577937e-05 3.139071e-05
1204.6554866174613 0.0013443569 0.0013907455
1204.7089058504557 -6.697179e-05 3.160133e-05
1204.7623247357321 -6.546418e-05 3.0487789e-05
1204.8157432732976 -6.623347e-05 3.0880165e-05
1204.8691614631584 -6.645317e-05 3.0188192e-05
1204.9225793053215 -6.744375e-05 2.9647155e-05
1204.9759967997938 -6.46546e-05 3.0413119e-05
1205.029413946582 0.0013641975 0.0014374161
1205.082830745693 0.0013370769 0.0014617216
1205.1362471971333 0.0013769686 0.0015450227
1205.18966330091 -6.453211e-05 3.0815965e-05
1205.2430790570297 -6.6263565e-05 2.7976137e-05
1205.2964944654993 -6.448626e-05 2.9204888e-05
1205.3499095263255 -6.609276e-05 2.8828232e-05
1205.4033242395155 -6.774409e-05 2.6447957e-05
1205.4567386050753 0.0013577563 0.0014336263
1205.5101526230123 -6.644466e-05 2.758905e-05
1205.563566293333 -6.387426e-05 2.7173248e-05
1205.6169796160443 0.0013657762 0.0014586514
1205.670392591153 -6.592726e-05 2.6933209e-05
1205.723805218666 -6.584601e-05 2.734425e-05
1205.7772174985898 -6.4577456e-05 2.7193084e-05
1205.8306294309311 -6.56875e-05 2.6116311e-05
1205.8840410156974 -6.349627e-05 2.6775298e-05
1205.9374522528947 0.0014734291 0.0015498791
1205.9908631425303 -6.417879e-05 2.6082664e-05
1206.0442736846103 0.0028985634 2.9331206e-05
1206.0976838791423 0.0014041489 0.0014514591
1206.1510937261328 0.004159123 0.004440419
1206.2045032255885 0.0013726491 0.0014950585
1206.257912377516 0.0061009205 0.0030958338
1206.3113211819225 0.0038884615 0.0042587738
1206.3647296388144 0.0014769702 0.0016259333
1206.418137748199 0.00277398 0.0030077181
1206.4715455100823 0.005688437 0.0029712797
1206.5249529244718 -6.141025e-05 2.5025874e-05
1206.5783599913739 0.0013526226 0.0014165996
1206.6317667107955 0.0027714097 0.0029418676
1206.6851730827436 0.0036614293 0.004084863
1206.7385791072243 0.0012384198 0.0015021346
1206.7919847842452 0.0013806288 0.0015058832
1206.8453901138125 -6.39263e-05 2.345554e-05
1206.8987950959333 0.0014431329 0.0015737859
1206.9521997306144 -6.384194e-05 2.4056706e-05
1207.0056040178622 -6.3519445e-05 2.2908323e-05
1207.059007957684 -6.4886e-05 2.2673952e-05
1207.1124115500863 -6.216015e-05 2.2116477e-05
1207.1658147950757 -6.504176e-05 2.2655311e-05
1207.2192176926592 0.0013589304 0.0014104539
1207.2726202428437 0.0014463868 0.0015282739
1207.326022445636 0.001355237 0.0014979908
1207.3794243010425 0.0014275095 0.001555943
1207.4328258090702 -5.9673017e-05 2.2022014e-05
1207.486226969726 0.0014157477 0.0015539167
1207.5396277830164 -0.00031636923 2.2739381e-05
1207.5930282489485 0.0013989345 0.0015286744
1207.6464283675286 0.0013105032 0.0014411707
1207.6998281387641 -6.424454e-05 2.0879406e-05
1207.7532275626613 -6.0410024e-05 2.147389e-05
1207.8066266392275 -6.353302e-05 1.9915104e-05
1207.8600253684688 -6.0812486e-05 2.1318065e-05
1207.9134237503922 0.0014253082 0.001581562
1207.966821785005 -6.126272e-05 2.0388341e-05
1208.0202194723133 0.0014146479 0.0015093206
1208.073616812324 -6.2083775e-05 1.8544692e-05
1208.1270138050443 0.0028267058 0.0031183204
1208.1804104504806 -6.1856445e-05 1.8954655e-05
1208.2338067486396 0.0014843117 0.0016005844
1208.2872026995285 0.0013320411 0.0014313918
1208.3405983031537 -6.418761e-05 1.8594163e-05
1208.393993559522 -0.00013848102 9.7066775e-05
1208.4473884686404 0.001342878 0.0016222782
1208.5007830305153 0.0013656451 0.0014615093
1208.554177245154 -6.29418e-05 1.8084887e-05
1208.607571112563 -6.1621526e-05 1.9426727e-05
1208.6609646327488 -6.247768e-05 1.743347e-05
1208.7143578057187 -0.0001125629 6.847948e-05
1208.767750631479 -0.00018873255 3.4296307e-05
1208.8211431100367 -6.210785e-05 1.8121827e-05
1208.8745352413987 0.0013341262 0.0014215015
1208.9279270255715 -6.309098e-05 1.7044034e-05
1208.981318462562 -6.308111e-05 1.8395935e-05
1209.034709552377 -6.478564e-05 1.5335598e-05
1209.0881002950237 0.0014260911 0.0015244334
1209.141490690508 0.001448993 0.0015428071
1209.1948807388371 0.0013427999 0.0013835808
1209.2482704400177 -6.0780756e-05 1.8094452e-05
1209.3016597940566 -6.3787644e-05 1.5603793e-05
1209.355048800961 -6.236306e-05 1.6445912e-05
1209.4084374607366 0.0013622384 0.001469844
1209.4618257733914 0.0014230511 0.0014807199
1209.5152137389314 0.0013625368 0.001445165
1209.5686013573636 -6.336474e-05 1.5823944e-05
1209.621988628695 0.0013592436 0.0014797647
1209.6753755529319 -6.1934195e-05 1.6838325e-05
1209.7287621300811 -6.291772e-05 1.5257044e-05
1209.78214836015 0.0015201787 0.0015752538
1209.8355342431446 -6.1735715e-05 1.541624e-05
1209.8889197790722 -0.00016310406 1.4791854e-05
1209.9423049679394 0.0029157856 0.00019523237
1209.9956898097528 -6.31097e-05 1.4693521e-05
1210.0490743045198 -6.340311e-05 1.4748885e-05
1210.102458452246 -6.286884e-05 1.4905463e-05
1210.155842252939 0.0014076865 0.0015438831
1210.2092257066058 -6.0843922e-05 1.4891635e-05
1210.2626088132522 -6.22273e-05 1.4597481e-05
1210.315991572886 0.0014117263 0.0014692089
1210.3693739855134 0.0029096326 4.705307e-05
1210.422756051141 -6.347463e-05 1.3905877e-05
1210.4761377697766 -6.213814e-05 1.3695728e-05
1210.5295191414255 0.0013460536 0.001416115
1210.5829001660957 -6.314543e-05 1.4137225e-05
1210.6362808437932 -6.0215392e-05 1.321164e-05
1210.6896611745249 -6.160733e-05 1.46065195e-05
1210.743041158298 -6.208302e-05 1.2446034e-05
1210.7964207951186 -9.9215795e-05 5.0634655e-05
1210.8498000849938 -0.00014800139 2.2236356e-05
1210.9031790279307 -7.760555e-05 2.7761536e-05
1210.9565576239359 0.0014570898 0.001634242
1211.0099358730156 0.0013986649 0.0015333414
1211.0633137751768 0.0013839919 0.0014562622
1211.1166913304269 0.0016643329 0.0017093911
1211.1700685387718 -5.884852e-05 1.3192818e-05
1211.223445400219 -6.393454e-05 1.25163615e-05
1211.2768219147747 -6.0967322e-05 1.2168953e-05
1211.330198082446 -6.269802e-05 1.21797e-05
1211.3835739032397 0.0012802429 0.0014724104
1211.4369493771621 0.0012220859 0.0014878965
1211.4903245042206 -0.00035441245 0.00030625946
1211.5436992844216 -0.0008685733 0.00030250484
1211.5970737177715 -6.1699204e-05 1.1533105e-05
1211.6504478042777 0.0018891831 0.0009790765
1211.703821543947 -6.1622035e-05 1.1220382e-05
1211.7571949367857 0.002830892 1.7020922e-05
1211.8105679828006 0.001458007 0.0015558403
1211.8639406819987 0.0014548361 0.0015872691
1211.9173130343868 -0.00011821958 6.968082e-05
1211.9706850399714 -0.00021722315 5.054257e-05
1212.0240566987595 0.0013981111 0.0015085116
1212.0774280107576 0.002861031 1.0369506e-06
1212.1307989759728 0.0013536238 0.0014645772
1212.1841695944115 0.001377381 0.001456405
1212.2375398660804 -6.136578e-05 1.07396945e-05
1212.2909097909871 0.001361293 0.001471582
1212.3442793691374 -6.23652e-05 1.002918e-05
1212.397648600538 0.0073643513 0.0016620083
1212.4510174851969 -6.262435e-05 1.0959053e-05
1212.5043860231194 0.0013943881 0.0015139085
1212.5577542143133 0.0028298986 3.2576154e-06
1212.6111220587848 0.001541125 0.0016630524
1212.6644895565407 -6.289139e-05 8.986407e-06
1212.7178567075878 -0.00016571085 1.17121535e-05
1212.771223511933 0.0029752273 0.00017838855
1212.824589969583 0.0044087037 0.0017606572
1212.8779560805447 -6.199736e-05 1.1211027e-05
1212.9313218448242 -6.284922e-05 9.0018875e-06
1212.9846872624291 -6.324989e-05 9.748097e-06
1213.0380523333656 0.002802126 4.0937786e-05
1213.091417057641 0.0029764131 0.0001081908
1213.1447814352614 0.0012856167 0.0013840361
