eg_uma/half_spectra/oehub3010_59330.8359324729.ecsv
# %ECSV 1.0
# ---
# datatype:
# - {name: WAVELENGTH, datatype: float64}
# - {name: FLUX, datatype: float32}
# - {name: ERROR, datatype: float32}
# schema: astropy-2.0
WAVELENGTH FLUX ERROR
[from data line 701]
1231.9695800699494 0.002786075 0.0030062762
1232.0228131269293 -8.316664e-05 6.7633378e-06
1232.0760458394068 -7.9039164e-05 6.8284967e-06
1232.1292782073883 -0.00018405661 6.9048024e-06
1232.1825102308803 -7.9998565e-05 6.986046e-06
1232.2357419098896 0.0013123691 0.0014158208
1232.288973244423 -7.971807e-05 7.1510945e-06
1232.3422042344876 -8.039209e-05 7.231839e-06
1232.3954348800892 -7.691968e-05 7.312162e-06
1232.4486651812351 0.001449247 0.0015618611
1232.501895137932 0.002903051 1.3041189e-05
1232.5551247501862 0.0026874216 0.0029062096
1232.6083540180045 -7.717457e-05 7.670121e-06
1232.661582941394 0.0013679313 0.0014899859
1232.7148115203606 0.0013876795 0.0014943994
1232.768039754912 -7.931141e-05 7.9071215e-06
1232.821267645054 0.0013260873 0.0014272487
1232.8744951907936 0.0027873253 2.6424059e-05
1232.9277223921376 -7.765213e-05 8.164989e-06
1232.9809492490926 -7.9388505e-05 8.245075e-06
1233.0341757616657 0.0013451696 0.0014650326
1233.0874019298626 -7.7156146e-05 8.427713e-06
1233.1406277536908 0.0027033114 0.0029006344
1233.1938532331567 0.002831363 7.2977076e-05
1233.247078368267 0.0014538821 0.0015632609
1233.3003031590283 0.0013066306 0.0014068814
1233.3535276054477 0.0013289732 0.0014286517
1233.4067517075314 -7.765627e-05 8.960556e-06
1233.4599754652863 0.0026848256 0.002884974
1233.5131988787186 0.0013936855 0.001516297
1233.566421947836 0.0013340538 0.0014329768
1233.6196446726444 -7.5427655e-05 9.317835e-06
1233.6728670531506 -7.5233445e-05 9.414944e-06
1233.7260890893615 0.0014242964 0.0015292384
1233.7793107812836 0.0027869437 0.00012191212
1233.8325321289237 -7.643775e-05 9.68817e-06
1233.8857531322883 0.0028551235 9.7907605e-06
1233.9389737913841 -7.452308e-05 9.863637e-06
1233.9921941062182 -7.6033175e-05 9.984348e-06
1234.0454140767968 1.18174175e-05 9.7845e-05
1234.0986337031266 -0.00017390303 1.0183993e-05
1234.1518529852146 0.004269066 0.0015840359
1234.205071923067 0.0013745602 0.0014739456
1234.2582905166912 -7.600697e-05 1.0448944e-05
1234.3115087660933 0.0013498238 0.0014686008
1234.3647266712799 -7.557174e-05 1.0635573e-05
1234.417944232258 0.004176696 0.001477461
1234.4711614490345 0.004425347 0.0014203717
1234.5243783216154 0.0013310682 0.0014476983
1234.5775948500077 -7.240043e-05 1.1032625e-05
1234.6308110342181 0.003090699 3.6466037e-05
1234.684026874254 -7.2363044e-05 1.1248446e-05
1234.7372423701206 -7.347345e-05 1.1332212e-05
1234.7904575218256 -7.639654e-05 1.1433767e-05
1234.8436723293755 -7.13689e-05 1.1519402e-05
1234.896886792777 0.0044312123 0.0014654666
1234.9501009120365 0.004161201 0.0012146356
1235.003314687161 0.0014052719 0.001503083
1235.056528118157 0.0031164556 0.00015627069
1235.1097412050312 0.0029441966 6.850844e-05
1235.1629539477904 0.004330347 0.0015149902
1235.2161663464408 0.0027829078 0.0029843003
1235.2693784009898 0.0014596042 0.0015855718
1235.3225901114436 0.0014928806 0.0015962264
1235.375801477809 0.0026023858 0.0027988069
1235.429012500093 -7.397241e-05 1.2680168e-05
1235.4822231783014 0.0013422492 0.0014325648
1235.5354335124418 0.0014139325 0.0015363774
1235.5886435025202 0.0014175005 0.0015395699
1235.641853148544 -6.983928e-05 1.3068626e-05
1235.6950624505193 0.0013563086 0.0014472066
1235.7482714084526 0.0015415549 0.001674736
1235.801480022351 0.0019251127 0.000946571
1235.8546882922212 0.0013398278 0.0014568123
1235.9078962180697 -7.2077484e-05 1.3614424e-05
1235.9611037999032 0.005911497 0.00019755
1236.0143110377285 -6.892959e-05 1.3830442e-05
1236.067517931552 0.004786314 0.0020501511
1236.1207244813806 -0.00017347488 1.40498005e-05
1236.173930687221 0.001399181 0.0015199105
1236.2271365490794 0.0013114675 0.001396094
1236.2803420669632 0.0014050289 0.0015268653
1236.3335472408787 0.001323082 0.0014380459
1236.3867520708325 0.0013873026 0.0014775569
1236.4399565568312 0.0027810829 0.00297331
1236.4931606988819 0.0005879507 0.0006793447
1236.5463644969907 -6.729968e-05 1.493958e-05
1236.5995679511648 0.0013652332 0.0014835008
1236.6527710614107 0.004188819 0.001435101
1236.7059738277349 -6.828131e-05 1.5288526e-05
1236.759176250144 -6.7126435e-05 1.5402986e-05
1236.8123783286449 0.0027083012 0.0028864918
1236.8655800632444 -6.817749e-05 1.5619693e-05
1236.918781453949 0.0013185325 0.0014012883
1236.971982500765 0.0040139863 0.0043847105
1237.0251832037 -6.8541754e-05 1.5981052e-05
1237.0783835627594 0.001378984 0.0014658463
1237.131583577951 -6.9476846e-05 1.6226968e-05
1237.1847832492808 -0.00031474838 1.6342747e-05
1237.237982576756 0.0010407463 0.0014818365
1237.2911815603827 0.001382068 0.0015019433
1237.344380200168 -6.767241e-05 1.6702394e-05
1237.3975784961183 0.0013279791 0.0014092679
1237.4507764482403 0.002867445 9.952693e-06
1237.503974056541 0.002717586 0.0029012195
1237.5571713210265 -6.661843e-05 1.7173446e-05
1237.6103682417038 -6.398075e-05 1.7293689e-05
1237.6635648185795 0.0013886468 0.0015094695
1237.7167610516603 0.0029266395 3.6668294e-05
1237.769956940953 0.0013225265 0.001437963
1237.8231524864643 0.0013717011 0.0014909643
1237.8763476882002 0.0027971498 0.0030203606
1237.9295425461682 0.0018064273 0.00092041394
1237.9827370603743 0.0014631532 0.0015528048
1238.0359312308258 0.0027753813 6.373439e-05
1238.089125057529 0.001410135 0.0014952658
1238.1423185404906 -6.55667e-05 1.8532766e-05
1238.1955116797171 0.0028708787 1.8664054e-05
1238.2487044752154 0.0014639578 0.0015529544
1238.3018969269922 0.0028262758 1.8924475e-05
1238.355089035054 -6.7523084e-05 1.9050318e-05
1238.4082807994075 0.0028692547 0.0030627502
1238.4614722200595 0.0027833583 0.0029602791
1238.5146632970166 0.0043735323 0.0015258557
1238.5678540302852 0.0059248884 0.0030802016
1238.6210444198723 0.0041712057 0.0013869602
1238.6742344657844 0.0028872327 0.0030809545
1238.7274241680282 0.0028719434 2.0601421e-05
1238.78061352661 0.0028071685 0.0030424052
1238.8338025415376 0.004539866 0.0015586774
1238.8869912128164 0.0027766416 0.0030015153
1238.9401795404535 0.0043856003 0.0015051519
1238.9933675244556 0.0028584488 0.003049461
1239.0465551648294 0.004109887 0.004443127
1239.0997424615819 0.009686366 0.0074386625
1239.152929414719 0.0067158504 0.0075773695
1239.2061160242479 0.004517393 0.0049526202
1239.259302290175 0.00845242 0.005948577
1239.3124882125069 0.006066512 0.002754797
1239.3656737912506 0.0067936736 0.004169449
1239.4188590264125 0.004422278 0.0016301833
1239.4720439179996 -6.39391e-05 2.1818583e-05
1239.525228466018 0.0028213786 6.514608e-05
1239.5784126704748 -6.701776e-05 2.2069456e-05
1239.6315965313765 0.002658167 0.002861724
1239.6847800487299 0.0044387653 0.001513968
1239.7379632225416 0.0042480556 0.001428345
1239.7911460528178 0.0045181196 0.0015801529
1239.8443285395658 0.001339575 0.001457396
1239.8975106827916 -6.529498e-05 2.2905404e-05
1239.9506924825027 -6.372345e-05 2.3048604e-05
1240.0038739387053 -6.499653e-05 2.317158e-05
1240.0570550514058 0.0029186704 2.331962e-05
1240.1102358206113 0.0030068296 2.3465138e-05
1240.1634162463283 0.0027794142 0.002995805
1240.2165963285634 0.0014038985 0.0014807117
1240.2697760673234 -6.27958e-05 2.3883122e-05
1240.3229554626146 -6.522218e-05 2.4024195e-05
1240.3761345144442 0.0013425361 0.0014637498
1240.429313222818 0.0027319782 1.06258085e-05
1240.4824915877439 0.0013829682 0.0015078223
1240.5356696092274 0.002791961 0.002968478
1240.588847287276 -6.384391e-05 2.4734733e-05
1240.6420246218954 0.004405443 0.0015212141
1240.6952016130933 0.0042307996 0.0015409266
1240.7483782608756 0.0029112862 2.5159097e-05
1240.8015545652495 0.002890047 7.438666e-05
1240.8547305262214 0.0055825743 0.0028988207
1240.9079061437978 0.0015021914 0.001637158
1240.9610814179855 0.0029834262 5.6984227e-05
1241.0142563487912 0.00269014 0.0029128583
1241.0674309362214 0.0043827225 0.0015464333
1241.1206051802828 0.007934173 0.009092629
1241.1737790809823 0.002706881 0.0029312829
1241.2269526383263 0.0013355336 0.0014579181
1241.2801258523214 0.0027535604 0.0029769929
1241.3332987229744 0.0013124777 0.001378594
1241.3864712502918 0.001343069 0.0014116394
1241.4396434342807 -6.343181e-05 2.7094666e-05
1241.4928152749471 -6.513874e-05 2.7251472e-05
1241.545986772298 -6.170978e-05 2.740109e-05
1241.59915792634 0.0030068904 2.7550615e-05
1241.6523287370796 0.0026467186 0.0028563559
1241.705499204524 0.0014057959 0.0014782492
1241.758669328679 0.002743087 0.00290945
1241.8118391095522 0.0054423376 0.0025019688
1241.8650085471493 -6.723081e-05 2.8320315e-05
1241.9181776414778 0.0013484366 0.0014161193
1241.9713463925436 0.01086629 0.0014443811
1242.0245148003537 0.0027519362 0.0029782383
1242.077682864915 -6.3293424e-05 2.8928393e-05
1242.130850586234 -6.293967e-05 2.9077337e-05
1242.1840179643168 0.0029029492 5.3397598e-05
1242.237184999171 0.0027883933 0.0029593627
1242.2903516908023 -6.3736785e-05 2.9556042e-05
1242.343518039218 0.0029601546 1.8537858e-05
1242.3966840444243 0.0014143304 0.0014853798
1242.4498497064283 0.0028386652 0.0030112478
1242.5030150252362 0.0027311903 0.0028981932
1242.5561800008552 0.002890308 3.0338299e-05
1242.6093446332911 0.004300265 0.0014468575
1242.6625089225515 0.0019231412 0.00087978755
1242.7156728686425 0.0059438306 6.103467e-05
1242.768836471571 0.0013005555 0.0013617721
1242.8219997313436 0.0029449456 0.0032093185
1242.8751626479664 0.0014210213 0.0014914558
1242.9283252214468 -6.3333035e-05 3.145651e-05
1242.9814874517908 0.0029290635 3.1614672e-05
1243.0346493390057 0.014849679 0.00010646932
1243.0878108830977 0.0014347656 0.0015057563
1243.1409720840736 0.0039799316 0.004319261
1243.1941329419399 0.0060349433 0.0029515245
1243.2472934567033 0.005792618 0.0030170677
1243.3004536283706 0.0043354006 0.001478382
1243.3536134569486 0.007280903 0.0014234642
1243.4067729424435 0.008584643 0.0062209046
1243.4599320848617 0.004271978 0.0014757444
1243.5130908842107 0.0029006118 0.0030839746
1243.5662493404966 0.0029312642 6.726933e-05
1243.6194074537264 0.0013919268 0.0015279761
1243.672565223906 -6.550792e-05 3.3755943e-05
1243.7257226510428 -6.625163e-05 3.391089e-05
1243.7788797351432 0.0028321317 8.784832e-05
1243.8320364762137 0.0013770494 0.0015128353
1243.8851928742608 0.007211301 0.0014574231
1243.9383489292918 0.0029088648 0.0030948569
1243.991504641313 0.0044065374 0.0013126995
1244.0446600103307 0.0028061473 0.0030518835
1244.097815036352 0.0041596536 0.0045542903
1244.1509697193833 0.0074412883 0.0014616267
1244.2041240594313 0.002803122 0.0029723502
1244.2572780565024 0.002984175 0.00010099503
1244.3104317106038 0.0013557681 0.0014922897
1244.3635850217418 0.0028025277 0.0029675197
1244.4167379899227 0.0027361515 0.0029720825
1244.4698906151536 0.006041765 2.4250474e-05
1244.5230428974414 0.0027986572 0.0030458076
1244.5761948367917 0.001364451 0.0014265694
1244.6293464332125 0.003960765 0.0042612236
1244.6824976867094 0.0014282331 0.0014946499
1244.7356485972894 0.0013273722 0.0013860862
1244.788799164959 0.0013927754 0.0014564836
1244.841949389725 0.002940491 1.33968415e-05
1244.895099271594 -6.842748e-05 3.7665064e-05
1244.948248810573 0.0013244533 0.0014620811
1245.0013980066678 0.0042878753 0.0013987165
1245.0545468598855 -6.8113804e-05 3.8202943e-05
1245.107695370233 0.005831657 0.0028988332
1245.1608435377163 0.0027724854 0.0029372682
1245.2139913623425 0.005830332 0.0028699203
1245.2671388441183 0.008435499 0.0028299917
1245.32028598305 0.0028873344 3.9089355e-05
1245.3734327791449 -6.759049e-05 3.9274255e-05
1245.4265792324088 -6.570992e-05 3.9453418e-05
1245.4797253428485 0.0044945027 0.0015930743
1245.532871110471 0.005941684 7.329084e-05
1245.5860165352829 0.0013458913 0.0014056504
1245.6391616172903 0.002949494 0.0031298597
1245.6923063565005 0.002733045 0.0028567049
1245.7454507529194 0.0027865374 0.002951107
1245.7985948065545 0.0029759067 2.7858367e-05
1245.851738517412 0.002788277 0.00012029081
1245.9048818854985 0.0029049802 4.479194e-06
1245.9580249108205 0.00291431 7.411114e-05
1246.0111675933852 0.0014233806 0.0015740732
1246.0643099331983 0.005653509 0.0029483314
1246.1174519302674 0.002736396 0.0029688794
1246.1705935845987 0.001456234 0.0016106885
1246.2237348961987 0.007162355 0.004578358
1246.2768758650739 0.0013637613 0.0014244241
1246.3300164912316 0.0028242623 5.723896e-05
1246.383156774678 0.002757013 0.0029939627
1246.4362967154195 0.0043532737 0.0015509378
1246.489436313463 0.0016060674 0.0017760363
1246.5425755688152 0.0042647836 0.001493805
1246.595714481483 0.0040980005 0.0044233394
1246.648853051472 0.0042801276 0.0015371061
1246.70199127879 0.0044900877 0.0012468687
1246.7551291634431 0.0027748994 0.003034045
1246.8082667054377 0.0046020327 0.001425401
1246.861403904781 0.0019804738 0.0020762363
1246.9145407614792 0.0062693194 0.00027240417
1246.967677275539 0.0015511838 0.0017194366
1247.0208134469672 -7.2774004e-05 4.5014614e-05
1247.07394927577 0.0072209346 0.004481533
1247.1270847619546 0.004322104 0.0014102174
1247.1802199055273 0.0029358605 8.003529e-05
1247.2333547064948 0.0040372643 0.0044483854
1247.286489164864 0.0042243493 0.0014857576
1247.3396232806408 0.0044063497 0.0015879187
1247.3927570538324 0.0013344444 0.0014875539
1247.445890484445 0.002995196 1.3731068e-05
1247.499023572486 0.007159823 0.001416681
1247.5521563179614 0.0014159146 0.0014798682
1247.6052887208782 0.0013622404 0.0015189651
1247.6584207812425 0.003984851 0.0044080946
1247.711552499061 0.0044168117 0.0048974594
1247.764683874341 0.004118982 0.004532781
1247.8178149070886 0.009843163 0.0044928356
1247.8709455973103 0.0060763643 0.0031446149
1247.924075945013 0.010233068 0.0045666336
1247.9772059502034 0.0029013494 5.0102744e-06
1248.0303356128877 0.0013709392 0.0014317988
1248.083464933073 0.0043105506 0.0014493478
1248.136593910766 -7.411132e-05 4.9089664e-05
1248.1897225459725 0.0041020704 0.0044939187
1248.2428508387 0.0058674747 0.00021152265
1248.2959787889545 0.008820318 3.3969864e-05
1248.3491063967433 0.0073398002 0.0016015042
1248.4022336620721 0.006872764 0.007753552
1248.4553605849485 0.0042680358 0.004719768
1248.5084871653787 0.0058270977 0.0031237798
1248.5616134033692 0.0014131174 0.0015815613
1248.6147392989265 0.0043285717 0.0015247649
1248.6678648520576 0.002939601 0.003089215
1248.720990062769 0.0014896512 0.0015289075
1248.7741149310673 0.0015134283 0.0015527917
1248.8272394569592 0.0027635794 0.00036242002
1248.8803636404512 0.0044446746 0.0014921392
1248.9334874815497 1.5693987e-06 2.5520421e-08
1248.9866109802617 0.010418091 0.0014922145
1249.0397341365938 0.0058485386 0.0029823922
1249.0928569505525 -6.952e-05 0.0
