eg_uma/half_spectra/oehua4010_59306.2888939868.ecsv
# %ECSV 1.0
# ---
# datatype:
# - {name: WAVELENGTH, datatype: float64}
# - {name: FLUX, datatype: float32}
# - {name: ERROR, datatype: float32}
# schema: astropy-2.0
WAVELENGTH FLUX ERROR
[from data line 699]
1231.8547125037912 0.0014239762 0.0014774954
1231.90795571462 -2.5359335e-05 8.875961e-06
1231.9611985811853 -2.3774941e-05 9.157505e-06
1232.014441103494 0.004674549 0.0017491756
1232.067683281553 -2.368569e-05 9.738562e-06
1232.1209251153684 -2.5354311e-05 1.0038004e-05
1232.1741666049475 -2.269733e-05 1.0333877e-05
1232.2274077502968 0.0013658683 0.0014090507
1232.2806485514227 0.001392068 0.0014568134
1232.3338890083319 0.0014611726 0.001530822
1232.3871291210312 -1.8750288e-05 1.1452616e-05
1232.4403688895275 0.0030566307 1.4601616e-05
1232.4936083138273 0.00291811 0.0030876086
1232.5468473939372 -1.8663444e-05 1.2340642e-05
1232.600086129864 -1.8362314e-05 1.262263e-05
1232.6533245216142 0.0029737751 0.0031406886
1232.7065625691944 -1.6088972e-05 1.32035875e-05
1232.7598002726115 0.0015172467 0.0015901525
1232.8130376318722 -1.6073767e-05 1.3749014e-05
1232.8662746469834 0.0013313491 0.0015088074
1232.9195113179512 -1.5287575e-05 1.4331823e-05
1232.9727476447824 0.0014707036 0.0015376987
1233.025983627484 -1.4255073e-05 1.4898396e-05
1233.0792192660629 0.0013655013 0.0014246923
1233.1324545605246 -1.4799183e-05 1.5447105e-05
1233.185689510877 -1.2503809e-05 1.5736128e-05
1233.238924117126 0.002964229 1.6016067e-05
1233.2921583792788 -1.3380286e-05 1.6294664e-05
1233.345392297342 0.0027762102 0.0029316384
1233.3986258713219 -1.26668665e-05 1.6844711e-05
1233.4518591012254 -9.650123e-06 1.7109152e-05
1233.5050919870594 -1.1448455e-05 1.7408971e-05
1233.55832452883 0.001430166 0.001491481
1233.6115567265444 -9.754147e-06 1.7931745e-05
1233.6647885802092 0.0027393824 0.0028912644
1233.718020089831 0.0014426037 0.001504654
1233.7712512554162 -6.525479e-06 1.8761193e-05
1233.824482076972 -9.2019145e-06 1.9047471e-05
1233.8777125545046 -7.4861537e-06 1.9296678e-05
1233.9309426880207 -6.980237e-06 1.957719e-05
1233.984172477527 0.002848227 0.0029729886
1234.0374019230303 -6.254472e-06 2.010889e-05
1234.0906310245377 -5.57306e-06 2.0395148e-05
1234.143859782055 0.0055532064 0.002873111
1234.1970881955895 0.0014667748 0.00148865
1234.2503162651478 0.001430711 0.0014494009
1234.303543990736 -6.027014e-06 2.144585e-05
1234.3567713723614 0.0014673178 0.0015283057
1234.4099984100305 0.002776466 0.0029312246
1234.4632251037501 0.0014402617 0.0014993222
1234.5164514535263 0.002812044 1.1409844e-05
1234.5696774593664 0.0013943388 0.0014494928
1234.6229031212767 -2.1060212e-06 2.3001074e-05
1234.6761284392642 0.001431813 0.001489387
1234.7293534133353 0.0027332471 0.0028696673
1234.7825780434966 -3.0407336e-06 2.3799646e-05
1234.835802329755 0.0014506425 0.0014632781
1234.889026272117 0.0028512522 0.002963189
1234.9422498705896 0.0029802523 5.389554e-06
1234.9954731251792 2.795923e-06 2.4803521e-05
1235.048696035892 0.0030364944 1.5058655e-05
1235.1019186027352 0.0013988405 0.0014036804
1235.1551408257155 0.0029666962 2.5551404e-05
1235.2083627048396 0.0038247649 0.00091602013
1235.2615842401142 1.9324007e-06 2.602992e-05
1235.3148054315454 4.4688313e-06 2.6284648e-05
1235.3680262791404 0.0013984999 0.0014002201
1235.4212467829057 0.0035920914 0.0037640175
1235.4744669428478 0.0015825984 0.0015977507
1235.5276867589737 0.0016355133 0.001655129
1235.58090623129 4.3238497e-06 2.7503424e-05
1235.6341253598032 0.0029845769 1.369994e-05
1235.6873441445198 0.0015142956 0.0015764518
1235.740562585447 5.627028e-06 2.82387e-05
1235.793780682591 0.0024768354 0.00047169437
1235.8469984359588 7.453074e-06 2.8697441e-05
1235.9002158455567 0.0015242972 0.0015298489
1235.9534329113915 0.0014503741 0.0014503621
1236.0066496334703 0.001416266 0.0014117335
1236.0598660117987 0.0027791276 0.0030659914
1236.1130820463845 -9.67317e-05 2.9851899e-05
1236.166297737234 0.0012809421 0.0013288584
1236.2195130843534 0.0014807481 0.0014791933
1236.2727280877498 0.0029611948 1.4233733e-05
1236.3259427474297 0.0014127702 0.0014047674
1236.3791570634 0.0015272445 0.001588063
1236.4323710356668 8.96371e-06 3.1207575e-05
1236.4855846642376 0.004735657 0.0016432743
1236.5387979491186 0.0013804486 0.0013675559
1236.5920108903165 0.0014457148 0.0015001179
1236.6452234878377 0.004241567 0.004180425
1236.698435741689 0.0014923499 0.0015508375
1236.7516476518774 0.0060226284 0.00022063333
1236.804859218409 1.364831e-05 3.2734486e-05
1236.8580704412911 1.1367224e-05 3.2949916e-05
1236.91128132053 1.224152e-05 3.316503e-05
1236.9644918561323 0.0015014877 0.0015611915
1237.0177020481046 0.0045522726 0.0014225907
1237.0709118964537 1.5105702e-05 3.3787408e-05
1237.1241214011861 0.006102811 7.663152e-06
1237.177330562309 0.0015488279 0.0016138604
1237.2305393798285 0.0046622125 0.0015054223
1237.2837478537513 0.0043227933 0.0014650859
1237.3369559840844 0.0015425936 0.0015333277
1237.390163770834 1.4562794e-05 3.5003548e-05
1237.4433712140071 0.002981818 0.0001513296
1237.4965783136104 1.5847147e-05 3.539947e-05
1237.5497850696502 1.5322647e-05 3.5611054e-05
1237.6029914821336 1.6911074e-05 3.580024e-05
1237.6561975510665 1.2696707e-05 3.6005767e-05
1237.7094032764564 1.5456326e-05 3.6199457e-05
1237.7626086583095 9.733539e-05 4.2464257e-05
1237.8158136966326 0.0015645368 0.0015531151
1237.8690183914325 0.0014998281 0.00148422
1237.9222227427156 1.7026327e-05 3.6948433e-05
1237.9754267504884 0.0015174627 0.0015790795
1238.028630414758 0.0029202271 4.614713e-05
1238.0818337355308 0.002770213 0.0028270893
1238.1350367128134 0.0014158174 0.0014705055
1238.188239346613 0.004417915 0.0014458647
1238.2414416369352 0.0014932171 0.0014737796
1238.2946435837873 0.007585409 0.0014605704
1238.3478451871763 0.0014369363 0.0014933023
1238.4010464471082 0.004448208 0.0016187525
1238.4542473635902 0.0014479615 0.0014241863
1238.5074479366283 0.004436799 0.0015339105
1238.5606481662294 0.0150677515 0.0030596661
1238.6138480524007 0.012731281 0.00122494
1238.6670475951482 0.0075542647 0.0016952717
1238.7202467944785 0.0045026736 0.001511148
1238.7734456503988 0.004205894 0.0012529417
1238.8266441629155 0.0029123065 0.003071467
1238.8798423320352 0.0013700651 0.0014225949
1238.9330401577643 1.8313614e-05 4.0249615e-05
1238.9862376401102 0.0045212135 0.0015593597
1239.0394347790786 0.0014754577 0.0014495674
1239.0926315746767 0.0014176937 0.0014731865
1239.1458280269112 0.0014408564 0.0014131466
1239.1990241357885 0.0015083137 0.0015708153
1239.2522199013154 0.0029183233 0.00012298305
1239.3054153234984 0.0014621743 0.0015219286
1239.3586104023443 0.0014506213 0.0015091274
1239.4118051378598 0.0014843199 0.0015455958
1239.4649995300515 0.0014559075 0.0014280304
1239.5181935789258 0.0071945214 0.0014886158
1239.5713872844897 -0.00012390493 4.204109e-05
1239.6245806467498 0.002954418 3.1463802e-05
1239.6777736657125 0.0030798323 2.0667205e-06
1239.7309663413844 0.0014504655 0.0015099527
1239.7841586737727 1.7499635e-05 4.261373e-05
1239.8373506628832 0.0029262078 4.275235e-05
1239.8905423087233 1.877135e-05 4.293558e-05
1239.9437336112994 0.0058206595 0.0029953574
1239.996924570618 1.9687146e-05 4.3150336e-05
1240.0501151866858 0.006710415 0.007404373
1240.1033054595096 1.7725903e-05 4.3409887e-05
1240.156495389096 0.003045182 4.354189e-05
1240.2096849754516 0.002989162 4.3656095e-05
1240.2628742185832 0.0030002075 4.3789856e-05
1240.316063118497 0.0041962983 0.004532241
1240.3692516752 0.0042661414 0.0046081026
1240.4224398886986 0.0028974882 4.4116743e-05
1240.475627759 0.0022981497 0.00080238853
1240.5288152861103 0.0014312385 0.0014909719
1240.5820024700363 0.0014810818 0.0015449534
1240.6351893107844 0.0014893532 0.0015538491
1240.6883758083616 0.0022419181 0.0006471893
1240.7415619627748 0.002820052 0.0028866755
1240.7947477740297 0.0015452675 0.0015215888
1240.8479332421339 0.0014143393 0.0014740606
1240.9011183670937 0.0058967057 0.0030166726
1240.9543031489152 1.6837985e-05 4.5163084e-05
1241.007487587606 0.0014660169 0.0015306617
1241.0606716831721 0.0014872436 0.0014595711
1241.1138554356205 0.0044846195 0.0013988663
1241.1670388449572 1.9601717e-05 4.55092e-05
1241.2202219111898 1.7665405e-05 4.561856e-05
1241.2734046343242 0.0030069118 0.0030987053
1241.3265870143675 0.0028652176 0.0029451745
1241.3797690513259 0.003112005 7.760052e-05
1241.4329507452064 1.5850894e-05 4.5926285e-05
1241.4861320960154 0.003646677 0.003809741
1241.5393131037595 0.0014867542 0.0015546246
1241.5924937684458 0.0031708675 0.00012736299
1241.6456740900803 0.0029537086 0.000106326384
1241.6988540686702 0.0014262783 0.0014912989
1241.7520337042217 0.0022242162 0.00092256145
1241.8052129967418 0.0014624052 0.0014345478
1241.858391946237 0.0031048148 0.0031915605
1241.911570552714 0.0014116146 0.001477189
1241.964748816179 0.0032349443 4.6638186e-05
1242.0179267366393 0.004385295 0.0015068861
1242.071104314101 0.0029466772 3.0356341e-05
1242.124281548571 0.0045119645 0.0017802889
1242.177458440056 0.0045115636 0.0016266017
1242.2306349885623 1.2797292e-05 4.688557e-05
1242.2838111940969 0.0015187609 0.0015935507
1242.3369870566664 0.0014631888 0.0015349413
1242.3901625762771 0.0028298772 0.0030038308
1242.4433377529363 0.0045766714 0.0014262269
1242.49651258665 0.011658147 0.006071161
1242.5496870774248 0.010351513 0.004576488
1242.6028612252678 0.0027552955 0.0029186558
1242.6560350301854 0.0062336395 0.000113046204
1242.7092084921844 0.0046440386 0.0016906479
1242.762381611271 0.0014443654 0.001418821
1242.8155543874523 0.0043953205 0.0015011429
1242.8687268207348 0.004539703 0.004833056
1242.921898911125 1.1347687e-05 4.730007e-05
1242.9750706586296 0.0030209795 4.7341804e-05
1243.0282420632552 0.0029149016 4.1574607e-05
1243.0814131250083 0.0014299172 0.0014053708
1243.134583843896 0.0029460802 5.0751143e-05
1243.1877542199247 0.002926964 0.003012833
1243.2409242531012 0.007397133 0.0014990391
1243.2940939434316 0.005844536 0.006380812
1243.3472632909227 7.486448e-06 4.7390044e-05
1243.4004322955816 0.0014747435 0.0014555631
1243.4536009574144 0.0014771109 0.0015563514
1243.5067692764278 0.0045849998 0.0016541064
1243.559937252629 0.0015019361 0.0014866604
1243.6131048860238 6.456621e-06 4.7361646e-05
1243.6662721766195 0.0028497337 0.0030342187
1243.7194391244225 0.007265283 0.004570224
1243.7726057294392 0.004261041 0.0015385948
1243.8257719916764 0.0030851474 7.497559e-05
1243.878937911141 0.005753643 0.0028365368
1243.9321034878392 0.004402663 0.001403936
1243.985268721778 0.0015322228 0.0015202005
1244.0384336129637 0.0014264003 0.0014096242
1244.0915981614032 0.0030076124 4.7208156e-05
1244.1447623671029 0.0041586235 0.0045091533
1244.1979262300695 4.409759e-07 4.712315e-05
1244.2510897503098 0.0013998081 0.0014792901
1244.30425292783 0.0014477693 0.001435522
1244.3574157626372 0.004379091 0.0014287691
1244.4105782547376 0.0042630606 0.0015716315
1244.4637404041384 0.0014709412 0.001461513
1244.516902210846 -2.7697017e-06 4.687667e-05
1244.5700636748666 0.0029719758 4.7644473e-05
1244.6232247962075 0.0071598236 0.0013100178
1244.6763855748745 -4.6443192e-06 4.673861e-05
1244.729546010875 0.0013947091 0.0013824849
1244.7827061042153 -5.955069e-06 4.6588495e-05
1244.835865854902 -4.1599874e-06 4.6509485e-05
1244.8890252629421 0.0014205278 0.0014130572
1244.9421843283417 0.002913205 3.534484e-06
1244.9953430511075 0.0028154314 0.0029133665
1245.0485014312465 -8.543941e-06 4.6248253e-05
1245.1016594687649 0.0043883645 0.0014501909
1245.1548171636696 0.0042869346 0.0015187799
1245.207974515967 0.0029683323 0.003083257
1245.2611315256638 0.0044222595 0.0013860001
1245.3142881927668 0.010231743 0.004574622
1245.3674445172826 0.007459481 0.0016799247
1245.4206004992177 0.004434532 0.001510559
1245.4737561385787 -1.4193725e-05 4.5610264e-05
1245.5269114353723 0.0028566453 3.7877697e-05
1245.5800663896052 0.0029507733 0.00025862857
1245.6332210012838 0.003047219 0.00011887321
1245.6863752704148 0.0013949077 0.0014886885
1245.739529197005 0.004913853 0.0036648598
1245.7926827810609 0.0036181565 0.002136271
1245.8458360225889 -1.4970265e-05 4.4849352e-05
1245.8989889215961 0.0014151816 0.0015129156
1245.9521414780888 0.0014063269 0.0015034778
1246.0052936920736 0.0044070035 0.0016025098
1246.0584455635571 0.0053482526 0.0059314845
1246.1115970925462 0.0059922845 0.0030560438
1246.1647482790472 0.0042655454 0.0013605715
1246.217899123067 0.004200861 0.004570918
1246.2710496246118 0.007854679 0.0008072254
1246.324199783689 0.00136095 0.0014598429
1246.3773496003043 0.0032539277 0.0024029373
1246.430499074465 0.010550858 0.0015634386
1246.4836482061771 0.008958128 0.00013434951
1246.536796995448 0.002707956 0.0028134356
1246.5899454422836 0.001443198 0.0015509798
1246.6430935466913 0.007409039 0.0014875272
1246.6962413086767 0.004297694 0.0015820349
1246.7493887282471 0.0062355995 3.575115e-05
1246.8025358054088 0.005788464 0.0029427712
1246.855682540169 0.0075731436 0.0014948418
1246.9088289325334 0.0061993524 0.00013444916
1246.9619749825094 0.0028160275 0.0030315781
1247.0151206901035 -3.3268065e-05 4.1680534e-05
1247.0682660553223 0.0014170777 0.0015290746
1247.1214110781716 0.0013992388 0.0014266917
1247.1745557586594 -3.6254864e-05 4.112739e-05
1247.2277000967913 0.006043169 0.0002621798
1247.2808440925742 0.0030637207 0.00019866007
1247.3339877460146 0.0044719577 0.0014979085
1247.3871310571196 0.0015187992 0.0015583808
1247.4402740258952 0.0045312126 0.0013448595
1247.4934166523485 0.00438378 0.0014032142
1247.5465589364858 0.0028326125 0.0030637763
1247.5997008783138 0.0028179178 0.0029561904
1247.652842477839 0.002820717 0.0029670042
1247.7059837350685 0.0044869143 0.0014848838
1247.7591246500083 0.0028369064 0.0029843615
1247.8122652226652 0.0013669572 0.0014869038
1247.865405453046 -5.1140112e-05 3.8485538e-05
1247.9185453411574 0.0028709467 6.7641406e-05
1247.9716848870055 0.0029042487 1.3172156e-05
1248.0248240905973 0.0055548954 0.0028576052
1248.0779629519398 0.0027911314 0.003022514
1248.1311014710384 0.0027251458 2.7616275e-05
1248.184239647901 0.010653373 0.0049906806
1248.2373774825335 0.0058933026 1.5868784e-05
1248.2905149749429 0.009129325 0.0068628863
1248.3436521251353 0.0069956537 0.0015225488
1248.3967889331177 0.0036707106 0.0008083808
1248.4499253988965 0.002222891 0.0024184422
1248.5030615224787 0.0027951943 0.0030308587
1248.5561973038707 0.0029419994 3.536418e-05
1248.609332743079 0.0044975723 0.0015172432
1248.6624678401101 0.0030811126 0.00014374059
1248.7156025949707 0.0058755577 0.0030396234
1248.7687370076678 0.0015506182 0.0015943238
1248.8218710782076 0.0031788894 8.676903e-05
1248.8750048065967 1.3047247e-06 3.783498e-09
1248.928138192842 -4.829488e-07 2.7779604e-08
1248.9812712369499 0.004443944 0.0014921279
1249.034403938927 0.0074314056 0.0014921911
1249.0875362987797 -6.952e-05 0.0
