eg_uma/half_spectra/oehua1010_59306.4223662732.ecsv
# %ECSV 1.0
# ---
# datatype:
# - {name: WAVELENGTH, datatype: float64}
# - {name: FLUX, datatype: float32}
# - {name: ERROR, datatype: float32}
# schema: astropy-2.0
WAVELENGTH FLUX ERROR
[from data line 351]
1213.3149466352484 0.0037892761 0.0017257001
1213.3683091619228 0.00066972425 0.0013794964
1213.421671341959 0.002185141 4.3355394e-05
1213.4750331753635 0.0066276914 0.0016750164
1213.5283946621437 0.004018859 0.0014167874
1213.581755802306 0.008944267 0.007072963
1213.6351165958572 0.01275052 0.0014006336
1213.6884770428037 0.0037259506 0.001496889
1213.741837143153 0.009128771 0.0077048424
1213.795196896911 0.0036850893 0.0016391737
1213.8485563040852 0.0065481686 0.004696141
1213.901915364682 0.011048829 2.106021e-05
1213.9552740787078 0.014869158 0.007463063
1214.0086324461704 0.01269992 0.0077757896
1214.0619904670755 0.019348137 0.0028690477
1214.1153481414303 0.0113673005 0.0027151238
1214.1687054692416 0.026099244 0.010310598
1214.2220624505162 0.03813039 0.007733066
1214.2754190852604 0.026460944 0.0018988769
1214.3287753734814 0.037269384 0.010858582
1214.3821313151855 0.04765791 0.0059818537
1214.4354869103802 0.054478247 0.0032484818
1214.4888421590717 0.069792174 0.017260397
1214.542197061267 0.07000872 0.026986128
1214.5955516169724 0.08931066 0.01783002
1214.648905826195 0.12658766 0.006641952
1214.7022596889415 0.11897359 0.01999114
1214.7556132052189 0.14325494 0.017541224
1214.8089663750336 0.16838107 0.0013287232
1214.8623191983925 0.21364093 0.0057283044
1214.9156716753023 0.22571822 0.005922282
1214.9690238057697 0.20180137 0.009767425
1215.0223755898014 0.19854179 0.010088858
1215.0757270274044 0.19663613 0.018991625
1215.129078118585 0.1478988 0.015355324
1215.1824288633507 0.16720636 0.0056772265
1215.2357792617074 0.119879834 0.00520395
1215.289129313663 0.08699721 0.022485841
1215.3424790192228 0.041425858 0.0041679945
1215.3958283783943 0.04378722 0.0040906025
1215.4491773911843 0.029393006 0.004154923
1215.5025260575994 0.011306866 0.020759717
1215.5558743776467 0.058507532 0.0018129492
1215.6092223513324 0.0013323058 0.017886765
1215.6625699786634 0.013974884 0.0008758046
1215.7159172596464 0.002400353 0.010192268
1215.7692641942888 0.013028347 0.015729327
1215.8226107825963 -0.007478744 0.0042798975
1215.875957024576 0.014850984 0.002638785
1215.9293029202354 0.028639099 0.0060861064
1215.9826484695802 0.01365055 0.005596437
1216.035993672618 0.022277828 0.00063577574
1216.0893385293548 0.01752329 0.009318479
1216.1426830397977 0.0087724095 0.006389886
1216.1960272039535 0.010613623 0.007246509
1216.2493710218291 0.0035992516 0.0045388737
1216.3027144934308 0.01221045 0.0040006004
1216.3560576187654 0.0064256084 0.004311376
1216.40940039784 0.00640189 0.0014489015
1216.4627428306612 0.0018612898 0.00014891516
1216.5160849172353 0.0068448856 0.0015532534
1216.5694266575697 0.004338555 0.00064157596
1216.622768051671 0.00517458 0.0029137393
1216.6761090995458 0.0055674086 0.0031957023
1216.7294498012006 0.0007106918 0.0013790675
1216.7827901566427 0.0022631094 4.0760606e-05
1216.8361301658783 0.0024341147 9.634139e-05
1216.8894698289143 0.0020385804 0.0027996958
1216.9428091457576 0.0024740864 1.5207311e-06
1216.996148116415 0.0038450365 0.001699218
1217.0494867408934 0.0007869291 0.0014560894
1217.1028250191985 0.0021650027 1.4048175e-05
1217.1561629513383 0.00070106116 0.0014679467
1217.209500537319 0.0008048805 0.0015785297
1217.2628377771468 0.0032605522 0.0010257348
1217.3161746708295 0.0036298828 0.0014062459
1217.3695112183734 0.0012294839 0.0010043978
1217.422847419785 0.000786147 0.001449262
1217.4761832750714 0.0045915577 0.0057852156
1217.529518784239 0.00080872996 0.0014719977
1217.5828539472946 -0.0006744431 5.0639792e-05
1217.636188764245 0.0022398562 0.0031112095
1217.6895232350973 0.007914671 0.003067387
1217.7428573598575 0.0039375634 0.0014720212
1217.796191138533 0.002130736 0.0028828427
1217.8495245711301 0.0019934997 0.00035615198
1217.9028576576559 0.0031314355 0.0041112266
1217.9561903981169 0.0023592154 0.0031372854
1218.0095227925199 -0.00066719 4.9359107e-05
1218.0628548408715 0.0006206973 0.0014781187
1218.1161865431789 0.0007268254 0.0014903101
1218.169517899448 0.00073205656 0.001379119
1218.2228489096865 -0.0006637957 4.8668444e-05
1218.2761795739002 0.0006743195 0.0015940613
1218.3295098920967 0.0021622356 8.965078e-05
1218.382839864282 0.002394212 0.00018348824
1218.4361694904637 0.0021332263 0.0029820586
1218.4894987706475 0.000826959 0.0015731868
1218.5428277048409 0.00071110134 0.0014474157
1218.5961562930502 -0.0006131105 3.3557578e-06
1218.6494845352825 0.008437244 0.002878061
1218.7028124315443 0.0022033392 7.721578e-05
1218.7561399818421 0.0039954097 0.0015139402
1218.8094671861832 0.003864802 0.0017303468
1218.8627940445742 0.0007623599 0.0014008326
1218.9161205570213 0.00079600496 0.0015293615
1218.9694467235317 -0.00064807874 4.5930385e-05
1219.0227725441123 -0.00064937683 4.5718854e-05
1219.0760980187695 0.002064329 0.0027893654
1219.12942314751 0.00080720015 0.0015358655
1219.1827479303406 0.00076561596 0.0014896017
1219.236072367268 -0.0006474313 4.485066e-05
1219.289396458299 0.00071606896 0.0013420553
1219.3427202034406 0.0039181937 0.0013599555
1219.396043602699 -0.00064107013 4.417688e-05
1219.449366656081 0.000893121 0.0016200467
1219.502689363594 0.0007505999 0.0014648993
1219.556011725244 0.002533666 0.0026240773
1219.6093337410382 -0.0006344313 4.3248234e-05
1219.662655410983 0.0021831053 0.0029153721
1219.7159767350852 -0.0006367855 4.2772474e-05
1219.7692977133513 -0.00020115226 0.0004764874
1219.8226183457887 0.0021963534 0.0029220902
1219.8759386324036 -0.00063197437 4.204674e-05
1219.9292585732026 0.00080373103 0.0015104741
1219.9825781681932 0.0008039459 0.0015092004
1220.0358974173812 0.000768938 0.0013850703
1220.0892163207739 0.0022413547 0.00015826132
1220.1425348783782 -0.00062665576 4.079606e-05
1220.1958530902 -0.00062292255 4.0541607e-05
1220.2491709562466 0.0022717628 5.964573e-05
1220.3024884765248 0.0007980993 0.0014114068
1220.355805651041 0.003960525 0.0017315461
1220.4091224798021 -0.00061624864 3.950298e-05
1220.462438962815 -0.00061884325 3.9237522e-05
1220.5157551000862 -0.0006153293 3.8973347e-05
1220.5690708916225 0.0020262823 0.0028187505
1220.6223863374307 -0.00061628636 3.84374e-05
1220.6757014375175 0.0009949175 0.0016161697
1220.7290161918895 -0.0006089769 3.7892463e-05
1220.7823306005532 0.00086931675 0.0015560724
1220.8356446635157 0.0022674203 0.0030545571
1220.8889583807838 -0.0006079357 3.7065183e-05
1220.942271752364 0.001052913 0.0017502564
1220.9955847782628 -0.0006043752 3.650691e-05
1221.0488974584875 0.0018267459 0.0005055483
1221.1022097930447 0.0008556619 0.0014577041
1221.155521781941 0.0008786892 0.0014815846
1221.2088334251828 -0.0006003409 3.5370787e-05
1221.2621447227768 -0.00059987773 3.5084435e-05
1221.3154556747306 0.0008725248 0.0015430573
1221.36876628105 -0.00059798703 3.4503057e-05
1221.4220765417424 0.0009047835 0.0015745356
1221.4753864568138 -0.0005965722 3.391775e-05
1221.5286960262715 -0.0005914018 3.3622604e-05
1221.5820052501222 -0.00059230457 3.3326676e-05
1221.6353141283723 -0.00058901345 3.3030403e-05
1221.6886226610286 0.00086758 0.0014586935
1221.741930848098 0.00079789857 0.0014493499
1221.7952386895872 -0.0005892349 3.2127748e-05
1221.8485461855028 0.00079617876 0.001444051
1221.9018533358515 -0.0005847138 3.1518168e-05
1221.95516014064 0.0008850983 0.0014721523
1222.0084665998752 0.0023534931 0.0031084088
1222.0617727135636 -0.00057817594 3.0601717e-05
1222.1150784817123 -0.00057921885 3.0291412e-05
1222.1683839043274 -0.00057636073 2.997968e-05
1222.2216889814165 -0.00057528936 2.9669725e-05
1222.2749937129854 0.0008562179 0.0014347904
1222.3282980990414 -0.0005691608 2.9040906e-05
1222.3816021395908 0.0024600974 2.4701818e-05
1222.434905834641 0.0026290952 0.0001260596
1222.4882091841978 0.00077932846 0.0015035565
1222.5415121882686 0.00077863416 0.0014729958
1222.5948148468601 -0.0005634892 2.7453178e-05
1222.6481171599785 0.0008713194 0.0014987966
1222.701419127631 -0.00056274235 2.6812048e-05
1222.7547207498242 -0.00056336133 2.649118e-05
1222.8080220265647 -0.00056058995 2.6169699e-05
1222.861322957859 0.0025111837 0.00022714691
1222.9146235437147 0.0008192709 0.0014338531
1222.9679237841376 0.0009969658 0.0015575566
1223.021223679135 0.0009264163 0.0014943092
1223.074523228713 -0.00055541494 2.4541134e-05
1223.127822432879 -0.0005537229 2.4209963e-05
1223.1811212916389 0.002279513 0.00293155
1223.2344198050002 -0.0005499654 2.355047e-05
1223.2877179729696 0.0020832755 0.0027138041
1223.3410157955534 0.0009961533 0.0015624326
1223.3943132727582 0.00085809844 0.0014589133
1223.4476104045912 0.0010061497 0.0015713485
1223.5009071910586 -0.0005465926 2.1883665e-05
1223.5542036321676 -0.0005389347 2.1550135e-05
1223.6074997279247 0.0009010155 0.0014977307
1223.6607954783367 -0.0005399577 2.087775e-05
1223.7140908834103 0.0008098333 0.0013540143
1223.7673859431518 -0.000540221 2.0199659e-05
1223.8206806575686 0.0021640842 0.002790858
1223.873975026667 -0.0007753493 1.9517756e-05
1223.9272690504536 -0.00053363363 1.9177329e-05
1223.9805627289354 -0.0005264102 1.883888e-05
1224.033856062119 0.00239549 2.212972e-05
1224.087149050011 -0.00052957534 1.8153281e-05
1224.1404416926187 0.0019589153 0.00021287092
1224.1937339899475 -0.00052505167 1.7465762e-05
1224.2470259420056 -0.0005251718 1.712452e-05
1224.300317548799 0.00049887307 0.0010538489
1224.3536088103344 0.00093843887 0.0014780883
1224.4068997266188 0.000897182 0.0014655328
1224.4601902976583 -0.00051946053 1.5740108e-05
1224.5134805234602 0.0009051751 0.0014387713
1224.5667704040309 -0.0005166804 1.5049154e-05
1224.6200599393774 -0.0005135389 1.4700374e-05
1224.673349129506 -0.0005129175 1.4349528e-05
1224.7266379744237 0.0027291465 0.0023065011
1224.7799264741375 0.0009697518 0.0015300959
1224.8332146286534 0.0025043227 9.372661e-05
1224.8865024379786 -0.0005073362 1.2955919e-05
1224.9397899021196 -0.00050494826 1.2604752e-05
1224.9930770210833 -0.00050301064 1.2255594e-05
1225.0463637948762 -0.00050264737 1.19017495e-05
1225.099650223505 -0.000501897 1.155716e-05
1225.1529363069767 0.0002998804 0.00079476606
1225.2062220452976 -0.0005017545 1.0849443e-05
1225.2595074384749 0.0037256768 0.0013665186
1225.3127924865148 0.0026850763 0.00015387552
1225.3660771894245 0.0010687767 0.0015962091
1225.4193615472102 -0.00049141556 9.443422e-06
1225.4726455598789 -0.00048958475 9.091644e-06
1225.525929227437 -0.00048808893 8.739007e-06
1225.579212549892 0.0009819424 0.0015141683
1225.6324955272496 -0.00048551365 8.033472e-06
1225.685778159517 -0.0004849094 7.6792785e-06
1225.7390604467012 0.0009732903 0.0014990311
1225.7923423888083 0.0022819345 0.0028878832
1225.8456239858454 0.0023369135 6.6083153e-06
1225.898905237819 -0.00047603383 6.264759e-06
1225.952186144736 -0.0004752652 5.913506e-06
1226.0054667066029 -0.00047505202 5.561873e-06
1226.0587469234265 0.00096447085 0.0014670508
1226.1120267952135 0.0009275851 0.0014360454
1226.1653063219708 -0.00047286504 4.5016495e-06
1226.2185855037044 -0.00046808744 4.1488383e-06
1226.271864340422 -0.00046748426 3.793306e-06
1226.3251428321298 0.0010278944 0.0015291204
1226.3784209788344 0.0009837964 0.001486571
1226.4316987805423 0.0009714 0.0014657847
1226.484976237261 0.0010308957 0.0015284101
1226.5382533489965 -0.00046062563 2.0340667e-06
1226.5915301157556 -0.00045928406 1.6821433e-06
1226.6448065375455 -0.00045808096 1.3288809e-06
1226.6980826143722 -0.00045743317 9.75022e-07
1226.7513583462428 0.0010561701 0.0015493535
1226.8046337331639 0.0010711784 0.0015642502
1226.8579087751425 -0.00044994903 8.200005e-08
1226.9111834721846 0.0023482414 0.002919784
1226.9644578242976 0.0010018019 0.0014843594
1227.017731831488 -0.00044753923 1.1315278e-06
1227.071005493762 0.0021216539 0.00040789985
1227.124278811127 0.0010166082 0.0014941999
1227.1775517835895 -0.00044114466 2.1851738e-06
1227.2308244111557 0.00097093004 0.0014407339
1227.2840966938334 0.00096446124 0.0014321404
1227.3373686316281 0.00094405684 0.0014080184
1227.390640224547 0.0010296988 0.0014982445
1227.4439114725974 -0.0004352603 3.926776e-06
1227.4971823757849 -0.00043555492 4.2724423e-06
1227.550452934117 0.0010483302 0.001512167
1227.6037231475998 0.002342499 2.3714374e-05
1227.6569930162404 -0.0004282987 5.311813e-06
1227.7102625400455 0.0022521142 0.0028087082
1227.7635317190213 -0.0004247205 6.0023012e-06
1227.8168005531754 -0.0004255906 6.3445186e-06
1227.8700690425137 -0.00042269495 6.6894427e-06
1227.9233371870432 0.0010507613 0.0015153743
1227.976604986771 0.0022555455 0.002787503
1228.029872441703 -0.00021420406 0.00021292019
1228.0831395518462 -0.00041595398 8.058079e-06
1228.1364063172077 0.0010124473 0.001451624
1228.1896727377934 0.0025842632 0.00010936898
1228.242938813611 -0.0004120395 9.0756075e-06
1228.2962045446664 -0.00040904852 9.416938e-06
1228.3494699309663 0.0012691055 0.0017181471
1228.4027349725181 -0.00040610417 1.0089367e-05
1228.4559996693276 0.0024687208 7.796567e-06
1228.5092640214023 0.0011385767 0.0015956191
1228.5625280287484 -0.00039901715 1.1096228e-05
1228.6157916913726 -0.00040279797 1.1432858e-05
1228.6690550092817 0.00093772373 0.0013519062
1228.7223179824825 -0.0004006539 1.2096846e-05
1228.7755806109815 0.002376385 0.0028903654
1228.8288428947853 -0.00039571038 1.2759556e-05
1228.8821048339012 0.0024284318 7.83382e-06
1228.9353664283353 -0.00039319586 1.3418452e-05
1228.9886276780944 0.0011513042 0.0015698395
1229.0418885831855 0.0024433525 0.0029458038
1229.095149143615 -0.0003895977 1.4405305e-05
1229.1484093593892 -0.00038187267 1.4728517e-05
1229.2016692305153 -0.00038394655 1.5053243e-05
1229.2549287570005 0.0010502182 0.0014818176
1229.3081879388503 -0.00037849514 1.5697835e-05
1229.3614467760722 -0.00038189226 1.6020262e-05
1229.4147052686726 0.0009925046 0.0013825864
1229.4679634166587 0.0025366512 4.594504e-05
1229.5212212200363 0.0012395858 0.0013512867
1229.5744786788127 0.0010603276 0.0014495002
1229.6277357929946 -0.00037194788 1.761246e-05
1229.6809925625885 0.0042009996 0.0015268384
1229.7342489876007 0.001095925 0.0015192342
1229.7875050680389 0.0011287357 0.0015152497
1229.8407608039088 0.0008581555 0.0012658755
1229.8940161952175 -0.0003643893 1.9175146e-05
1229.947271241972 -0.00036230878 1.948564e-05
1230.0005259441782 0.001065272 0.0014390509
1230.0537803018437 0.0010781693 0.0014920396
1230.1070343149743 0.0025865173 0.0030713375
1230.1602879835775 0.0036873305 0.0017741142
1230.2135413076594 0.0019178776 8.856932e-06
1230.266794287227 -0.00035099825 2.1312531e-05
1230.3200469222866 -0.00035247614 2.161546e-05
1230.3732992128457 0.0024423671 0.002944881
1230.4265511589101 -0.0003498525 2.2208842e-05
1230.479802760487 -0.0003464641 2.250647e-05
1230.5330540175826 -0.0003432158 2.2798908e-05
1230.586304930204 -0.00034754342 2.3096698e-05
1230.6395554983583 0.0014430169 0.0010511274
1230.6928057220512 0.0011116664 0.0014635948
1230.74605560129 0.0011962204 0.0015525594
1230.7993051360813 -0.0003343009 2.4255527e-05
1230.8525543264316 -0.00033790516 2.4542358e-05
1230.9058031723478 0.0011344712 0.0014806067
1230.9590516738365 0.0009915315 0.0013761686
1231.012299830904 -0.00033346238 2.53912e-05
1231.065547643558 -0.00033032452 2.5670524e-05
1231.1187951118043 0.0028620085 9.85383e-05
1231.17204223565 0.0011927516 0.0015871108
1231.2252890151012 -0.00032336917 2.6503927e-05
1231.2785354501652 -0.00032478644 2.6775524e-05
1231.3317815408484 -0.00032319876 2.7049158e-05
1231.385027287158 0.0011412806 0.0015262623
1231.4382726890997 -0.00032052197 2.7587987e-05
1231.491517746681 -0.00031871692 2.7857035e-05
1231.544762459908 -0.00031693163 2.812299e-05
1231.5980068287881 0.0027254426 2.8397539e-05
1231.6512508533272 -0.00031461607 2.8649505e-05
1231.7044945335329 0.004041189 0.0013424386
1231.757737869411 -0.00031191643 2.9166913e-05
1231.8109808609684 -0.00030854324 2.9426272e-05
1231.864223508212 0.0027046292 0.0031421995
1231.9174658111483 0.0038588697 0.004487176
1231.970707769784 0.0011436811 0.0014522386
1232.023949384126 0.0012471938 0.0015618907
1232.0771906541809 -0.0003006237 3.0685755e-05
