eg_uma/half_spectra/oehua4010_59306.2888939868.ecsv
# %ECSV 1.0
# ---
# datatype:
# - {name: WAVELENGTH, datatype: float64}
# - {name: FLUX, datatype: float32}
# - {name: ERROR, datatype: float32}
# schema: astropy-2.0
WAVELENGTH FLUX ERROR
1194.5531001935271 0.0014564511 0.0014921867
1194.60658569056 0.0014593229 0.0014921024
1194.6600708386088 1.2471902e-06 1.8120772e-08
1194.7135556376795 1.0015067e-05 1.2194505e-08
1194.76704008778 0.0013614792 0.0013916958
1194.8205241889161 0.0030857148 9.746652e-05
1194.8740079410957 0.0010957312 0.0014496288
1194.9274913443244 0.0014343892 0.00146938
1194.98097439861 0.0013852343 0.0014154053
1195.0344571039584 -6.512891e-07 4.001782e-11
1195.0879394603776 -1.496958e-05 0.00016886463
1195.1414214678734 -1.891774e-05 0.00016745702
1195.1949031264533 0.0014567616 0.001343841
1195.248384436124 -2.152088e-05 0.0001646161
1195.301865396892 0.0014693702 0.0013645744
1195.3553460087644 -2.7142238e-05 0.00016179799
1195.4088262717478 -2.8077091e-05 0.00016038636
1195.4623061858497 0.0014319421 0.001334987
1195.5157857510758 -3.247527e-05 0.00015760715
1195.5692649674338 0.0013948316 0.0013023086
1195.6227438349304 -3.599243e-05 0.0001548596
1195.676222353572 -3.75103e-05 0.000153485
1195.729700523366 0.0014077281 0.0013260333
1195.783178344319 0.0013495235 0.0015762384
1195.8366558164378 -4.2514403e-05 0.00014938245
1195.8901329397288 -4.30356e-05 0.0001480324
1195.9436097141993 -4.563448e-05 0.00014670315
1195.9970861398565 0.0013896842 0.0013238161
1196.0505622167066 0.0029436692 0.00014403206
1196.1040379447563 0.0013610887 0.0012988225
1196.157513324013 -5.500441e-05 0.00014135639
1196.2109883544833 -5.338662e-05 0.00014003526
1196.2644630361738 -5.8975464e-05 0.00013871143
1196.317937369092 -5.779766e-05 0.00013741611
1196.371411353244 0.0014104728 0.0013679687
1196.4248849886364 -6.247633e-05 0.00013480864
1196.4783582752768 -6.350441e-05 0.00013352542
1196.5318312131717 -6.5811386e-05 0.00013224757
1196.585303802328 0.0013818302 0.0013506885
1196.6387760427526 0.0027247812 0.0030668054
1196.6922479344519 0.0014256735 0.0016685504
1196.7457194774329 -7.263767e-05 0.00012714691
1196.799190671703 0.0013135213 0.0015468448
1196.852661517268 -0.00019922244 0.00012460964
1196.9061320141357 -7.714803e-05 0.00012337386
1196.9596021623122 -7.8004276e-05 0.00012212175
1197.0130719618048 -8.345892e-05 0.00012089795
1197.06654141262 0.0013393814 0.0015773628
1197.1200105147648 0.0013885163 0.00138975
1197.1734792682457 -8.31671e-05 0.000117197116
1197.2269476730703 -8.94195e-05 0.00011596012
1197.2804157292446 -8.815734e-05 0.00011469905
1197.3338834367757 -8.965469e-05 0.00011356387
1197.3873507956707 -9.0544374e-05 0.000112335605
1197.440817805936 -9.5128926e-05 0.000111137146
1197.4942844675786 -9.3113755e-05 0.000109919325
1197.5477507806052 0.0026707132 0.0030059454
1197.601216745023 0.0013090051 0.0013289251
1197.6546823608383 0.0013191871 0.0013423432
1197.7081476280584 0.0013264839 0.0015692618
1197.7616125466898 -0.00010217629 0.000104024126
1197.8150771167393 -0.00010217392 0.000102860016
1197.8685413382138 0.0012618772 0.0015001987
1197.92200521112 0.0028070007 0.003165005
1197.9754687354653 0.0029139163 5.5379143e-05
1198.028931911256 -0.0001109637 9.824227e-05
1198.0823947384988 0.0013403284 0.0013876342
1198.1358572172007 -0.00011118134 9.596303e-05
1198.1893193473686 -0.00052005413 9.4837436e-05
1198.242781129009 0.001194604 0.0014368804
1198.2962425621295 -0.00011371044 9.2585164e-05
1198.349703646736 0.001357756 0.0016073227
1198.4031643828355 -0.000116235504 9.036963e-05
1198.4566247704356 -0.00012237638 8.925926e-05
1198.5100848095421 -0.00012352121 8.814501e-05
1198.5635445001624 0.001304286 0.0015511088
1198.617003842303 0.0012829708 0.0013521624
1198.670462835971 -0.00012645993 8.487915e-05
1198.7239214811727 0.0013453702 0.0014239738
1198.7773797779157 0.0013146576 0.0015636814
1198.8308377262063 0.0028528469 7.123534e-05
1198.8842953260514 -0.00013169549 8.054694e-05
1198.9377525774578 -0.00013172299 7.951315e-05
1198.9912094804326 0.0012999104 0.001387551
1199.0446660349821 0.0012977811 0.0013884354
1199.0981222411137 0.0012802923 0.0015288086
1199.1515780988334 0.0012616182 0.0013548094
1199.2050336081486 -0.00014037894 7.4255804e-05
1199.2584887690664 0.0012636461 0.0013614463
1199.311943581593 0.004247979 0.0015379355
1199.3653980457352 0.0013327913 0.001585548
1199.4188521615006 -0.00014499557 7.014007e-05
1199.472305928895 0.0028514036 8.082827e-05
1199.5257593479257 -0.00014577269 6.814406e-05
1199.5792124185996 -0.00014858866 6.7155306e-05
1199.6326651409236 -0.0001485772 6.612769e-05
1199.6861175149038 -0.00015243643 6.514326e-05
1199.7395695405478 0.0012460089 0.0014941992
1199.7930212178621 -0.00015468556 6.315828e-05
1199.8464725468536 -0.000154823 6.219419e-05
1199.899923527529 -0.00015668274 6.120019e-05
1199.953374159895 -0.00015514145 6.022658e-05
1200.0068244439585 -0.00015965852 5.9234968e-05
1200.060274379727 -0.00015656132 5.8269532e-05
1200.113723967206 -0.00016240629 5.7311863e-05
1200.167173206403 -0.00016320484 5.6388533e-05
1200.220622097325 -0.0001616072 5.542384e-05
1200.2740706399786 -0.00016101674 5.4466607e-05
1200.3275188343707 -0.00016721747 5.353167e-05
1200.380966680508 0.0011904731 0.0013302214
1200.4344141783974 0.0011057975 0.0016005397
1200.4878613280455 0.0004988229 0.00062116643
1200.5413081294591 -0.00016847409 4.9815186e-05
1200.5947545826452 -0.00016835777 4.8895527e-05
1200.6482006876108 -0.0001726376 4.798839e-05
1200.701646444362 -0.00017046876 4.7075584e-05
1200.7550918529066 0.0012959415 0.0014587273
1200.8085369132507 -0.00017056128 4.525608e-05
1200.861981625401 0.00019318983 0.0013630164
1200.9154259893648 -0.00017478206 4.3471326e-05
1200.9688700051488 0.0012697203 0.0014381184
1201.0223136727595 -0.0001773322 4.174813e-05
1201.0757569922039 0.0012605216 0.0014321874
1201.1291999634889 0.0012233153 0.0014763381
1201.1826425866211 -0.00018090676 3.9126433e-05
1201.2360848616077 -0.00017976756 3.8236423e-05
1201.2895267884549 -0.00018476007 3.740285e-05
1201.3429683671698 -0.00018251776 3.6513855e-05
1201.3964095977594 0.00050552754 0.0006646246
1201.44985048023 0.0012632956 0.0015200769
1201.5032910145892 -0.00018328444 3.396442e-05
1201.5567312008432 -0.00019012674 3.3168362e-05
1201.6101710389987 0.0012910521 0.0014832297
1201.6636105290627 -0.00018960968 3.1490657e-05
1201.717049671042 -0.00019226233 3.066418e-05
1201.7704884649438 -0.00019031405 2.984963e-05
1201.8239269107744 -0.0004077934 2.9027171e-05
1201.8773650085407 0.0012427156 0.001440006
1201.9308027582495 -0.00019140267 2.740712e-05
1201.9842401599076 -0.00019539033 2.6603899e-05
1202.0376772135219 -0.00019480383 2.5797344e-05
1202.0911139190994 -0.0001966915 2.5012843e-05
1202.1445502766462 -0.00019881803 2.4235369e-05
1202.1979862861697 0.0012831909 0.0015432579
1202.2514219476766 0.0027064478 2.2668391e-05
1202.3048572611735 -0.00035013878 2.1870246e-05
1202.3582922266676 -0.00019771683 2.111269e-05
1202.4117268441653 -0.00020279587 2.0348962e-05
1202.4651611136735 -0.00020086556 1.9587365e-05
1202.518595035199 -0.00020263696 1.8815277e-05
1202.572028608749 -0.00020217092 1.8075121e-05
1202.6254618343296 -0.00020638863 1.7295532e-05
1202.6788947119478 0.0013237626 0.0015536473
1202.7323272416106 -0.00020575932 1.5821752e-05
1202.7857594233249 0.0028637075 6.1345e-05
1202.8391912570974 -0.00020783811 1.435692e-05
1202.8926227429345 -0.00020708152 1.3607146e-05
1202.9460538808437 0.00122933 0.0014594978
1202.9994846708312 -0.00021128407 1.2167235e-05
1203.0529151129037 0.0011836785 0.001436989
1203.1063452070691 0.0012692623 0.0015280361
1203.1597749533328 -0.00021066493 1.0026844e-05
1203.2132043517022 -0.0002128327 9.3231865e-06
1203.2666334021844 -0.00021332884 8.617106e-06
1203.3200621047856 0.0026788882 0.003047776
1203.3734904595133 -0.00021195765 7.2421094e-06
1203.4269184663735 -0.00021625966 6.535323e-06
1203.4803461253732 -0.00021186103 5.873749e-06
1203.5337734365198 -0.0002190404 5.169873e-06
1203.5872003998195 -0.00021628012 4.5103734e-06
1203.6406270152793 -0.0002161904 3.8303187e-06
1203.694053282906 -0.00021550604 3.1675445e-06
1203.747479202706 -0.00021993967 2.5126644e-06
1203.800904774687 -0.00021674563 1.8399443e-06
1203.854329998855 -0.00022240754 1.1845987e-06
1203.9077548752168 -0.00021857368 5.441252e-07
1203.9611794037796 -0.0002242022 1.0013172e-07
1204.01460358455 -0.00021813133 7.405178e-07
1204.068027417535 -0.00022402371 1.3832903e-06
1204.121450902741 -0.00022214284 2.005741e-06
1204.174874040175 -0.00022214088 2.67008e-06
1204.2282968298437 -0.00032601084 3.2800594e-06
1204.281719271754 -0.00022488646 3.9137667e-06
1204.3351413659125 -0.00022452605 4.536443e-06
1204.3885631123264 0.0013319426 0.0015957276
1204.4419845110021 -0.00022431176 5.748581e-06
1204.4954055619467 -0.0003200988 6.3524053e-06
1204.5488262651668 0.0012666978 0.0015395172
1204.6022466206691 -0.00022727711 7.572707e-06
1204.6556666284607 -0.00022483603 8.169998e-06
1204.709086288548 -0.00023186948 8.767689e-06
1204.762505600938 -0.0002276768 9.342795e-06
1204.8159245656377 0.001236397 0.001513214
1204.8693431826534 0.001219683 0.00147351
1204.922761451992 0.0027074192 6.0703278e-05
1204.9761793736607 -0.00023163138 1.1648755e-05
1205.029596947666 -0.0002338496 1.2224765e-05
1205.0830141740148 0.0012998258 0.0015607921
1205.1364310527135 0.0011674098 0.0014171684
1205.1898475837695 -0.00023813543 1.3907336e-05
1205.243263767189 0.0025832697 3.113318e-05
1205.2966796029793 -0.00023477612 1.5035416e-05
1205.350095091147 -0.00023597704 1.5545917e-05
1205.4035102316989 -0.0002313557 1.6107542e-05
1205.4569250246414 -0.0002361719 1.6663085e-05
1205.5103394699818 0.0012012006 0.0014535476
1205.5637535677265 -0.00023292111 1.7718397e-05
1205.6171673178828 0.0022317255 0.0005494213
1205.6705807204569 -0.0002362328 1.8746005e-05
1205.7239937754562 -0.00023870388 1.9303812e-05
1205.7774064828866 -0.0002379766 1.9802319e-05
1205.830818842756 -0.00023645685 2.0294721e-05
1205.8842308550702 0.0011917973 0.0014406907
1205.9376425198366 -0.00023731771 2.1320096e-05
1205.9910538370616 0.0025093586 0.002851141
1206.0444648067523 -0.00024116675 2.2328088e-05
1206.0978754289154 0.0013303598 0.0015910133
1206.1512857035573 0.0041260566 0.001401957
1206.2046956306856 0.002668114 2.448901e-05
1206.2581052103064 0.001327106 0.0016376445
1206.3115144424264 0.0055440166 0.0028264162
1206.364923327053 -0.00023993838 2.5226587e-05
1206.4183318641926 -0.00024147546 2.5705942e-05
1206.471740053852 0.0026878398 2.437329e-05
1206.5251478960379 -0.00024144592 2.6634703e-05
1206.5785553907572 0.0012967576 0.0016096103
1206.6319625380168 -0.00024218946 2.7575892e-05
1206.6853693378232 0.0010644621 0.001510958
1206.7387757901834 -0.00024226961 2.845615e-05
1206.7921818951042 -0.00024243981 2.8911585e-05
1206.8455876525925 -0.00024404968 2.9343975e-05
1206.8989930626544 -0.00024258108 2.9808143e-05
1206.9523981252976 -0.00024763815 3.0213247e-05
1207.0058028405278 -0.00024425593 3.063469e-05
1207.059207208353 -0.0002459009 3.1101765e-05
1207.112611228779 -0.00024220158 3.151712e-05
1207.1660149018135 -0.00024752575 3.19416e-05
1207.2194182274625 -0.00024144522 3.237481e-05
1207.272821205733 -0.00024815707 3.277248e-05
1207.3262238366317 0.0011731306 0.0014186722
1207.3796261201658 -0.00024723602 3.360123e-05
1207.4330280563413 -0.000243993 3.4019376e-05
1207.4864296451658 0.001360013 0.0016880713
1207.5398308866456 -0.0005037852 3.483628e-05
1207.5932317807878 -0.00024869296 3.522294e-05
1207.6466323275986 -0.00024465742 3.5627167e-05
1207.7000325270853 -0.00024853248 3.6000238e-05
1207.753432379255 -0.00024728235 3.6380425e-05
1207.8068318841135 0.0011551515 0.001471353
1207.8602310416684 -0.00024847337 3.712024e-05
1207.9136298519259 0.0012005486 0.0015212146
1207.9670283148932 0.0011346176 0.0014505386
1208.020426430577 -0.00024895274 3.826689e-05
1208.0738241989834 -0.00024378816 3.8609065e-05
1208.1272216201205 0.0012221708 0.001468767
1208.1806186939941 -0.0002459539 3.932019e-05
1208.234015420611 -0.0002503858 3.9711005e-05
1208.2874117999788 0.0012007093 0.0015249631
1208.340807832103 -0.00024910193 4.0398016e-05
1208.3942035169912 -0.00052783365 4.073407e-05
1208.44759885465 -0.00024920027 4.107291e-05
1208.5009938450864 -0.00024875332 4.1402433e-05
1208.5543884883068 -0.00024841595 4.172798e-05
1208.6077827843187 -0.0002520004 4.206486e-05
1208.6611767331276 -0.0002472768 4.242432e-05
1208.7145703347412 -0.00042593203 4.273746e-05
1208.7679635891661 0.0013235081 0.0015759076
1208.821356496409 -0.00025015938 4.3330423e-05
1208.8747490564765 -0.00025088023 4.3657914e-05
1208.928141269376 0.0011471845 0.001384307
1208.9815331351135 0.0014138025 0.0016714097
1209.0349246536964 -0.00024686128 4.457988e-05
1209.088315825131 0.0012132421 0.0014543309
1209.1417066494243 -0.00025008476 4.5202396e-05
1209.195097126583 -0.0002472531 4.550993e-05
1209.248487256614 -0.000252796 4.5781508e-05
1209.301877039524 -0.00024856016 4.6072233e-05
1209.3552664753197 -0.00024996468 4.6360296e-05
1209.4086555640076 -0.00025117781 4.6627316e-05
1209.462044305595 0.0011687959 0.0014986865
1209.515432700089 -0.00024777892 4.7190326e-05
1209.568820747495 0.0012329757 0.0015677569
1209.622208447821 -0.0002480303 4.7728434e-05
1209.6755958010735 -0.00025302338 4.79871e-05
1209.7289828072587 0.001195475 0.0015279588
1209.7823694663841 -0.00025030697 4.8532107e-05
1209.8357557784561 0.001204973 0.0014410366
1209.8891417434816 -0.00034944218 4.9039303e-05
1209.9425273614675 -0.00025074172 4.9305967e-05
1209.9959126324197 -0.0002496125 4.9512266e-05
1210.0492975563463 -0.00025032414 4.9776114e-05
1210.102682133253 -0.00025060063 5.002267e-05
1210.1560663631474 0.003951832 0.0045545115
1210.2094502460354 -0.00024909264 5.0489394e-05
1210.2628337819244 0.0029567324 0.0001045261
1210.3162169708212 -0.00024714728 5.097927e-05
1210.369599812732 -0.00025202226 5.119721e-05
1210.422982307664 -0.0002499005 5.1422478e-05
1210.476364455624 -0.00024802872 5.16152e-05
1210.5297462566184 -0.0002473433 5.183643e-05
1210.5831277106543 0.0012190323 0.0015563577
1210.6365088177386 -0.00024545012 5.228103e-05
1210.6898895778777 -0.00025121088 5.2464995e-05
1210.7432699910783 0.0011306715 0.0013558738
1210.7966500573475 0.001138112 0.0016111401
1210.850029776692 0.0010955932 0.0013174945
1210.9034091491185 0.0011150985 0.0015512658
1210.9567881746336 0.0011384847 0.001364862
1211.0101668532443 -0.00024832002 5.3681033e-05
1211.063545184957 -0.00024553033 5.388832e-05
1211.1169231697793 0.0027821972 0.0032486813
1211.170300807717 -0.00024592536 5.4272434e-05
1211.2236780987776 -0.00024912608 5.4441974e-05
1211.277055042967 -0.0002451427 5.459286e-05
1211.330431640293 0.0012060273 0.0015440738
1211.383807890762 -0.0004434871 5.492734e-05
1211.4371837943802 -0.0002453284 5.5092147e-05
1211.490559351155 -0.0011865295 5.3692234e-05
1211.5439345610928 0.0013510877 0.0015862598
1211.5973094242006 0.001159236 0.0013794489
1211.650683940485 -0.000248437 5.572324e-05
1211.704058109953 0.0011456773 0.001363619
1211.757431932611 -0.0002564711 6.275326e-05
1211.810805408466 -0.0002443606 5.6135214e-05
1211.8641785375246 -0.0002451047 5.6300465e-05
1211.9175513197938 -0.0004518759 5.647354e-05
1211.97092375528 0.0012237574 0.0015641141
1212.0242958439906 -0.00024616907 5.6720874e-05
1212.0776675859317 -0.00024176996 5.686115e-05
1212.1310389811101 0.0011881464 0.0015238747
1212.1844100295332 -0.00024213492 5.7134515e-05
1212.2377807312073 0.0011906221 0.0015286268
1212.2911510861388 -0.0002445012 5.73876e-05
1212.3445210943348 -0.0002411194 5.7499852e-05
1212.3978907558026 0.0011949214 0.0015316466
1212.451260070548 0.000948868 0.0012767063
1212.5046290385785 -0.00024268874 5.7856658e-05
1212.5579976599006 0.001185785 0.0015212144
1212.6113659345208 0.0012637781 0.0016058774
1212.6647338624462 -0.00023848658 5.81918e-05
1212.7181014436835 -0.00034834677 5.826685e-05
1212.7714686782392 0.0013514039 0.0017001943
1212.8248355661203 -0.00023769194 5.8455753e-05
1212.878202107334 -0.00024347061 5.85649e-05
1212.9315683018856 0.0026103707 0.0030587683
1212.9849341497834 0.0027700628 6.6847992e-06
1213.0382996510334 -0.00024080984 5.8838217e-05
