eg_uma/half_spectra/oehua4010_59306.2888939868.ecsv
# %ECSV 1.0
# ---
# datatype:
# - {name: WAVELENGTH, datatype: float64}
# - {name: FLUX, datatype: float32}
# - {name: ERROR, datatype: float32}
# schema: astropy-2.0
WAVELENGTH FLUX ERROR
[from data line 348]
1213.145029613618 -0.0002365392 5.9009235e-05
1213.1983940749658 0.0027163154 0.00026464264
1213.251758189693 0.0010890855 0.0015225735
1213.3051219578063 0.0026485065 0.0029619688
1213.3584853793125 -0.00023817828 5.931965e-05
1213.4118484542184 -0.00023751434 5.9397422e-05
1213.4652111825305 -0.00023507369 5.94699e-05
1213.518573564256 0.0035864036 0.0008256857
1213.5719355994017 0.0027214675 0.0001318285
1213.6252972879736 -0.00023587397 5.9655227e-05
1213.678658629979 0.0073527666 0.0014255994
1213.7320196254248 0.0011560534 0.0014834012
1213.785380274317 -0.00023674473 5.9814465e-05
1213.8387405766634 0.0030738555 0.00011139533
1213.89210053247 0.0031221837 0.0003212987
1213.9454601417438 0.0011817808 0.0013864241
1213.9988194044915 0.0059870435 0.0031200135
1214.05217832072 0.005870438 0.00012255539
1214.1055368904358 0.0083766235 0.0060245954
1214.1588951136462 0.005502994 2.0382566e-05
1214.212252990357 0.004332783 0.0014795089
1214.2656105205758 0.008713054 0.0003997075
1214.318967704309 0.015571338 0.002763514
1214.3723245415633 0.013932278 0.008471634
1214.4256810323452 0.014862135 0.0059093144
1214.4790371766624 0.01929444 0.0012882559
1214.5323929745205 0.018568719 0.0078011462
1214.5857484259272 0.025928624 0.00010892745
1214.6391035308889 0.024382288 0.001054833
1214.692458289412 0.023026135 0.012374377
1214.7458127015034 0.036882482 0.0071573155
1214.7991667671702 0.024032913 0.00864453
1214.852520486419 0.050728474 0.009646826
1214.9058738592562 0.069281645 0.013965742
1214.959226885689 0.06261684 0.0103977565
1215.012579565724 0.07042841 0.0030357782
1215.0659318993678 0.09143445 0.0028949867
1215.1192838866273 0.11202282 0.0002240495
1215.172635527509 0.1339694 0.008070556
1215.22598682202 0.12763308 0.0043032877
1215.279337770167 0.09568568 0.0006974437
1215.332688371957 0.07442356 0.0027847404
1215.3860386273957 0.081483364 0.007930102
1215.439388536491 0.065201424 0.0070971167
1215.4927380992488 0.037512813 0.018324692
1215.5460873156765 -0.021024067 0.0035428414
1215.5994361857804 0.019915113 0.00018069267
1215.6527847095676 -0.012710991 0.03874561
1215.7061328870445 -0.0032292197 0.00474095
1215.7594807182181 0.006729296 0.014904954
1215.812828203095 0.011604645 0.003915156
1215.866175341682 0.011562281 0.0057779755
1215.9195221339858 0.024521181 0.0011407472
1215.9728685800133 0.034674678 0.0028456913
1216.026214679771 0.014726443 0.0072350185
1216.0795604332661 0.032494552 0.0048779007
1216.1329058405045 0.018441316 0.007581294
1216.1862509014936 0.008570352 0.0016307618
1216.23959561624 0.013760449 0.0014509948
1216.2929399847508 0.014676649 6.119616e-05
1216.346284007032 0.008269134 0.0058959215
1216.3996276830906 0.010041619 0.0016712556
1216.4529710129336 0.011566201 0.004863832
1216.5063139965675 0.0140410215 0.0010116607
1216.5596566339993 0.005448756 0.0027386057
1216.6129989252354 0.011976101 0.003023039
1216.666340870283 0.0045573134 0.0016763615
1216.7196824691484 0.0012540321 0.001560546
1216.7730237218386 0.0012516095 0.0015583057
1216.8263646283601 0.0039780946 0.0044213273
1216.87970518872 0.002919009 0.0033497165
1216.9330454029246 0.002742942 0.003036175
1216.9863852709807 0.0026846484 7.584118e-05
1217.0397247928954 0.004030504 0.004493145
1217.093063968675 -0.00020533292 5.862325e-05
1217.146402798327 0.0050269533 0.0057863574
1217.1997412818573 -0.00020695418 5.8458714e-05
1217.2530794192728 0.0027872492 5.0460094e-05
1217.3064172105805 0.0011827765 0.0014773263
1217.3597546557874 0.001201029 0.0014955875
1217.4130917548994 0.0078665735 0.0022201536
1217.4664285079239 0.002477702 0.002742163
1217.5197649148674 0.0012790321 0.0014611022
1217.5731009757365 0.0020370474 0.0023851513
1217.6264366905384 0.0033631981 0.0005516576
1217.6797720592792 0.0011455313 0.0014316821
1217.7331070819662 0.0013274917 0.0016275599
1217.7864417586059 0.0012184829 0.0015077312
1217.8397760892049 0.0012811888 0.001576022
1217.8931100737702 0.0012909517 0.0014703189
1217.9464437123086 0.0026840284 0.002961362
1217.9997770048265 0.0054996233 0.0029870516
1218.0531099513307 0.0013692294 0.0015534675
1218.1064425518284 0.004151584 0.001473676
1218.1597748063255 0.003985872 0.0045284196
1218.213106714829 0.0027201828 0.0030084294
1218.2664382773464 -0.0003610713 5.6317058e-05
1218.3197694938838 -0.00019177006 5.6223114e-05
1218.3731003644477 0.0011234594 0.0016660007
1218.4264308890454 0.0011775555 0.0013426745
1218.4797610676833 -0.0001950825 5.5819837e-05
1218.533090900368 0.0028648132 6.4999144e-06
1218.5864203871067 -0.000191029 5.555786e-05
1218.6397495279057 0.0012732685 0.0015564376
1218.693078322772 0.0012276128 0.0013944067
1218.746406771712 -0.00019106046 5.513384e-05
1218.799734874733 -0.00018832977 5.499103e-05
1218.8530626318409 0.004188428 0.0046457467
1218.9063900430433 -0.0001858642 5.4701053e-05
1218.9597171083465 -0.00018506894 5.455665e-05
1219.0130438277572 0.002812987 0.00010769104
1219.066370201282 -0.0001832488 5.4260872e-05
1219.1196962289282 -0.00018552266 5.4122967e-05
1219.1730219107021 0.0012358965 0.0015075288
1219.2263472466104 0.0027695964 0.0030320492
1219.2796722366602 -0.00018151138 5.3662618e-05
1219.3329968808575 0.0012759244 0.0014397519
1219.3863211792097 -0.00018180894 5.3323725e-05
1219.4396451317234 0.0013543025 0.001522962
1219.4929687384051 -0.0001799214 5.2981326e-05
1219.5462919992617 0.0042037456 0.0015696886
1219.5996149143002 -0.00017738173 5.2670155e-05
1219.6529374835266 0.0012195122 0.0014830452
1219.7062597069482 0.0012794666 0.0014394285
1219.7595815845718 0.0025915038 0.0029456732
1219.8129031164037 2.414661e-05 0.0001487506
1219.866224302451 -0.00017741666 5.182528e-05
1219.91954514272 -0.00017369054 5.1649193e-05
1219.9728656372179 0.0012598715 0.001416204
1220.0261857859512 -0.00017353811 5.1300685e-05
1220.0795055889266 -0.00017126433 5.1133455e-05
1220.1328250461509 -0.00017483303 5.0930423e-05
1220.1861441576307 -0.00017159182 5.076838e-05
1220.2394629233727 0.0027642988 7.309762e-05
1220.2927813433841 0.0010821713 0.0013315728
1220.3460994176712 0.0012394122 0.0013909832
1220.3994171462407 0.0012782675 0.0015350749
1220.4527345290996 -0.00017028452 4.9830698e-05
1220.5060515662542 -0.00016719809 4.963836e-05
1220.5593682577116 -0.0002626989 4.9463964e-05
1220.6126846034786 0.001301406 0.001555154
1220.6660006035613 -0.00016917016 4.904864e-05
1220.7193162579672 0.001261185 0.0015103002
1220.7726315667026 0.0027974122 2.6335058e-05
1220.8259465297742 0.0043239486 0.0013486337
1220.8792611471888 0.0027345028 0.0030877567
1220.9325754189533 -0.00016493349 4.805438e-05
1220.9858893450742 -0.00016136224 4.787083e-05
1221.0392029255584 -0.00016303368 4.7645604e-05
1221.092516160412 -0.00015993691 4.7456055e-05
1221.1458290496428 -0.00016257187 4.7249257e-05
1221.1991415932564 -0.00015960544 4.7047255e-05
1221.2524537912605 -0.00015970913 4.6848054e-05
1221.3057656436615 -0.00015757988 4.663841e-05
1221.3590771504657 -0.0001590072 4.6418474e-05
1221.4123883116806 -0.00015697777 4.6197332e-05
1221.4656991273118 -0.00015868832 4.598177e-05
1221.5190095973671 -0.00015406295 4.5758185e-05
1221.5723197218526 -0.00015576348 4.557318e-05
1221.6256295007752 -0.00015306879 4.536234e-05
1221.678938934142 -0.00015437206 4.5114186e-05
1221.7322480219589 -0.00014972872 4.492597e-05
1221.7855567642334 -0.000155191 4.470403e-05
1221.8388651609719 -0.00014971467 4.44596e-05
1221.892173212181 0.0013391682 0.0015740481
1221.9454809178674 -0.00015105789 4.4025983e-05
1221.998788278038 0.0026166397 0.002843957
1222.0520952926997 -0.00014733126 4.3597192e-05
1222.1054019618587 -0.00014880791 4.3344997e-05
1222.1587082855222 -0.0001466345 4.311894e-05
1222.2120142636968 0.0013285041 0.0015570734
1222.265319896389 -0.00014860166 4.2649222e-05
1222.3186251836055 -0.00014143474 4.2435015e-05
1222.3719301253536 -0.00014590078 4.2195315e-05
1222.4252347216393 -0.00014339248 4.1962623e-05
1222.4785389724698 -0.0002867228 4.170903e-05
1222.5318428778514 -0.0002631336 4.1481326e-05
1222.585146437791 -0.00013887818 4.124787e-05
1222.6384496522955 -0.0001425854 4.1019648e-05
1222.6917525213717 -0.00013934271 4.0763014e-05
1222.7450550450258 0.0013244449 0.001459959
1222.7983572232647 0.0012733863 0.0014034206
1222.8516590560953 -0.00013955681 4.005813e-05
1222.9049605435246 -0.00013628557 3.979708e-05
1222.9582616855587 0.0013263082 0.0015396221
1223.0115624822045 -0.00013520729 3.9310362e-05
1223.0648629334687 0.0013015475 0.0015120093
1223.1181630393583 0.0012376724 0.001441958
1223.1714627998797 -0.00013461764 3.8563798e-05
1223.2247622150394 0.0013621728 0.0014950227
1223.278061284845 -0.00013037476 3.806988e-05
1223.3313600093022 -0.00013624904 3.7818056e-05
1223.3846583884185 -0.00013053959 3.7547714e-05
1223.4379564222004 -0.00013036816 3.7301066e-05
1223.4912541106542 -0.0001334326 3.7064558e-05
1223.5445514537867 0.0012919833 0.0014929526
1223.597848451605 -0.0001286259 3.655052e-05
1223.6511451041156 -0.00012856453 3.627079e-05
1223.7044414113254 0.0012193451 0.0014108074
1223.7577373732408 -0.00013040812 3.5769048e-05
1223.8110329898686 -0.00012408182 3.5504425e-05
1223.8643282612156 -0.0003672298 3.5271365e-05
1223.9176231872887 -0.00012621398 3.501057e-05
1223.9709177680943 -0.000119424636 3.4737357e-05
1224.024212003639 0.0013760265 0.0015031826
1224.0775058939296 0.0027882385 0.0030885246
1224.1307994389733 0.0012888975 0.0014776364
1224.1840926387763 -0.00012117283 3.3699842e-05
1224.2373854933455 0.0028129243 0.003115246
1224.2906780026874 0.0013420804 0.0015314242
1224.3439701668087 -0.000119353994 3.2905285e-05
1224.3972619857168 0.0013433284 0.0015295512
1224.4505534594173 -0.000119201686 3.2361593e-05
1224.5038445879177 -0.00011544209 3.2094096e-05
1224.5571353712246 -0.00011761886 3.1824966e-05
1224.6104258093444 0.0013294352 0.0014481042
1224.6637159022841 0.0014070089 0.0015301621
1224.7170056500502 -0.00011355113 3.1009295e-05
1224.7702950526495 -0.000113888935 3.073725e-05
1224.823584110089 0.0013192792 0.0014349462
1224.876872822375 -0.00011293714 3.0183728e-05
1224.9301611895144 0.0027346043 0.0030132537
1224.9834492115137 0.0013140073 0.0014268416
1225.0367368883797 -0.000110811015 2.9350796e-05
1225.0900242201194 0.0030058871 0.0033215806
1225.143311206739 -0.00010504813 2.8783445e-05
1225.1965978482458 0.0014148663 0.0015347573
1225.2498841446456 -0.0001043221 2.8257607e-05
1225.3031700959464 -0.00010949648 2.796071e-05
1225.3564557021537 0.0027978893 2.7659815e-05
1225.4097409632748 -0.00010479443 2.7417462e-05
1225.4630258793163 0.00037666407 0.00045718238
1225.516310450285 -0.00010289054 2.6828948e-05
1225.5695946761875 -0.000102873135 2.6557756e-05
1225.6228785570304 0.0013436439 0.0015063832
1225.6761620928205 0.001352352 0.0014637508
1225.7294452835645 -9.884347e-05 2.5720836e-05
1225.7827281292691 0.0012960759 0.0014020994
1225.8360106299413 0.0012886364 0.0013928676
1225.889292785587 0.0012959901 0.0014002628
1225.9425745962137 -9.646053e-05 2.4559944e-05
1225.995856061828 -9.695137e-05 2.4274792e-05
1226.0491371824362 -9.639682e-05 2.399081e-05
1226.1024179580452 0.0026325847 0.0028749276
1226.155698388662 -9.7222255e-05 2.3415518e-05
1226.2089784742927 -9.313515e-05 2.3110824e-05
1226.2622582149445 -9.3507864e-05 2.2827884e-05
1226.315537610624 0.0026965525 0.0029425235
1226.3688166613376 -9.252721e-05 2.2256727e-05
1226.4220953670927 -9.178877e-05 2.1971766e-05
1226.4753737278952 -9.305888e-05 2.1666161e-05
1226.528651743752 0.0014931175 0.0016066942
1226.5819294146702 0.0014621499 0.001573805
1226.635206740656 -8.953778e-05 2.0781301e-05
1226.6884837217165 -9.002265e-05 2.0518992e-05
1226.741760357858 -8.860664e-05 2.0205902e-05
1226.7950366490877 -8.869592e-05 1.9901954e-05
1226.8483125954122 -8.5068044e-05 1.9632322e-05
1226.9015881968376 0.0014394039 0.0015857202
1226.954863453371 0.001365325 0.0014661188
1227.0081383650197 0.0013671733 0.001466851
1227.0614129317894 0.0013799138 0.0014817347
1227.1146871536873 0.0014121158 0.0015145345
1227.16796103072 -8.09031e-05 1.7811388e-05
1227.221234562894 -7.8904486e-05 1.7537715e-05
1227.2745077502166 0.0013255418 0.0014210562
1227.3277805926941 -7.7372286e-05 1.6942455e-05
1227.381053090333 0.0029380538 1.6647038e-05
1227.4343252431402 -7.929966e-05 1.6336915e-05
1227.4875970511223 -8.06056e-05 1.6060945e-05
1227.5408685142863 -7.760471e-05 1.5736423e-05
1227.5941396326386 0.0012937944 0.0014145322
1227.647410406186 0.0013777522 0.0015035837
1227.7006808349354 -7.5595235e-05 1.4838272e-05
1227.7539509188932 -7.3791496e-05 1.4538895e-05
1227.807220658066 0.003261014 1.4222111e-05
1227.8604900524606 -7.37044e-05 1.39629e-05
1227.913759102084 0.0013990954 0.0014946674
1227.9670278069425 -7.22158e-05 1.3354666e-05
1228.020296167043 -7.2138566e-05 1.304531e-05
1228.0735641823921 -7.0372225e-05 1.2756967e-05
1228.1268318529965 -6.945819e-05 1.2474725e-05
1228.180099178863 -6.966152e-05 1.2155994e-05
1228.2333661599985 -6.874434e-05 1.182855e-05
1228.2866327964089 0.006098032 9.3610885e-05
1228.3398990881017 -6.742985e-05 1.1234859e-05
1228.3931650350833 -6.5669505e-05 1.0944764e-05
1228.4464306373602 -6.525186e-05 1.0657767e-05
1228.4996958949394 -6.632482e-05 1.03430875e-05
1228.5529608078277 0.0012670856 0.0013481444
1228.6062253760315 0.0014160454 0.0015257188
1228.6594895995574 0.0014777608 0.001592068
1228.7127534784122 0.0031209434 0.000101134916
1228.7660170126028 0.0012641163 0.0013597005
1228.8192802021358 0.001371019 0.0014744758
1228.8725430470174 -5.889338e-05 8.232482e-06
1228.925805547255 0.0029131619 0.0031290322
1228.9790677028552 0.001386608 0.0014873242
1229.0323295138242 0.0028607608 1.3331416e-05
1229.0855909801692 0.0014147616 0.0015149731
1229.1388521018964 0.0013242806 0.0014052703
1229.192112879013 0.001501522 0.0015961629
1229.2453733115253 -5.681795e-05 6.1369774e-06
1229.2986333994404 0.002689085 0.0028777772
1229.3518931427645 -5.7512043e-05 5.5061455e-06
1229.4051525415043 -5.1274998e-05 5.200759e-06
1229.4584115956673 0.001407925 0.001501203
1229.511670305259 0.0014202069 0.0015140169
1229.564928670287 -5.1295654e-05 4.2927195e-06
1229.6181866907577 -5.218414e-05 4.0010823e-06
1229.6714443666776 -5.0309984e-05 3.6705806e-06
1229.7247016980537 0.0013430906 0.001427548
1229.7779586848926 -5.0855597e-05 3.0855565e-06
1229.8312153272007 0.0012652287 0.0013416909
1229.8844716249848 -4.9092097e-05 2.483895e-06
1229.937727578252 -4.806734e-05 2.1926069e-06
1229.9909831870084 -4.6105608e-05 1.8633601e-06
1230.0442384512612 0.00139578 0.0014755415
1230.0974933710168 0.0030234042 5.948825e-07
1230.1507479462816 -4.4569086e-05 9.53165e-07
1230.2040021770633 -0.000736472 1.8508872e-06
1230.2572560633673 0.0013786006 0.001455114
1230.310509605201 -4.466719e-05 4.5394696e-08
1230.363762802571 0.0013749603 0.0014511243
1230.4170156554842 0.0013734638 0.0014483351
1230.4702681639467 -4.119885e-05 8.755376e-07
1230.523520327966 -3.862059e-05 1.1750504e-06
1230.5767721475477 -4.432032e-05 1.4599937e-06
1230.6300236226996 0.0028827302 9.44314e-05
1230.6832747534274 0.0029160278 2.2227527e-05
1230.7365255397385 -4.128453e-05 2.3721673e-06
1230.7897759816394 -3.46512e-05 2.6776659e-06
1230.8430260791367 -3.9212227e-05 2.9966745e-06
1230.896275832237 0.0031509514 0.00012839978
1230.9495252409472 0.00566383 1.7895803e-05
1231.002774305274 -3.7433754e-05 3.877747e-06
1231.0560230252236 -3.5158733e-05 4.1608737e-06
1231.1092714008032 0.002933751 0.00014487299
1231.1625194320195 0.0015609424 0.0016375973
1231.2157671188788 -3.116111e-05 5.06045e-06
1231.2690144613878 0.0028508315 5.378268e-06
1231.3222614595536 -3.2727057e-05 5.6645326e-06
1231.3755081133827 0.0014013087 0.0014713104
1231.4287544228816 -3.1942087e-05 6.216387e-06
1231.482000388057 0.0014681502 0.0015427151
1231.535246008916 -3.0278981e-05 6.8485733e-06
1231.5884912854644 0.001410225 0.0014797419
1231.6417362177096 -2.9948256e-05 7.409125e-06
1231.6949808056586 -2.8129321e-05 7.717639e-06
1231.7482250493172 0.0014767227 0.0015366967
