eg_uma/half_spectra/oehua4010_59306.2811394122.ecsv
# %ECSV 1.0
# ---
# datatype:
# - {name: WAVELENGTH, datatype: float64}
# - {name: FLUX, datatype: float32}
# - {name: ERROR, datatype: float32}
# schema: astropy-2.0
WAVELENGTH FLUX ERROR
[from data line 704]
1232.1205224296218 -6.959727e-05 1.2841337e-05
1232.173763481555 -6.98529e-05 1.2089343e-05
1232.2270041892373 -6.9368805e-05 1.2185782e-05
1232.2802445526763 0.0014253886 0.0015324124
1232.3334845718784 -7.005313e-05 1.2665194e-05
1232.3867242468505 0.0013515804 0.001435581
1232.439963577599 0.0013643638 0.0014712145
1232.4932025641308 -6.900222e-05 1.3087318e-05
1232.5464412064525 -6.977183e-05 1.2179082e-05
1232.5996795045708 0.0014715705 0.0015931367
1232.6529174584923 -6.934601e-05 1.2836449e-05
1232.7061550682236 0.0013753102 0.0015173439
1232.7593923337718 0.0013804117 0.0014763442
1232.8126292551426 -6.821633e-05 1.2816254e-05
1232.8658658323438 -0.00018070744 1.3786067e-05
1232.9191020653818 -6.911049e-05 1.26741825e-05
1232.972337954263 -7.058629e-05 1.3192531e-05
1233.0255734989937 0.0013486692 0.0014754233
1233.0788086995815 0.0014077786 0.0014978832
1233.1320435560322 0.0013659976 0.0014548334
1233.1852780683535 0.0028960854 0.0032230483
1233.2385122365508 -6.6530716e-05 1.4313146e-05
1233.291746060632 -5.6317913e-05 1.1122917e-06
1233.3449795406027 -6.8160254e-05 1.365783e-05
1233.3982126764702 0.0014769443 0.0015975316
1233.4514454682412 -6.8695495e-05 1.27524345e-05
1233.5046779159225 0.002504957 0.00032590478
1233.55791001952 0.0013793054 0.0014749281
1233.611141779041 -6.799754e-05 1.3575591e-05
1233.664373194492 0.001369592 0.0014860387
1233.7176042658798 2.8312606e-05 8.43732e-05
1233.7708349932109 -6.691182e-05 1.3396707e-05
1233.824065376492 0.00440799 0.0015397982
1233.87729541573 0.0013733559 0.001498505
1233.9305251109315 0.0014321883 0.0015634537
1233.983754462103 -6.678947e-05 1.4620381e-05
1234.0369834692508 -6.9140646e-05 1.3396221e-05
1234.0902121323825 0.0027465592 0.0029516136
1234.143440451504 -6.691079e-05 1.3417361e-05
1234.1966684266222 -6.623544e-05 1.451519e-05
1234.2498960577443 0.0013985032 0.0015009078
1234.303123344876 0.00046001378 0.0005387013
1234.3563502880245 0.0014260606 0.001519659
1234.4095768871966 -6.6999186e-05 1.2751691e-05
1234.4628031423986 -6.604933e-05 1.469463e-05
1234.5160290536376 -6.471276e-05 1.4354656e-05
1234.56925462092 0.0013636949 0.0014651569
1234.6224798442522 -6.633069e-05 1.465202e-05
1234.6757047236415 -6.836266e-05 1.3702742e-05
1234.728929259094 0.0028580357 1.2640127e-05
1234.7821534506168 0.0027183187 0.0029633436
1234.8353772982161 -6.5993125e-05 1.38723235e-05
1234.8886008018992 0.0013462671 0.001429137
1234.9418239616718 -6.510861e-05 1.5024805e-05
1234.9950467775416 0.0014003768 0.0014677064
1235.048269249515 0.0013701946 0.0014233596
1235.101491377598 -6.667152e-05 1.4019638e-05
1235.154713161798 0.002876188 7.00154e-06
1235.207934602122 0.0002568775 0.00030539127
1235.2611556985753 0.0027161527 0.002922038
1235.3143764511658 -6.360589e-05 1.5125707e-05
1235.3675968598993 0.004068559 0.004366832
1235.4208169247834 -6.5780754e-05 1.5375374e-05
1235.4740366458238 0.0013564377 0.0014958786
1235.527256023028 0.0013520217 0.0014643626
1235.580475056402 0.0014370343 0.001548172
1235.633693745953 0.0058892597 0.0029318836
1235.686912091687 0.004407768 0.0015345241
1235.7401300936117 -6.4952466e-05 1.5297828e-05
1235.7933477517324 0.0013291199 0.0014411395
1235.846565066057 -6.3106316e-05 1.5482978e-05
1235.8997820365917 -6.525593e-05 1.6036898e-05
1235.952998663343 0.0013880908 0.0014551146
1236.0062149463174 0.0014667177 0.001584741
1236.0594308855223 -0.000112617745 6.454214e-05
1236.1126464809638 0.0011516573 0.0014858969
1236.1658617326484 0.0015345924 0.0016223913
1236.2190766405834 -6.4675274e-05 1.5037862e-05
1236.2722912047748 0.002715461 0.00292683
1236.3255054252297 -6.357012e-05 1.5320493e-05
1236.3787193019548 0.0013935647 0.001454144
1236.4319328349563 -6.072986e-05 1.671689e-05
1236.4851460242414 0.0029580665 9.186182e-06
1236.5383588698162 0.0042866175 0.0015987582
1236.5915713716877 -6.511678e-05 1.5533957e-05
1236.6447835298627 0.0026939707 0.0029498504
1236.6979953443476 0.0045224456 0.0015514552
1236.7512068151493 0.0014148143 0.0015117612
1236.804417942274 -6.273595e-05 1.5080081e-05
1236.857628725729 0.0027782375 0.0030062133
1236.9108391655202 0.0014315757 0.0015200297
1236.964049261655 0.0027624303 0.0029534153
1237.0172590141399 0.005574268 0.0028024
1237.0704684229809 0.0013694408 0.0015242507
1237.1236774881854 0.0026858274 0.0029005026
1237.1768862097601 -6.0751965e-05 1.5967611e-05
1237.230094587711 0.0013965892 0.001491405
1237.283302622045 -6.140097e-05 1.6260443e-05
1237.336510312769 0.0029776336 0.0032330665
1237.3897176598898 0.00442308 0.0014966126
1237.4429246634134 -6.11734e-05 1.5871763e-05
1237.496131323347 0.0014025207 0.0014969301
1237.5493376396973 0.0013924141 0.0014544904
1237.6025436124708 0.0014118134 0.0014982997
1237.655749241674 0.0029755796 0.00010004032
1237.7089545273136 0.0013417124 0.0014451077
1237.7621594693962 0.0014734262 0.0015059328
1237.8153640679288 -5.8219557e-05 1.6957521e-05
1237.8685683229178 0.0015273864 0.0016075219
1237.9217722343699 -5.7583493e-05 1.6823802e-05
1237.9749758022917 0.0013560373 0.0014739861
1238.0281790266902 -6.2064806e-05 1.4561872e-05
1238.0813819075713 -5.764067e-05 1.7300114e-05
1238.1345844449422 -5.8161626e-05 1.6696722e-05
1238.1877866388095 0.0013899875 0.0014444295
1238.2409884891802 0.0013833303 0.0014561338
1238.2941899960601 -5.9810933e-05 1.579939e-05
1238.3473911594565 0.0030112327 1.6672251e-05
1238.4005919793758 -5.7447272e-05 1.725311e-05
1238.453792455825 0.001377134 0.0015210796
1238.5069925888101 0.005983473 0.0002735999
1238.5601923783386 0.00693898 0.004318954
1238.613391824416 0.011700485 0.0028951792
1238.6665909270503 0.008557847 0.00021402478
1238.7197896862472 0.0054299315 0.0060771923
1238.7729881020136 0.007244371 0.0013298225
1238.8261861743563 0.0013643192 0.0014753032
1238.8793839032817 0.0057797586 0.0030569301
1238.9325812887967 0.0014112405 0.0015038848
1238.9857783309078 0.0014082972 0.0015016298
1239.0389750296217 0.001434162 0.0014918986
1239.0921713849452 -5.551554e-05 1.6987664e-05
1239.145367396885 0.002831267 8.1306345e-05
1239.198563065447 0.0013420461 0.0014301065
1239.2517583906388 0.0013724659 0.0014451024
1239.3049533724663 -6.108483e-05 2.341706e-05
1239.3581480109367 0.00275005 0.0028875147
1239.4113423060564 0.0014230842 0.0015343458
1239.464536257832 0.0013073084 0.001382406
1239.5177298662704 0.0014392419 0.0015748263
1239.5709231313779 0.0040891753 0.0012993225
1239.6241160531613 0.0026848344 0.0029145721
1239.6773086316275 0.0014419114 0.0015147238
1239.730500866783 0.0013985616 0.0015416362
1239.783692758634 0.0030854722 1.0399888e-05
1239.836884307188 0.004311593 0.0015222979
1239.890075512451 0.0013852058 0.0014457678
1239.9432663744294 -5.105926e-05 1.75607e-05
1239.9964568931307 -5.3577845e-05 1.6834518e-05
1240.0496470685612 0.001330782 0.0014015465
1240.1028369007272 0.0014293729 0.001550274
1240.1560263896356 0.001424789 0.0015201434
1240.2092155352932 0.0029385155 0.0030939388
1240.2624043377064 0.0013564869 0.0014093509
1240.3155927968814 -5.1361014e-05 1.744678e-05
1240.3687809128262 0.004429176 0.0015279605
1240.4219686855465 0.004087608 0.00433504
1240.4751561150488 0.0013675669 0.0014549497
1240.52834320134 0.0013924574 0.001449283
1240.5815299444268 0.0027169082 0.0028692523
1240.6347163443158 0.0013396345 0.0014044025
1240.687902401014 0.00140027 0.0015505155
1240.7410881145274 0.0042481567 0.001429587
1240.7942734848627 0.0013658047 0.0014576653
1240.8474585120273 0.0014282968 0.0014754768
1240.900643196027 0.0029024568 4.851839e-05
1240.9538275368686 -4.9986294e-05 1.765668e-05
1241.007011534559 0.0029072973 0.002721084
1241.0601951891051 -4.799418e-05 1.8242927e-05
1241.113378500513 0.0044359183 0.0013849237
1241.1665614687895 0.0014451273 0.0015780419
1241.219744093941 0.002747289 0.0029372238
1241.2729263759747 -4.9618877e-05 1.7314187e-05
1241.3261083148968 0.0013760055 0.0014244781
1241.3792899107143 -4.6948528e-05 1.7781755e-05
1241.4324711634333 0.0028722724 5.210294e-05
1241.4856520730611 0.0031200675 6.462026e-05
1241.538832639604 0.0027673068 0.0029459826
1241.5920128630682 0.0015117342 0.001607562
1241.6451927434614 0.0028869866 0.0029747987
1241.6983722807893 -4.594994e-05 1.7781636e-05
1241.751551475059 0.0056012846 0.0028843146
1241.804730326277 0.0044657215 0.0013087185
1241.85790883445 -4.494574e-05 1.883992e-05
1241.9110869995843 0.0014194101 0.0014602055
1241.9642648216873 -4.6155983e-05 1.8081235e-05
1242.0174423007645 0.0027784659 0.002979217
1242.0706194368238 0.0014836364 0.0015195207
1242.1237962298708 0.004188891 0.0014182961
1242.176972679913 -4.453926e-05 1.7251397e-05
1242.2301487869563 -4.2909778e-05 1.8193754e-05
1242.2833245510078 0.0014003137 0.0014823603
1242.3364999720739 0.0045526326 0.0016011259
1242.3896750501615 0.0072690016 0.004517427
1242.4428497852768 0.006053805 0.00012748095
1242.496024177427 0.0028203616 0.0029934335
1242.5491982266183 0.0071967845 0.0045674373
1242.6023719328573 0.0030939917 4.7250618e-05
1242.655545296151 0.007441052 0.0014033244
1242.7087183165058 0.0043742363 0.0015122382
1242.7618909939283 0.0028222841 2.3736171e-05
1242.8150633284254 0.008362954 0.0006436838
1242.8682353200034 -3.8997074e-05 1.8190021e-05
1242.921406968669 0.001365809 0.0014919684
1242.9745782744292 0.0013877633 0.0014906491
1243.02774923729 0.004118734 0.0046469285
1243.0809198572586 -3.8520953e-05 1.8253802e-05
1243.1340901343415 0.0029615357 0.0031144156
1243.1872600685451 0.0014778379 0.0015699173
1243.2404296598763 0.0014023609 0.0015029729
1243.2935989083414 -3.914826e-05 1.7670389e-05
1243.3467678139473 0.0028883156 2.1186148e-05
1243.399936376701 0.0014659674 0.001528367
1243.4531045966082 0.0028170464 0.0029531184
1243.5062724736763 0.001405944 0.0014991087
1243.5594400079115 0.005797224 0.003026644
1243.6126071993206 0.0014373956 0.0015559113
1243.6657740479104 0.0029741367 9.456136e-06
1243.7189405536874 0.0014184704 0.0015235316
1243.7721067166583 0.0014204935 0.0015009812
1243.8252725368293 0.004129917 0.0044781286
1243.8784380142076 0.0044816723 0.0015653733
1243.9316031487995 0.0028931699 9.58167e-06
1243.9847679406118 0.0029256963 5.671676e-05
1244.037932389651 0.0027772514 0.0029775917
1244.091096495924 0.0014388624 0.0015188846
1244.144260259437 0.0014145073 0.0015091662
1244.1974236801968 0.005900847 1.4538325e-05
1244.2505867582101 0.0028879 0.00302187
1244.3037494934836 0.0013537592 0.0014444463
1244.3569118860237 0.002722679 0.0028777802
1244.4100739358373 0.0057820124 6.7655434e-05
1244.4632356429308 0.001462255 0.0015273656
1244.516397007311 0.0010118234 0.0010557605
1244.5695580289846 0.007338083 0.0014289281
1244.6227187079578 0.004403601 0.0014798038
1244.6758790442375 -3.1667158e-05 1.7141256e-05
1244.7290390378305 0.0028589095 7.185049e-05
1244.7821986887434 -2.9579394e-05 1.7620234e-05
1244.835357996982 0.004303344 0.0013475347
1244.8885169625541 0.002865421 0.0030058543
1244.941675585466 -2.7784927e-05 1.6749724e-05
1244.994833865724 0.0028130338 0.0029397213
1245.0479918033348 0.0058657895 0.0029007748
1245.1011493983053 0.0044534435 0.0014671243
1245.1543066506417 -2.5778956e-05 1.7532053e-05
1245.2074635603512 0.001507177 0.0016013089
1245.2606201274398 0.0028760256 0.0031372595
1245.3137763519144 0.0013966871 0.0014590533
1245.3669322337817 0.002860478 0.0030086418
1245.4200877730484 0.0028621487 0.0031123692
1245.4732429697208 0.0028132072 2.8806271e-05
1245.5263978238058 0.004163808 0.0046486715
1245.57955233531 0.0057374747 0.0031626725
1245.63270650424 -2.526342e-05 1.7958944e-05
1245.6858603306023 0.0015378464 0.0015347169
1245.7390138144035 0.0043723397 0.0015278038
1245.7921669556504 0.004707896 0.0015039049
1245.8453197543497 0.0074053034 0.0016343701
1245.8984722105076 0.0042979005 0.0014730793
1245.951624324131 -2.60109e-05 1.5378482e-05
1246.004776095227 0.0028318523 0.0029920437
1246.0579275238015 0.0013781218 0.0014421064
1246.111078609861 0.0045464537 0.0016455838
1246.1642293534128 -2.0041804e-05 1.6035234e-05
1246.217379754463 0.010315545 0.0015065449
1246.2705298130188 0.0044312156 0.0014898913
1246.3236795290863 -2.1566091e-05 1.5439105e-05
1246.3768289026723 0.0014191353 0.0014600584
1246.429977933783 0.0014050327 0.0014868932
1246.483126622426 0.0058548707 0.0028500163
1246.536274968607 0.0015223814 0.0015503699
1246.5894229723328 0.001404072 0.0014546092
1246.6425706336104 0.004662005 0.001477317
1246.6957179524463 0.0014876715 0.0015255591
1246.7488649288466 0.004440043 0.0014867203
1246.802011562819 -1.8121433e-05 1.5836418e-05
1246.855157854369 0.008545852 0.005915738
1246.9083038035037 0.0058745807 0.003025896
1246.9614494102298 0.0054278625 0.0060053156
1247.0145946745536 0.0014763772 0.0015521662
1247.067739596482 0.0041602473 0.0045074336
1247.1208841760215 0.008811557 5.634608e-08
1247.1740284131788 0.0014100554 0.0014379217
1247.2271723079605 0.008894476 0.0030301807
1247.280315860373 0.011282237 0.0043408596
1247.3334590704235 0.008979453 0.0031219262
1247.3866019381178 0.0014166322 0.0014851011
1247.439744463463 0.0044739814 0.0015472011
1247.492886646466 0.0057605053 0.003011697
1247.5460284871328 0.004471153 0.0015979941
1247.5991699854706 0.0044055446 0.0015969806
1247.6523111414854 0.001554249 0.0015673519
1247.7054519551843 0.0040426417 0.0044287434
1247.7585924265734 0.007577125 0.0016090603
1247.81173255566 0.0058277515 0.0028716987
1247.86487234245 0.00436991 0.0015237882
1247.9180117869507 0.0014240628 0.0015152518
1247.9711508891683 0.0044103675 0.0014653003
1248.0242896491095 0.001413991 0.0014760103
1248.0774280667808 0.0014994952 0.0015640825
1248.130566142189 -5.083627e-06 1.4436773e-05
1248.1837038753408 0.0060252966 0.00020407268
1248.2368412662427 0.005648718 0.0060597756
1248.289978314901 0.0043350263 0.004718965
1248.3431150213225 0.0027149725 0.0028779798
1248.3962513855142 0.007091425 0.004375609
1248.4493874074826 0.0069373525 0.0043965727
1248.5025230872336 0.004496369 0.0014445012
1248.5556584247747 0.007292883 0.0015170714
1248.608793420112 -5.5141745e-06 1.2950469e-05
1248.6619280732523 0.00470005 0.0014919203
1248.7150623842022 0.0044951513 0.0014805371
1248.768196352968 0.0045726225 0.0015237114
1248.821329979557 0.0055767996 0.0023989344
1248.8744632639753 0.0014001761 0.001321246
1248.9275962062295 0.0014563224 0.001492235
1248.9807288063262 0.005842824 0.0029827051
1249.0338610642725 0.0029866977 1.3341216e-07
1249.0869929800745 -3.0396614e-05 2.808704e-05
