eg_uma/half_spectra/oehua2010_59306.6196807866.ecsv
# %ECSV 1.0
# ---
# datatype:
# - {name: WAVELENGTH, datatype: float64}
# - {name: FLUX, datatype: float32}
# - {name: ERROR, datatype: float32}
# schema: astropy-2.0
WAVELENGTH FLUX ERROR
1194.5558698789898 0.005101959 0.0038084842
1194.6093548863962 3.260695e-06 1.5770638e-08
1194.6628395447965 1.3608914e-06 1.5472324e-08
1194.7163238541975 1.0091538e-05 1.0408257e-08
1194.7698078146059 0.0030476681 0.00018995031
1194.8232914260284 -1.3105201e-06 3.8526196e-09
1194.876774688472 -0.00031934594 8.731149e-09
1194.9302576019438 0.004347821 0.0014992129
1194.98374016645 3.6877893e-06 3.6819984e-08
1195.0372223819982 -6.51522e-07 3.274181e-11
1195.0907042485944 -0.00021714202 0.0012711651
1195.1441857662462 -0.0016416844 0.00017927424
1195.19766693496 -0.0016440891 0.0001795339
1195.2511477547428 -0.0016457856 0.00017976091
1195.3046282256012 -0.00022136838 0.0016459173
1195.358108347542 -0.00018474938 0.001319056
1195.4115881205726 -0.0016544319 0.00018046354
1195.4650675446992 -0.0016586191 0.00018067966
1195.5185466199287 -0.00021194965 0.0016682715
1195.5720253462682 -0.0016629343 0.0001811012
1195.6255037237245 -0.00023955393 0.0016451629
1195.6789817523045 -0.0016679107 0.0001815075
1195.7324594320148 -0.0016706437 0.00018171186
1195.785936762862 -0.00023747055 0.0016560535
1195.8394137448538 -0.0016749216 0.00018210104
1195.8928903779959 -0.00027457462 0.0012488279
1195.946366662296 -0.0016798001 0.00018244924
1195.9998425977603 -0.00025215538 0.0012775318
1196.0533181843962 -0.00016910624 0.0017449863
1196.1067934222103 -0.0016858313 0.00018297292
1196.1602683112094 -0.0001760436 0.0013671971
1196.2137428514 -0.001690959 0.00018329539
1196.2672170427893 0.0014913047 0.00024390082
1196.3206908853842 0.0012219065 0.0001855641
1196.3741643791916 -0.00022652485 0.0013232786
1196.4276375242177 -0.0002632181 0.0012862595
1196.48111032047 -0.0017048422 0.00018400466
1196.534582767955 0.0004891 0.002469887
1196.5880548666796 -0.0017119737 0.00018425695
1196.6415266166505 -0.0017108407 0.00018437475
1196.694998017875 -0.0017179436 0.00018450577
1196.7484690703593 0.0019174564 0.0040635364
1196.8019397741102 -0.0002773151 0.0016672508
1196.8554101291352 -0.0018453815 0.00018483418
1196.9088801354408 -0.00024943394 0.0013220974
1196.9623497930334 0.002347154 0.0045618177
1197.0158191019204 0.001310809 0.0001851117
1197.0692880621084 0.0028931133 0.0017389434
1197.1227566736043 -0.0017364621 0.00018526435
1197.1762249364144 0.0010046402 0.0001432554
1197.2296928505466 0.0013555166 0.00026234763
1197.2831604160065 -0.00020415214 0.001768303
1197.3366276328018 -0.0017422478 0.00018557056
1197.3900945009389 -0.0017436054 0.00018564222
1197.443561020425 0.00010778268 0.0011947001
1197.4970271912662 -0.0017475405 0.00018574313
1197.5504930134703 0.0011860954 0.00018581079
1197.603958487043 -0.00024488787 0.0013576318
1197.657423611992 -0.00031215974 0.0016688206
1197.7108883883243 -0.00029952292 0.0016856582
1197.7643528160459 -0.0017596979 0.00018596783
1197.817816895164 -0.0003219118 0.0016660431
1197.8712806256851 -0.0017634575 0.00018601071
1197.9247440076167 -0.0017678103 0.00018604432
1197.9782070409653 0.0011011924 0.0028134007
1198.0316697257376 0.001312963 8.233539e-05
1198.0851320619404 -0.0007906627 0.0011885863
1198.1385940495807 -0.00031383822 0.0013058806
1198.1920556886648 0.0004420799 0.00052383245
1198.2455169792001 -0.00020113472 0.0018142632
1198.2989779211935 -0.0017774036 0.00018608777
1198.3524385146516 -0.0017882716 0.00018605204
1198.4058987595809 -0.00035441702 0.0016553492
1198.4593586559886 -0.00035849438 0.0012716408
1198.5128182038814 -0.0003967783 0.001613469
1198.5662774032662 0.0040732487 0.0004057732
1198.6197362541498 -0.0017924893 0.00018595002
1198.6731947565388 1.4961617e-05 0.0020565223
1198.72665291044 0.00067961746 0.002775519
1198.7801107158607 -0.00038949 0.0012509006
1198.8335681728074 0.001059948 0.0031941205
1198.8870252812867 -0.0003588769 0.0012871842
1198.9404820413058 0.0011823412 0.00030308054
1198.9939384528714 0.0010401348 0.0027895311
1199.0473945159904 -0.0018077308 0.00018555386
1199.100850230669 0.0052934564 0.0013501564
1199.1543055969148 -0.00035787947 0.001680359
1199.207760614734 0.001012015 0.0031529134
1199.2612152841343 -0.00044106628 0.0015944557
1199.3146696051215 0.001224437 0.00010198237
1199.3681235777028 -0.00039013723 0.0012726975
1199.4215772018854 -0.0018209732 0.00018502229
1199.4750304776755 0.0012972336 0.00021276574
1199.5284834050801 -0.0018230841 0.00018483195
1199.5819359841064 0.0013995487 0.00017876613
1199.6353882147607 -0.0003753115 0.0016774974
1199.68884009705 0.0011765558 0.00016172048
1199.7422916309815 0.0022111956 0.004503745
1199.795742816561 0.0025730634 0.0016985858
1199.8491936537964 -0.0018354991 0.00018417554
1199.9026441426938 0.0024654102 0.0044060615
1199.9560942832604 0.0026874207 0.0011823775
1200.0095440755028 0.0026865937 0.0012702761
1200.062993519428 -0.001694272 3.915352e-05
1200.1164426150426 0.0039828815 0.0026416525
1200.1698913623534 -0.00033404553 0.0013613086
1200.2233397613675 -0.00041548975 0.0016525614
1200.2767878120915 -0.0018454359 0.0001831266
1200.3302355145322 0.0011410217 0.0033306365
1200.3836828686965 0.0009103084 0.00016965257
1200.437129874591 -0.000573975 0.0013663422
1200.4905765322226 -0.00041132697 0.0012910932
1200.5440228415987 0.001308361 0.0029390373
1200.597468802725 -0.0018557975 0.00018217386
1200.6509144156093 0.0026141533 0.0017206703
1200.7043596802575 -0.0003872588 0.0013230722
1200.7578045966773 -0.0003547327 0.0013595654
1200.8112491648749 0.0020530678 0.0009153299
1200.8646933848574 0.0008546843 0.00025973577
1200.9181372566313 0.002431117 0.0016017557
1200.9715807802038 0.003314251 0.0054568755
1201.0250239555817 0.0023436893 0.0014978307
1201.0784667827713 0.00370105 0.002424655
1201.13190926178 0.000906099 0.0027193099
1201.185351392614 -0.00048526024 0.0016043442
1201.2387931752808 -0.0018728424 0.00017990347
1201.2922346097869 -0.0014272315 0.00027329294
1201.3456756961386 -0.00039961663 0.0016995507
1201.3991164343436 0.004073497 0.0028588488
1201.452556824408 -0.00043405703 0.0016643489
1201.505996866339 -0.0008354384 0.00124317
1201.5594365601432 -0.0018860911 0.00017857089
1201.6128759058277 0.0006425419 0.00012177468
1201.6663149033986 0.002228978 0.0013511879
1201.7197535528635 -0.0018892891 0.00017788603
1201.773191854229 -0.0013249278 0.0003887432
1201.8266298075014 0.0036250716 0.0032399145
1201.8800674126883 -0.00045274448 0.0012911089
1201.9335046697959 -0.00053710514 0.0015644138
1201.986941578831 0.0026739591 0.0018015467
1202.0403781398009 0.0050533717 0.0018328417
1202.093814352712 0.00041516387 0.0007628627
1202.1472502175711 -0.00038014076 0.001376388
1202.2006857343852 0.0010852277 0.00017563305
1202.254120903161 0.0009476545 0.0031747448
1202.3075557239054 0.0040503526 0.00010268058
1202.360990196625 0.0010676365 7.541614e-05
1202.4144243213266 -0.0019050896 0.00017451757
1202.4678580980171 0.0002926534 0.002099867
1202.5212915267034 -0.0004646481 0.0012971559
1202.5747246073922 -0.0003936695 0.0017327028
1202.6281573400902 0.0009592236 0.0028208226
1202.6815897248043 -0.0005017759 0.0016170031
1202.7350217615412 -0.00043226618 0.0013377697
1202.788453450308 0.002419725 0.0017117029
1202.8418847911112 0.004079411 0.0032834439
1202.8953157839578 0.004749931 0.0035534839
1202.9487464288543 0.00220649 0.004224299
1203.0021767258079 -0.00050967187 0.0016132614
1203.055606674825 -0.00053605874 0.0012361035
1203.1090362759126 -0.00025721517 0.0015364296
1203.1624655290775 -0.00048754076 0.0016395987
1203.2158944343264 0.0045098877 0.0038540184
1203.2693229916663 0.0057406826 0.0011719604
1203.322751201104 -0.00047774633 0.0013050657
1203.3761790626459 -0.00047120664 0.0013131569
1203.429606576299 -0.0019252058 0.00016868534
1203.4830337420703 0.0035590534 0.002950031
1203.5364605599666 0.0011008125 0.0029965143
1203.589887029994 0.000790462 0.003006364
1203.6433131521605 0.0037758653 0.0032190997
1203.696738926472 -0.001926021 0.00016698067
1203.7501643529354 0.007177546 0.00018176132
1203.8035894315576 0.00094340014 0.00021367914
1203.8570141623456 0.0056262584 0.0014306817
1203.910438545306 0.0023418807 0.0015302509
1203.9638625804453 0.002637747 0.0013447698
1204.017286267771 0.00074822496 0.002979429
1204.070709607289 -0.0019367072 0.00016447122
1204.1241325990072 0.0027164517 0.0015103698
1204.1775552429312 0.0023269425 0.0012635813
1204.2309775390688 -0.00041245008 0.0018408325
1204.284399487426 -0.0019388024 0.00016295514
1204.3378210880103 0.004109881 6.6857305e-05
1204.3912423408278 0.0010559637 0.003319849
1204.444663245886 -0.0019389578 0.00016183476
1204.498083803191 0.0009886919 6.4185246e-05
1204.5515040127502 0.0024629838 0.0011842523
1204.60492387457 0.00086096424 0.0031073168
1204.6583433886572 -0.000572702 0.0011765785
1204.7117625550188 0.0009464665 0.0028659636
1204.7651813736613 -0.0019438847 0.00015946676
1204.818599844592 0.0009749235 0.002898149
1204.872017967817 -0.000470762 0.0013497509
1204.9254357433438 0.0010146627 5.0869083e-05
1204.9788531711783 0.0026605104 0.0014756792
1205.0322702513283 -0.00036942188 0.0017874425
1205.0856869838 -0.00050764263 0.0016377072
1205.1391033686002 0.0011114201 1.53848e-05
1205.192519405736 0.002562086 0.0020701906
1205.245935095214 -0.0019493694 0.00015577259
1205.2993504370409 0.0016074206 0.00018824627
1205.3527654312236 0.0023560831 0.004782456
1205.4061800777686 0.002142756 0.0045498605
1205.459594376683 -0.0004698329 0.00136437
1205.5130083279737 0.00097357854 0.003240857
1205.5664219316475 0.0024694824 0.0018151657
1205.6198351877106 0.002832042 0.0014795267
1205.6732480961703 0.004035623 0.0033756862
1205.726660657033 0.007120397 3.1424228e-05
1205.7800728703062 -0.0005478011 0.0012871748
1205.833484735996 0.003170325 0.0022563343
1205.8868962541096 0.0037630242 0.003360092
1205.9403074246534 -0.0019582864 0.0001500513
1205.9937182476344 0.0009077544 5.122364e-05
1206.0471287230596 0.0033643031 0.0037701775
1206.1005388509357 -0.0005378682 0.0013032781
1206.1539486312688 0.0005032798 0.00026497358
1206.2073580640667 0.007892188 0.0021803074
1206.2607671493354 0.0027333691 0.001667228
1206.3141758870822 0.0054102517 0.0012755314
1206.3675842773137 0.0050384738 0.006461318
1206.4209923200367 0.0030425175 0.0038055473
1206.474400015258 0.0075015146 0.003471937
1206.527807362984 0.0024432568 0.0012566979
1206.581214363222 0.004228597 8.8543515e-05
1206.6346210159784 0.0054383166 0.0017946461
1206.6880273212607 0.0017611426 0.0010296601
1206.7414332790747 -0.0004802457 0.001671965
1206.7948388894279 0.0042636907 0.0033977102
1206.8482441523267 0.0021814662 0.0042858287
1206.9016490677782 0.00075895665 0.0027031691
1206.9550536357888 0.0011186474 0.0031009282
1207.0084578563656 0.0035529614 0.0010098354
1207.0618617295152 0.001400441 0.00018163418
1207.1152652552441 0.002200321 0.0015413716
1207.16866843356 -0.00037229207 0.0017875644
1207.222071264469 0.0022279322 0.00124896
1207.2754737479777 0.003561122 0.0049690846
1207.3288758840931 0.0049671563 0.0034076287
1207.3822776728223 0.0016762743 0.0040160264
1207.4356791141715 0.00084840535 0.0028163309
1207.4890802081482 0.003992733 0.0006848171
1207.5424809547585 0.0022410457 0.0018854969
1207.5958813540096 -0.001973697 0.00013498001
1207.6492814059081 0.0038909363 0.00027204386
1207.7026811104606 -0.0009389077 0.0011885746
1207.7560804676743 0.0009244357 0.0029011124
1207.8094794775557 0.002543316 0.0016592303
1207.8628781401117 -0.0004969288 0.0013768335
1207.9162764553487 0.0009209517 0.0031796498
1207.9696744232745 0.009495775 0.0031566294
1208.0230720438947 0.00243238 0.0016805261
1208.0764693172164 0.003067466 4.9260434e-05
1208.1298662432466 0.00261698 0.0014837659
1208.1832628219922 0.0062565804 0.0025494115
1208.2366590534598 -0.0004497115 0.0016981583
1208.290054937656 0.00096987694 0.002960191
1208.3434504745876 0.009873525 0.0030646836
1208.396845664262 -0.0022537129 0.00012700305
1208.4502405066848 -0.00054283236 0.0013359796
1208.503635001864 0.0025725502 0.0014241176
1208.5570291498054 -0.0019744101 0.00012537203
1208.6104229505165 -0.00048423395 0.0016576557
1208.663816404004 0.005113405 0.0013086852
1208.717209510274 0.0007934666 0.00013600459
1208.7706022693337 0.0011665362 0.00022271113
1208.8239946811902 0.0022680212 0.0046900916
1208.8773867458497 -0.00046711828 0.0016727337
1208.9307784633197 -0.0019750176 0.000121519224
1208.984169833606 -0.00050634437 0.0016288096
1209.037560856716 0.0037246295 0.0028246266
1209.0909515326566 -0.0019764362 0.00011983127
1209.1443418614342 0.0011227954 0.00017794948
1209.1977318430559 0.0037843497 0.0031533511
1209.2511214775277 -0.00046161996 0.0016746722
1209.3045107648575 0.0023235842 0.004501559
1209.357899705051 0.0010513498 0.00012050749
1209.411288298116 -0.00055159733 0.0013389472
1209.4646765440589 -0.00043303426 0.0017038665
1209.5180644428858 -0.00197367 0.0001152522
1209.571451994604 0.0037472423 0.00063352525
1209.6248391992206 0.0019700862 0.0008981616
1209.678226056742 0.004188296 0.0032998105
1209.731612567175 0.00044990808 0.0024082202
1209.7849987305262 0.0055235527 0.0048960587
1209.838384546803 0.0037294936 0.002970665
1209.8917700160116 0.0031178945 0.002263899
1209.9451551381585 0.003578838 0.002750361
1209.998539913251 -0.00014973889 0.0019964273
1210.0519243412957 -0.0005344822 0.0015865589
1210.1053084222997 0.0026369137 0.0017947335
1210.1586921562691 -0.0004840163 0.0014181283
1210.2120755432115 0.0045006783 0.0007806127
1210.2654585831328 -0.0019750954 0.00010704451
1210.31884127604 -0.00043903248 0.0014608849
1210.3722236219405 -0.0019770076 0.00010585235
1210.4256056208405 0.0026016415 0.0015042934
1210.4789872727467 0.005209975 0.0044505415
1210.5323685776661 0.00312737 0.0021507242
1210.5857495356051 -0.0005071102 0.0016077769
1210.6391301465715 0.003647678 3.210862e-05
1210.6925104105708 -0.0019759065 0.00010221219
1210.7458903276104 0.0018589931 0.0039729252
1210.7992698976968 0.0030710637 0.0004665992
1210.852649120837 0.0006930719 0.0013147391
1210.9060279970379 0.0012025674 0.00024132975
1210.959406526306 0.0031991957 0.0055226176
1211.012784708648 -0.0004617572 0.0016500035
1211.066162544071 0.0056179576 0.00010519168
1211.1195400325814 0.0027425187 0.0016930508
1211.172917174186 -0.00196922 9.676211e-05
1211.2262939688917 0.0083346125 0.0119044855
1211.2796704167054 0.0037557064 0.00014675134
1211.3330465176339 0.0021999327 0.004569321
1211.3864222716834 0.0018225973 0.0032852003
1211.4397976788612 -0.00054033124 0.0015574917
1211.4931727391738 0.0010794684 0.0012672746
1211.5465474526281 0.002608662 0.0016946022
1211.5999218192308 0.000846784 0.0028575014
1211.653295838989 0.009053146 0.0015420382
1211.7066695119086 0.0024908665 0.0013881449
1211.7600428379972 0.002482465 0.0014176642
1211.813415817261 0.0024673336 0.0016512715
1211.8667884497074 0.0008861486 0.0028994223
1211.9201607353425 -0.0007407865 0.001377793
1211.9735326741736 -0.00019931591 0.0014303033
1212.026904266207 0.0041920696 0.000393172
1212.0802755114496 -0.000731385 0.0011697193
1212.1336464099086 0.0024308406 0.0014080312
1212.1870169615902 0.0021645196 0.0045195576
1212.240387166501 -0.0004324361 0.0014873272
1212.2937570246486 -0.00040830387 0.0016833771
1212.347126536039 -0.00054604694 0.001365353
1212.4004957006794 0.0052320748 0.001217587
1212.4538645185764 -0.0019636753 8.168353e-05
1212.5072329897364 0.007957492 0.0018758419
1212.5606011141667 -0.00043574558 0.0016482957
1212.613968891874 0.0010546013 0.0030887222
1212.667336322865 -0.0005386865 0.0013737623
1212.720703407146 -0.0006136527 0.0014566643
1212.774070144724 0.0009376811 8.256012e-05
1212.8274365356065 -0.00054499164 0.0012677748
1212.8808025797991 0.0023814742 0.004549595
1212.9341682773093 0.003754665 2.0193032e-05
1212.9875336281439 -0.00039604862 0.0015263726
1213.040898632309 0.0069616986 0.0029053849
1213.094263289812 0.00083046197 0.0030004678
1213.1476276006592 0.005289923 0.0015130065
1213.200991564858 -0.0004916497 0.001317573
1213.2543551824144 0.0009677022 0.00016664492
1213.3077184533356 0.0025007103 0.0015231656
1213.3610813776281 0.0038317 8.468799e-05
