eg_uma/half_spectra/oehub3010_59330.8359324729.ecsv
# %ECSV 1.0
# ---
# datatype:
# - {name: WAVELENGTH, datatype: float64}
# - {name: FLUX, datatype: float32}
# - {name: ERROR, datatype: float32}
# schema: astropy-2.0
WAVELENGTH FLUX ERROR
[from data line 348]
1213.1567364907607 -0.0001364288 5.605048e-06
1213.2100915766857 0.0055857957 0.0029457943
1213.2634463157333 -0.00023734783 5.460548e-06
1213.3168007079105 0.0013298378 0.0015098776
1213.370154753224 0.0027830715 0.0030657374
1213.4235084516806 -0.00013683773 5.245689e-06
1213.476861803287 0.0009977462 0.0014986412
1213.53021480805 0.0040237815 0.004452363
1213.583567465976 0.0042411247 0.0014920578
1213.6369197770723 -0.00013730131 4.9609225e-06
1213.6902717413457 0.0026691381 0.0029354258
1213.7436233588026 -0.0001354655 4.8308575e-06
1213.7969746294496 6.2274376e-05 0.0002064504
1213.850325553294 0.0043920446 0.0014724318
1213.9036761303423 0.0027208114 0.0029987295
1213.957026360601 -0.00013511958 4.5487686e-06
1214.0103762440776 0.0001407714 0.00028563017
1214.063725780778 0.0012572248 0.0014299926
1214.1170749707096 -0.00013879435 4.346948e-06
1214.170423813879 0.001296537 0.0014625909
1214.2237723102926 0.0029809237 7.757034e-05
1214.2771204599576 0.0023998783 0.00036270122
1214.3304682628807 0.003625651 0.00044574527
1214.3838157190685 0.005406306 0.0028790226
1214.4371628285278 0.0013801632 0.0015614503
1214.4905095912654 0.0033910894 0.003742413
1214.543856007288 0.005866684 4.062311e-05
1214.5972020766026 0.0012304446 0.00151175
1214.6505477992157 0.005287722 0.0059473347
1214.703893175134 0.0024548764 0.0025528397
1214.7572382043643 0.008748401 0.0029970459
1214.8105828869138 0.0027199606 0.0030011584
1214.8639272227888 0.0072417287 0.0015884405
1214.917271211996 0.009690231 0.005633803
1214.9706148545424 0.0038487876 0.0007728587
1215.0239581504347 0.012442264 0.0072512245
1215.0773010996797 0.017570361 0.0029558213
1215.1306437022843 0.010165343 0.007697256
1215.1839859582544 0.020392304 0.005918251
1215.237327867598 0.014702525 0.0059401626
1215.2906694303213 0.018848725 0.0010440762
1215.3440106464307 0.018300084 0.0076140207
1215.3973515159332 0.019210184 0.0022833534
1215.450692038836 0.018666388 0.0007131521
1215.5040322151453 0.00539582 0.0025330035
1215.557372044868 0.010683571 0.0012156887
1215.610711528011 0.009635729 0.00725539
1215.664050664581 0.02229949 0.0007863356
1215.717389454585 0.008982193 0.0069259647
1215.770727898029 0.014079757 0.004429652
1215.8240659949204 0.024365937 0.0042128204
1215.8774037452658 0.06553151 0.010485391
1215.930741149072 0.08204448 0.016791092
1215.9840782063457 0.11062408 0.013367986
1216.0374149170934 0.13204204 0.00036357332
1216.0907512813226 0.15987408 0.0008666506
1216.144087299039 0.1705087 0.031099811
1216.1974229702505 0.12250503 0.014350373
1216.250758294963 0.10121108 0.011892896
1216.304093273183 0.10955947 0.007100526
1216.3574279049185 0.10159261 0.0074687637
1216.4107621901753 0.06109884 0.0076630553
1216.4640961289604 0.056229435 0.005781398
1216.5174297212802 0.056100674 7.529743e-05
1216.5707629671422 0.03974378 0.0028372444
1216.6240958665526 0.025800528 0.0018652118
1216.677428419518 0.030745422 0.010402663
1216.7307606260458 0.023179544 0.0071158586
1216.7840924861425 0.022233639 0.0042959983
1216.8374239998145 0.016558025 0.001278857
1216.8907551670686 0.018817134 0.001575821
1216.944085987912 0.01203515 0.00017478947
1216.997416462351 0.006950045 0.0043025133
1217.050746590393 0.012330978 0.0074865
1217.104076372044 0.0069882534 0.0013069412
1217.157405807311 0.008691619 7.466972e-05
1217.2107348962006 0.0059190392 0.000119763674
1217.26406363872 0.0041546156 0.004600973
1217.3173920348756 0.0027346977 0.00014928658
1217.3707200846743 0.004044077 0.004449646
1217.4240477881226 0.0013258881 0.0013787611
1217.4773751452276 0.005412227 0.0028193572
1217.5307021559959 0.007425711 0.001520548
1217.584028820434 0.0012742216 0.0014358037
1217.637355138549 0.0025901576 0.0030132271
1217.6906811103474 0.0010496328 0.0013736686
1217.7440067358366 -0.000131226 8.6997886e-07
1217.7973320150224 0.001334362 0.0014998282
1217.850656947912 0.0013489447 0.0015147222
1217.9039815345122 0.0012423345 0.0014002301
1217.9573057748294 0.0042712684 0.0013466371
1218.010629668871 0.0026646024 0.0029291697
1218.0639532166429 -0.0016847232 6.57863e-07
1218.1172764181526 0.0025189854 0.0028765087
1218.1705992734064 0.0011627122 0.0015334238
1218.2239217824113 0.0025576085 0.002966319
1218.2772439451735 0.0010819724 0.0014058717
1218.3305657617009 -0.00012444805 4.998437e-07
1218.383887231999 0.0014441626 0.0016151858
1218.4372083560754 0.001277781 0.0014366361
1218.4905291339362 0.0028759826 0.0031582138
1218.5438495655885 0.0041512535 0.001446844
1218.5971696510392 0.0057837176 0.00012673192
1218.6504893902945 0.0012433436 0.0013989911
1218.7038087833616 0.0034919584 0.00063425873
1218.7571278302476 0.0029039874 2.6207603e-05
1218.8104465309582 0.0041586384 0.0014659012
1218.8637648855008 0.0043663727 0.0015079915
1218.917082893882 -0.00012451071 1.9667634e-07
1218.9704005561089 -0.00012354637 1.756197e-07
1219.0237178721877 0.0013167631 0.0014753802
1219.0770348421256 0.0012514513 0.0014073256
1219.130351465929 -0.00012671298 9.2899406e-08
1219.1836677436042 0.0025807533 0.002828313
1219.2369836751593 0.0013664212 0.0015288207
1219.2902992606 0.0011768417 0.0013267804
1219.343614499933 0.0021489924 0.0008022654
1219.3969293931657 -0.00012433145 1.02874875e-10
1219.4502439403043 0.0014420833 0.0016124191
1219.5035581413558 -0.00012488931 6.594926e-08
1219.5568719963267 -0.00012586566 8.82719e-08
1219.6101855052239 -0.0001223115 1.3732642e-07
1219.663498668054 -0.00012218363 1.3906173e-07
1219.7168114848241 -0.00012632686 1.4843675e-07
1219.7701239555406 -0.0001225765 1.8291757e-07
1219.8234360802105 0.0012500405 0.0014033768
1219.8767478588402 -0.00012484139 2.0723377e-07
1219.9300592914365 0.00023035827 0.00035411716
1219.9833703780064 -0.0001219367 2.6295308e-07
1220.0366811185565 -0.00012115144 2.8248542e-07
1220.0899915130933 -0.00011998079 2.7799243e-07
1220.1433015616242 -0.00012427848 2.8848433e-07
1220.196611264155 0.0013318941 0.0014906758
1220.2499206206935 -0.00012231151 3.4448018e-07
1220.3032296312456 0.0029325394 1.0011835e-05
1220.3565382958184 0.003002891 9.328153e-05
1220.4098466144183 0.0012362624 0.0013871815
1220.4631545870525 -0.00012134314 3.65431e-07
1220.5164622137274 -0.000119021235 3.9919527e-07
1220.56976949445 -0.000121334386 3.9623384e-07
1220.6230764292268 0.00135303 0.0015087109
1220.6763830180644 -0.000122096 4.3915125e-07
1220.7296892609702 0.0012266134 0.0013767873
1220.7829951579502 -0.00011962544 4.6556303e-07
1220.8363007090113 -0.00012083449 4.6275798e-07
1220.8896059141607 -0.00011921618 4.786269e-07
1220.9429107734045 0.0025540937 0.0027801266
1220.99621528675 0.0027403743 9.341023e-05
1221.0495194542036 0.0013972406 0.0015549851
1221.102823275772 -0.00011772682 5.3371696e-07
1221.1561267514621 0.0014241796 0.0015867476
1221.2094298812806 0.0013009664 0.0014535141
1221.2627326652341 -0.0001193869 5.608381e-07
1221.3160351033293 0.001254253 0.0014025128
1221.3693371955735 0.0028861628 8.38749e-06
1221.4226389419725 0.0013107022 0.0014623125
1221.4759403425337 0.0012972903 0.0014479301
1221.5292413972636 -0.00011701153 6.010705e-07
1221.5825421061693 0.0026963125 0.0029423458
1221.635842469257 0.0013738903 0.00152916
1221.6891424865337 -0.00011784593 6.0664024e-07
1221.742442158006 0.0012161743 0.0013600629
1221.7957414836808 -0.00012035895 6.253358e-07
1221.8490404635647 -0.00011584134 6.418193e-07
1221.9023390976645 0.0012977066 0.0014462862
1221.9556373859868 -0.00011773228 6.4611214e-07
1222.0089353285384 0.0013281783 0.0014794224
1222.0622329253263 -0.00011466647 6.348127e-07
1222.115530176357 0.0028763197 5.935697e-05
1222.168827081637 -0.00011450955 6.312984e-07
1222.2221236411733 0.0013218285 0.0014715802
1222.2754198549726 -0.00011763241 6.508851e-07
1222.3287157230416 0.0025946316 0.002837596
1222.382011245387 0.0013612192 0.0015142026
1222.4353064220154 -0.00011444354 6.2646717e-07
1222.4886012529341 -0.00011303568 6.28177e-07
1222.5418957381492 -0.00044957842 6.223126e-07
1222.5951898776675 0.0013542082 0.00150483
1222.6484836714963 0.0013673934 0.0015188071
1222.7017771196413 -0.000112195135 6.13545e-07
1222.7550702221104 -0.00011389065 6.1795055e-07
1222.8083629789094 0.00222851 0.0024371475
1222.8616553900454 -0.00011337114 6.014232e-07
1222.9149474555252 0.001285778 0.0014299072
1222.9682391753554 -0.00011211094 5.814799e-07
1223.0215305495428 0.001285737 0.0014296732
1223.074821578094 0.0005121034 0.00063090766
1223.128112261016 -0.00011280849 5.5646524e-07
1223.181402598315 0.0012784513 0.0014215605
1223.234692589998 0.0013470881 0.0014944496
1223.2879822360724 -0.00010995143 5.368564e-07
1223.3412715365437 -0.000113943584 5.3034444e-07
1223.3945604914193 -0.000110569104 5.025977e-07
1223.4478491007062 -0.000110205045 5.0793085e-07
1223.5011373644104 -0.000114361355 4.77321e-07
1223.5544252825391 0.0010159209 0.0014548372
1223.607712855099 -0.00011076831 4.821921e-07
1223.6610000820967 0.002823146 0.00010628445
1223.714286963539 -0.00010707525 4.2712418e-07
1223.7675734994325 -0.00011382157 4.2840108e-07
1223.8208596897841 0.0012425325 0.0013799247
1223.8741455346003 -0.0001102404 4.0151642e-07
1223.9274310338883 -0.0001108998 3.8114013e-07
1223.9807161876543 0.0038569649 0.0042470796
1224.034000995905 -0.000109019566 3.6463456e-07
1224.0872854586476 -0.00011203032 3.4009278e-07
1224.1405695758883 0.001220639 0.0013548178
1224.193853347634 -0.00010882309 3.1490703e-07
1224.2471367738917 -0.00010985795 2.79957e-07
1224.3004198546678 0.0013415784 0.0014843477
1224.353702589969 0.0056319265 0.0030118353
1224.4069849798025 -0.000107147396 2.442975e-07
1224.4602670241743 0.0018175513 0.0019877204
1224.5135487230916 -0.00010559707 2.054148e-07
1224.566830076561 -0.00010885584 1.7507045e-07
1224.6201110845893 0.0013234421 0.0014650153
1224.6733917471831 -0.000106108615 1.2566306e-07
1224.7266720643493 -0.00010534081 1.2423695e-07
1224.779952036094 -0.00010658824 1.005901e-07
1224.8332316624249 0.001371182 0.0015143591
1224.886510943348 -0.000106360174 5.3536493e-08
1224.93978987887 -0.000104583974 2.8998327e-08
1224.9930684689982 -0.00024590947 1.1699761e-08
1225.046346713739 0.0012845099 0.0014204755
1225.0996246130987 0.0027539844 0.0029962927
1225.1529021670847 -0.00010092806 6.9205264e-08
1225.2061793757034 -0.00010771023 1.05937936e-07
1225.2594562389613 -0.000101461694 1.1212613e-07
1225.3127327568654 0.0014370267 0.0015829948
1225.3660089294226 -0.00010191577 1.7753338e-07
1225.4192847566392 -0.00010275134 1.9215075e-07
1225.4725602385222 0.0012960973 0.001430807
1225.525835375078 -0.00010311696 2.5972258e-07
1225.5791101663137 0.0013222782 0.001459459
1225.632384612236 0.002932672 9.571065e-05
1225.6856587128511 0.0013344721 0.0014708976
1225.738932468166 -0.00010124912 3.5819536e-07
1225.7922058781878 -0.00010009065 3.9637598e-07
1225.8454789429227 0.0028107283 0.00011703902
1225.8987516623777 0.0012204035 0.0013474622
1225.9520240365596 0.0013562051 0.0014929033
1226.0052960654746 0.0012821229 0.0014153479
1226.05856774913 0.0013742665 0.0015143312
1226.111839087532 0.0013254951 0.0014613472
1226.1651100806876 0.001454477 0.0015998513
1226.2183807286037 -9.999938e-05 6.419904e-07
1226.2716510312866 -0.00010027278 6.766422e-07
1226.3249209887435 0.0028526355 3.552829e-05
1226.3781906009806 0.001297743 0.0014280683
1226.4314598680048 -9.960329e-05 7.9486927e-07
1226.484728789823 -0.00010276163 8.2643237e-07
1226.5379973664417 -9.99852e-05 8.4350893e-07
1226.5912655978677 0.0031596818 0.00032404772
1226.6445334841076 -9.913913e-05 9.660685e-07
1226.6978010251682 -9.92811e-05 9.795585e-07
1226.7510682210561 -9.980398e-05 1.0104668e-06
1226.8043350717783 -9.889475e-05 1.0540462e-06
1226.8576015773413 0.0013365257 0.0014676835
1226.9108677377515 0.0012854855 0.0014139988
1226.9641335530162 -9.938927e-05 1.1726916e-06
1227.017399023142 0.0013087016 0.001437343
1227.0706641481352 -9.763564e-05 1.2503223e-06
1227.123928928003 -9.955958e-05 1.2715864e-06
1227.1771933627515 0.0012992757 0.0014268452
1227.230457452388 0.0012743525 0.0013994705
1227.283721196919 -9.607792e-05 1.4142024e-06
1227.3369845963512 -9.322213e-05 1.4459221e-06
1227.3902476506912 -9.64069e-05 1.4989855e-06
1227.4435103599462 -9.6315154e-05 1.5338956e-06
1227.4967727241221 0.0013260992 0.0014569537
1227.550034743226 0.0013055 0.0014346367
1227.6032964172648 0.0012960876 0.0014240558
1227.656557746245 0.0013154891 0.001441944
1227.7098187301735 -9.563157e-05 1.7542661e-06
1227.7630793690566 -9.300709e-05 1.8110583e-06
1227.8163396629016 0.0016209434 0.0017675408
1227.8695996117144 -9.5215095e-05 1.8865285e-06
1227.9228592155025 0.0013229243 0.0014487614
1227.9761184742722 -9.336416e-05 1.988301e-06
1228.0293773880303 0.0013759111 0.0015084187
1228.0826359567834 -9.283264e-05 2.0804764e-06
1228.1358941805381 -9.19461e-05 2.132041e-06
1228.1891520593017 -9.388538e-05 2.1529447e-06
1228.2424095930805 -9.2791284e-05 2.2188833e-06
1228.295666781881 -9.27569e-05 2.2619752e-06
1228.34892362571 0.0012830603 0.0014089218
1228.4021801245747 -9.2994414e-05 2.3616412e-06
1228.4554362784809 -9.3524126e-05 2.412973e-06
1228.508692087436 -9.1936796e-05 2.4712426e-06
1228.5619475514466 0.0025637308 0.0027779222
1228.6152026705195 0.0013901077 0.0015173117
1228.6684574446608 0.0013402423 0.0014688945
1228.721711873878 0.0013740417 0.0015052791
1228.774965958177 0.00424105 0.0015080725
1228.8282196975654 -9.202234e-05 2.7826682e-06
1228.8814730920492 -9.011038e-05 2.830595e-06
1228.9347261416353 0.0043346714 0.0015692227
1228.9879788463306 0.0013381392 0.0014659243
1229.0412312061417 0.0013383441 0.0014588583
1229.0944832210748 -9.1499016e-05 3.0571828e-06
1229.1477348911374 -8.7679284e-05 3.1004163e-06
1229.2009862163357 0.0043345843 0.0015620954
1229.2542371966765 -9.0065034e-05 3.2289136e-06
1229.3074878321668 0.0013542445 0.0014751721
1229.3607381228126 0.0015248646 0.0016653623
1229.4139880686214 -8.7603774e-05 3.3847462e-06
1229.4672376695992 -9.051402e-05 3.4683978e-06
1229.5204869257534 0.0013235799 0.0014417301
1229.5737358370902 -8.8422625e-05 3.5810806e-06
1229.6269844036162 -9.0075024e-05 3.6005054e-06
1229.6802326253387 0.0013102841 0.0014336249
1229.733480502264 0.0030051314 4.715373e-05
1229.7867280343983 0.0014201507 0.0015521235
1229.8399752217495 -8.545283e-05 3.873974e-06
1229.8932220643233 -8.892902e-05 3.9459665e-06
1229.9464685621267 0.0014357148 0.0015600576
1229.9997147151664 -8.6986125e-05 4.055378e-06
1230.0529605234492 -8.702531e-05 4.125519e-06
1230.1062059869816 0.0034713543 0.0005287123
1230.1594511057704 -8.6101776e-05 4.269503e-06
1230.2126958798224 -0.00078055233 4.3318137e-06
1230.265940309144 0.0028684777 4.2492033e-05
1230.3191843937427 0.0015405203 0.001680703
1230.372428133624 -8.538442e-05 4.5466863e-06
1230.4256715287954 0.0022969265 0.00063557824
1230.4789145792631 0.0013549895 0.0014707742
1230.5321572850341 0.0013669233 0.0014821269
1230.5853996461155 -8.858082e-05 4.7963767e-06
1230.638641662513 0.0012967398 0.0014080569
1230.6918833342345 0.0013157142 0.0014370333
1230.7451246612854 0.0045330143 0.0015327951
1230.7983656436736 0.0012617507 0.00136856
1230.8516062814049 0.0013389346 0.0014516375
1230.9048465744863 0.0014163025 0.0015344488
1230.9580865229248 -7.8905345e-05 5.2773175e-06
1231.0113261267265 -8.4745014e-05 5.339498e-06
1231.0645653858987 0.0022836118 0.0024698644
1231.1178043004477 0.0027196612 0.002939638
1231.1710428703802 0.001351381 0.0014633994
1231.224281095703 -8.045825e-05 5.6332283e-06
1231.2775189764227 -8.3128485e-05 5.686244e-06
1231.3307565125463 0.004354582 0.0014662507
1231.38399370408 0.00135822 0.0014695895
1231.4372305510308 0.0044211117 0.001523501
1231.4904670534056 -8.253592e-05 5.9774493e-06
1231.5437032112104 0.0047260895 0.001042102
1231.5969390244527 0.002687161 0.0029054414
1231.6501744931388 -8.2970284e-05 6.209317e-06
1231.7034096172752 -8.138033e-05 6.299695e-06
1231.7566443968688 0.0014191711 0.001532913
1231.8098788319267 0.001403789 0.0015295175
1231.8631129224548 0.0014022923 0.0015139948
