eg_uma/half_spectra/oehua4010_59306.2811394122.ecsv
# %ECSV 1.0
# ---
# datatype:
# - {name: WAVELENGTH, datatype: float64}
# - {name: FLUX, datatype: float32}
# - {name: ERROR, datatype: float32}
# schema: astropy-2.0
WAVELENGTH FLUX ERROR
[from data line 350]
1213.2515091505654 -0.00013976074 2.1320743e-06
1213.3048724882622 0.002637841 0.0030086117
1213.3582354793316 0.0031137646 0.00010605856
1213.4115981237796 0.0028583587 0.0030109389
1213.4649604216143 0.0013599985 0.0014389434
1213.5183223728407 -6.473629e-05 9.166181e-06
1213.571683977467 0.0013902701 0.0014844284
1213.6250452354993 0.0027066928 0.0029353243
1213.678406146944 0.004490493 0.001603035
1213.7317667118089 0.0073645427 0.0012851941
1213.7851269301 0.004284257 0.0045369007
1213.838486801824 0.006175615 0.00035522727
1213.8918463269881 0.0027800277 0.0029269862
1213.9452055055986 0.004273453 0.0014422475
1213.9985643376626 0.00451502 0.0015841291
1214.0519228231867 -6.172899e-05 7.982808e-06
1214.1052809621776 0.0055535296 0.003050802
1214.1586387546424 0.006000395 0.0031022038
1214.2119962005872 0.007627731 0.0015373987
1214.2653533000193 0.0055863555 0.0030265918
1214.3187100529453 0.012120083 0.002924599
1214.372066459372 0.008494034 0.002704798
1214.4254225193058 0.0148152625 0.0062652426
1214.4787782327542 0.019697854 4.330792e-05
1214.5321335997232 0.013505695 0.007829846
1214.5854886202198 0.016766328 0.0005678219
1214.6388432942508 0.021350333 0.003293884
1214.6921976218227 0.016203776 0.0036405385
1214.7455516029427 0.026780024 0.0026378375
1214.7989052376174 0.0473884 0.02095069
1214.8522585258534 0.044148646 0.0042366562
1214.9056114676578 0.03699498 0.00903884
1214.9589640630365 0.054374177 0.0008023083
1215.0123163119972 0.052371245 0.017074889
1215.0656682145461 0.083845094 0.005589504
1215.1190197706903 0.10204474 0.000543527
1215.1723709804362 0.113652706 5.9940903e-05
1215.225721843791 0.11467563 0.0025716908
1215.2790723607607 0.08263676 0.029781044
1215.3324225313527 0.092245646 0.021991003
1215.3857723555736 0.09109792 0.0059413635
1215.4391218334301 0.055236008 0.004974784
1215.4924709649288 0.044132356 0.013776715
1215.5458197500766 0.021154078 0.0032379173
1215.5991681888804 0.0056455205 0.0052315807
1215.6525162813466 0.0051324056 0.0029110643
1215.7058640274824 0.022745559 0.002846894
1215.7592114272938 0.00987197 0.011205484
1215.8125584807885 0.022871492 0.0061949394
1215.8659051879724 0.021132078 0.0071373526
1215.9192515488528 0.016295364 0.0015474074
1215.9725975634362 0.024430485 0.016548293
1216.0259432317296 0.026529765 0.0033517417
1216.0792885537392 0.020032499 0.0053171604
1216.132633529472 0.03487326 0.009430012
1216.185978158935 0.015673513 0.005840687
1216.2393224421348 0.0073159407 0.0046012984
1216.2926663790781 0.012165402 0.002916479
1216.3460099697716 0.017274523 0.0061935824
1216.3993532142222 0.01189694 0.0028998156
1216.4526961124363 0.009593615 0.0043086065
1216.506038664421 0.005597578 0.00016394217
1216.559380870183 0.0070896056 0.0012745028
1216.612722729729 0.005072871 0.0056079174
1216.6660642430656 0.004534214 0.001645201
1216.7194054101994 0.0069860616 0.004395363
1216.7727462311377 0.003973294 0.004389667
1216.826086705887 0.007688773 0.0016060859
1216.8794268344539 0.004259028 0.0014106
1216.9327666168451 -6.332254e-05 7.3238757e-06
1216.9861060530673 0.0024581887 0.0027093983
1217.0394451431275 0.0013796453 0.0014744664
1217.0927838870323 0.0042430973 0.0014763101
1217.1461222847884 0.00280369 0.0029064214
1217.1994603364028 0.0038159906 0.0009658825
1217.2527980418818 0.0026692848 0.0028491886
1217.3061354012327 0.002859274 3.659183e-05
1217.3594724144616 -6.3640175e-05 5.2639034e-06
1217.4128090815757 -6.4108484e-05 6.1740407e-06
1217.4661454025816 0.0013495841 0.0014587165
1217.5194813774858 0.001447371 0.0015885464
1217.5728170062955 0.0026625996 0.0029484231
1217.6261522890172 0.00154322 0.0016464929
1217.6794872256576 0.0012909267 0.001418047
1217.7328218162236 0.0022009918 0.0023387752
1217.7861560607214 0.0042609363 0.0014521481
1217.8394899591583 0.003080416 0.00012692713
1217.8928235115413 0.0022482532 0.0006948082
1217.9461567178764 -6.838504e-05 5.1165493e-06
1217.9994895781706 0.001345134 0.0014517719
1218.052822092431 0.001379154 0.0014821056
1218.106154260664 -6.358344e-05 5.3838253e-06
1218.1594860828757 -6.668344e-05 4.9323917e-06
1218.212817559074 0.0013743524 0.0014843331
1218.2661486892653 0.0012621677 0.0014786527
1218.319479473456 0.0012664188 0.0015311853
1218.372809911653 0.00250665 0.0029844907
1218.4261400038629 -6.4533044e-05 4.901458e-06
1218.4794697500927 0.0031653475 2.4092034e-05
1218.532799150349 -6.544146e-05 5.085336e-06
1218.5861282046385 -6.642594e-05 5.095503e-06
1218.639456912968 -6.4602384e-05 5.795259e-06
1218.692785275344 -6.774862e-05 4.27875e-06
1218.746113291774 0.0013590883 0.0014996843
1218.7994409622636 0.001394806 0.0014764697
1218.8527682868203 -6.677235e-05 6.0077477e-06
1218.9060952654509 -6.572882e-05 4.827228e-06
1218.9594218981615 -6.582788e-05 4.7253748e-06
1219.0127481849593 0.001341061 0.0014604203
1219.066074125851 0.0028436654 9.378868e-06
1219.119399720843 0.0013621183 0.001471827
1219.1727249699425 0.0013898088 0.0014612022
1219.226049873156 -6.714203e-05 6.05189e-06
1219.27937443049 0.0015942054 0.0016671536
1219.3326986419518 -6.7653826e-05 5.1917555e-06
1219.3860225075478 0.0012940245 0.0014036436
1219.4393460272847 0.00139402 0.0015129485
1219.492669201169 -6.448567e-05 5.756719e-06
1219.5459920292083 -6.811343e-05 4.800777e-06
1219.5993145114082 0.001319202 0.00140983
1219.652636647776 -6.5534026e-05 4.680132e-06
1219.7059584383187 -6.606932e-05 6.367815e-06
1219.7592798830422 -6.6636094e-05 4.646706e-06
1219.8126009819543 -6.510185e-05 5.512103e-06
1219.865921735061 -6.787245e-05 5.2534742e-06
1219.919242142369 0.0014398703 0.0014993903
1219.9725622038852 -6.4034415e-05 5.5837213e-06
1220.0258819196167 -6.630473e-05 5.1086986e-06
1220.0792012895697 0.0013612073 0.0014263596
1220.1325203137512 0.0013301272 0.0014538416
1220.1858389921679 0.0014288892 0.0015447104
1220.2391573248262 -6.947913e-05 4.69198e-06
1220.2924753117331 -6.61932e-05 5.9100776e-06
1220.3457929528954 -6.798544e-05 4.5310376e-06
1220.3991102483199 0.0014751386 0.0013010933
1220.4524271980129 -6.750575e-05 5.576625e-06
1220.5057438019815 -6.712692e-05 4.8375073e-06
1220.5590600602322 -9.14766e-05 3.232885e-05
1220.6123759727723 0.0013596778 0.0015600178
1220.6656915396077 0.0014086538 0.001510923
1220.7190067607453 0.0013393338 0.0014770166
1220.7723216361921 -6.8914196e-05 4.8229062e-06
1220.825636165955 -6.801906e-05 5.6369713e-06
1220.8789503500404 -6.730496e-05 5.416592e-06
1220.932264188455 -6.738738e-05 6.0780517e-06
1220.9855776812058 -6.9490074e-05 4.1534345e-06
1221.0388908282991 -6.796843e-05 5.7503353e-06
1221.092203629742 0.0013379741 0.001449511
1221.1455160855412 -6.939782e-05 5.5702217e-06
1221.198828195703 0.001366202 0.001468578
1221.2521399602344 -6.864116e-05 5.2970727e-06
1221.3054513791424 0.0014045252 0.0015250712
1221.3587624524332 0.0028816343 0.0031099664
1221.412073180114 0.0014723095 0.0015573035
1221.4653835621916 -6.9513706e-05 5.732364e-06
1221.518693598672 0.0013756853 0.0014841234
1221.5720032895624 -6.974245e-05 5.0685094e-06
1221.6253126348695 -6.706382e-05 5.323091e-06
1221.6786216346 -6.8032605e-05 5.794728e-06
1221.7319302887609 -6.640298e-05 4.8731226e-06
1221.785238597358 0.0014318128 0.0015148117
1221.8385465603992 -6.7715344e-05 5.0053523e-06
1221.8918541778905 -6.911138e-05 5.5552887e-06
1221.9451614498391 -6.644931e-05 6.467597e-06
1221.998468376251 0.0014707872 0.001537884
1222.0517749571334 -6.584519e-05 5.8536552e-06
1222.1050811924931 0.0014335506 0.0015205223
1222.1583870823367 -6.731463e-05 5.682053e-06
1222.2116926266708 -6.747473e-05 5.7349894e-06
1222.2649978255022 -6.856831e-05 6.515373e-06
1222.3183026788377 -6.784023e-05 4.34703e-06
1222.3716071866838 -6.775214e-05 6.3757616e-06
1222.4249113490478 -6.8645124e-05 5.4137304e-06
1222.4782151659356 -0.000109108165 4.6613037e-05
1222.531518637354 -0.00029071953 3.331696e-05
1222.5848217633106 -6.918282e-05 4.3529403e-06
1222.6381245438113 -6.752974e-05 6.6398547e-06
1222.691426978863 0.0013384791 0.0014162444
1222.7447290684725 0.0014666767 0.0015673236
1222.7980308126466 -6.6972294e-05 6.2718923e-06
1222.8513322113915 -7.0636386e-05 5.569884e-06
1222.904633264715 0.0013301949 0.0014338037
1222.9579339726226 0.0014048812 0.0015326957
1223.0112343351216 -6.740093e-05 6.046436e-06
1223.0645343522187 -7.0275804e-05 5.845318e-06
1223.1178340239208 0.0028729525 0.0031317703
1223.1711333502342 -6.977828e-05 5.8598175e-06
1223.2244323311659 -6.957808e-05 5.7247885e-06
1223.2777309667222 -6.828217e-05 5.4264156e-06
1223.3310292569104 0.0014716784 0.0015425201
1223.384327201737 0.0028065664 1.2561975e-05
1223.4376248012084 0.0014212921 0.0015260123
1223.4909220553318 -7.200099e-05 6.3630523e-06
1223.544218964114 0.0014479995 0.0014965909
1223.5975155275607 0.001415941 0.0014986346
1223.6508117456797 -6.9951806e-05 6.2567424e-06
1223.7041076184773 0.0013888327 0.0014485343
1223.7574031459603 -6.9282316e-05 7.643716e-06
1223.810698328135 0.0007391414 0.0007888328
1223.8639931650087 0.0012912352 0.0014020929
1223.9172876565879 0.0012041611 0.0015654776
1223.9705818028792 -6.909608e-05 4.8811817e-06
1224.0238756038893 -6.707586e-05 7.4091704e-06
1224.0771690596257 -7.169909e-05 6.302716e-06
1224.1304621700936 0.0013983332 0.0014707785
1224.1837549353008 0.0014595691 0.0015424219
1224.2370473552537 0.0014395618 0.001561686
1224.290339429959 0.0014348848 0.0015124396
1224.3436311594237 -6.813765e-05 7.3177093e-06
1224.3969225436542 0.0012863561 0.0014410297
1224.450213582657 -6.988446e-05 7.226636e-06
1224.5035042764393 -6.877456e-05 6.588995e-06
1224.5567946250076 0.0014369538 0.0015433753
1224.6100846283684 -7.089189e-05 6.366973e-06
1224.6633742865288 0.0014959705 0.0016107734
1224.7166635994954 0.0012967878 0.0013927614
1224.7699525672747 0.0014456454 0.0015318844
1224.8232411898737 -6.888623e-05 7.1769837e-06
1224.8765294672985 0.001327011 0.0014238609
1224.9298173995567 0.001412601 0.0015032192
1224.983104986654 0.002759952 0.0029902563
1225.036392228598 -6.9994865e-05 7.3425954e-06
1225.0896791253956 -7.13894e-05 7.0407323e-06
1225.1429656770524 0.0012422764 0.001380708
1225.1962518835758 0.0014011794 0.0014814894
1225.2495377449723 0.0013482389 0.0014980312
1225.302823261249 0.0014715014 0.0015588495
1225.356108432412 -6.858763e-05 7.215104e-06
1225.4093932584683 -7.162151e-05 6.654566e-06
1225.4626777394244 0.0013552445 0.0014567679
1225.5159618752878 -7.192615e-05 6.4709316e-06
1225.569245666064 0.0013112498 0.0014463934
1225.6225291117607 -7.190501e-05 6.6984176e-06
1225.6758122123845 -6.969481e-05 7.884446e-06
1225.7290949679414 -7.042081e-05 6.672695e-06
1225.7823773784387 0.0013707628 0.0014442302
1225.8356594438828 0.0013184018 0.0014157002
1225.8889411642808 -6.956007e-05 7.1013656e-06
1225.9422225396388 -6.9282774e-05 7.4427935e-06
1225.995503569964 -6.978297e-05 7.729462e-06
1226.048784255263 0.001449708 0.0015666932
1226.1020645955427 0.0013283895 0.0014509489
1226.1553445908091 -7.208235e-05 7.852956e-06
1226.2086242410696 0.0013485475 0.0014304533
1226.2619035463308 -7.021637e-05 7.807145e-06
1226.315182506599 0.0013590826 0.0014771383
1226.3684611218814 -7.188627e-05 7.4104223e-06
1226.4217393921845 -6.989252e-05 8.139555e-06
1226.4750173175146 0.0010036185 0.0010990631
1226.528294897879 -7.117779e-05 7.829382e-06
1226.5815721332842 -7.255599e-05 7.4343616e-06
1226.634849023737 0.0013787843 0.0014727754
1226.6881255692435 -7.215429e-05 8.151564e-06
1226.7414017698115 0.0013459767 0.0014422724
1226.7946776254466 -7.2634335e-05 8.122263e-06
1226.847953136156 -7.080989e-05 7.663869e-06
1226.9012283019467 0.0028156159 0.0030842468
1226.954503122825 -7.081803e-05 9.054261e-06
1227.0077775987975 -7.163465e-05 8.28231e-06
1227.0610517298712 0.0027906967 0.0030167466
1227.1143255160525 0.004230451 0.0045903544
1227.1675989573484 0.0013940379 0.001464182
1227.2208720537653 -6.944079e-05 8.109726e-06
1227.2741448053102 -7.014307e-05 8.6456075e-06
1227.3274172119895 0.0014802653 0.0015478764
1227.3806892738103 -7.020629e-05 9.173442e-06
1227.4339609907793 0.0014099388 0.0015110691
1227.4872323629022 0.0013760339 0.0014883287
1227.540503390187 -7.072127e-05 8.91601e-06
1227.5937740726397 -7.245996e-05 7.3309916e-06
1227.647044410267 0.0014573891 0.001574027
1227.7003144030762 0.0010644274 0.0011518844
1227.753584051073 0.0013018196 0.0014008568
1227.8068533542648 0.0013669764 0.0014831191
1227.8601223126582 0.0013958967 0.0015389804
1227.9133909262598 0.0013279386 0.001467829
1227.9666591950763 0.0013317675 0.0014342918
1228.0199271191143 0.001339021 0.0014468975
1228.0731946983806 0.0013818921 0.0015030571
1228.126461932882 0.0013735205 0.0014722297
1228.1797288226253 0.0013727054 0.0014533297
1228.2329953676167 0.0029264183 8.6527565e-05
1228.2862615678632 -7.0424445e-05 9.1558095e-06
1228.3395274233717 0.0018275798 0.00094882405
1228.3927929341485 0.0013753859 0.0014402855
1228.4460581002004 -7.072179e-05 9.217795e-06
1228.4993229215343 -7.130556e-05 9.709133e-06
1228.552587398157 0.0013795688 0.0014313419
1228.6058515300742 -7.097036e-05 1.0241403e-05
1228.6591153172938 0.0038252801 0.0009104158
1228.712378759822 -7.249373e-05 1.0129814e-05
1228.7656418576653 0.0012864758 0.0014065515
1228.818904610831 0.0013213033 0.0014415865
1228.872167019325 -7.050223e-05 9.254071e-06
1228.9254290831545 0.0014542784 0.0015666884
1228.9786908023264 0.0028087944 9.566846e-05
1229.0319521768465 0.004483193 0.0016008975
1229.0852132067225 0.0029090566 7.7270386e-05
1229.1384738919605 0.0027148991 0.0030194353
1229.1917342325676 -6.981059e-05 1.0395809e-05
1229.24499422855 0.0013750659 0.0014619321
1229.2982538799145 -7.036455e-05 9.408563e-06
1229.3515131866682 -7.1460956e-05 1.0826698e-05
1229.404772148817 0.001506961 0.0015585986
1229.4580307663684 0.0013517581 0.0014485954
1229.5112890393289 -7.105175e-05 1.0084561e-05
1229.564546967705 0.0014145395 0.0014877546
1229.6178045515035 -6.970709e-05 1.0860122e-05
1229.6710617907308 0.0014341589 0.0014995666
1229.724318685394 -6.928566e-05 1.0939129e-05
1229.7775752354999 0.0013164101 0.0014379736
1229.8308314410544 -6.997527e-05 9.786972e-06
1229.884087302065 -7.0131005e-05 1.0966381e-05
1229.9373428185381 -7.027955e-05 1.07693895e-05
1229.9905979904802 -7.063109e-05 1.0278043e-05
1230.0438528178981 -7.011347e-05 1.0732574e-05
1230.0971073007988 -7.2808274e-05 1.0425233e-05
1230.1503614391886 -7.006624e-05 1.0693038e-05
1230.2036152330743 0.0052565276 0.0030788942
1230.2568686824625 -0.00016986184 2.9737277e-05
1230.3101217873602 -7.287067e-05 1.0439613e-05
1230.3633745477737 0.0013771346 0.00148568
1230.4166269637099 -7.090726e-05 1.1291589e-05
1230.4698790351754 -7.1017515e-05 1.0694276e-05
1230.5231307621768 0.0014047112 0.0014609144
1230.5763821447213 -7.1119124e-05 1.2119599e-05
1230.6296331828148 0.0014282898 0.0014932199
1230.6828838764648 0.002683677 0.0029168176
1230.7361342256772 0.0014123205 0.001520777
1230.7893842304588 0.0015661004 0.0015942581
1230.842633890817 0.0013378173 0.0014774288
1230.895883206758 0.0014049653 0.0015104705
1230.9491321782884 0.002785522 0.0028679306
1231.0023808054148 0.002658061 0.002796579
1231.0556290881445 -7.313096e-05 1.0487232e-05
1231.1088770264835 -7.058345e-05 1.1639487e-05
1231.1621246204386 -6.995247e-05 1.2973617e-05
1231.2153718700165 0.0028287626 0.0028737742
1231.2686187752242 0.0013389194 0.0014348719
1231.3218653360682 -7.0388065e-05 1.1809126e-05
1231.3751115525552 -7.111562e-05 1.165615e-05
1231.4283574246915 -6.827638e-05 1.2665013e-05
1231.4816029524843 -7.365662e-05 1.0743346e-05
1231.5348481359404 -7.0331975e-05 1.1910469e-05
1231.5880929750656 0.0013963864 0.0015238803
1231.6413374698675 0.0044665076 0.0013708171
1231.6945816203522 0.0012895715 0.0013889159
1231.747825426527 -7.1141156e-05 1.2056607e-05
1231.8010688883978 -7.0535956e-05 1.1698751e-05
1231.854312005972 0.0013853598 0.001500631
1231.9075547792556 0.0014239928 0.0015429043
1231.9607972082558 0.0013440774 0.001414104
1232.0140392929793 0.0043589114 0.0014906446
