eg_uma/half_spectra/oehua1010_59306.4146114656.ecsv
# %ECSV 1.0
# ---
# datatype:
# - {name: WAVELENGTH, datatype: float64}
# - {name: FLUX, datatype: float32}
# - {name: ERROR, datatype: float32}
# schema: astropy-2.0
WAVELENGTH FLUX ERROR
[from data line 351]
1213.3149267705612 0.0041728914 0.0007905457
1213.368289250168 0.0035907084 0.0045075295
1213.4216513831338 0.006891836 0.0014893003
1213.4750131694664 0.0021777747 0.0029356505
1213.5283746091718 0.004606466 0.0008034932
1213.5817357022572 0.0064969915 0.004384027
1213.6350964487292 0.003786773 0.0014927832
1213.6884568485946 0.0067133424 0.0044811093
1213.74181690186 0.007618058 0.0025581564
1213.7951766085323 0.008820382 0.0022028496
1213.8485359686183 0.0055629406 0.0026869557
1213.9018949821245 0.0076046926 0.005759936
1213.955253649058 0.012630509 0.0045077875
1214.0086119694251 0.019504555 0.0019476463
1214.0619699432332 0.01395497 0.0029545333
1214.1153275704885 0.021356147 0.012649858
1214.168684851198 0.023503859 0.011273142
1214.2220417853684 0.025216907 0.007100412
1214.2753983730063 0.017003076 0.0027591293
1214.328754614119 0.030213254 0.00031300745
1214.3821105087122 0.031819418 0.0054198415
1214.4354660567938 0.042421985 0.0040084403
1214.4888212583699 0.043811284 0.031860646
1214.542176113447 0.0888018 0.010805113
1214.5955306220328 0.08205658 0.008315657
1214.6488847841333 0.09966644 0.023716802
1214.7022385997557 0.08663485 0.0053311903
1214.755592068906 0.14074221 0.004896276
1214.8089451915916 0.15235367 0.0063001644
1214.8622979678194 0.18107483 0.0015131574
1214.9156503975953 0.1975988 0.01985956
1214.9690024809274 0.20083706 0.00832118
1215.022354217821 0.16588598 0.021387214
1215.0757056082837 0.18199062 0.009639138
1215.1290566523219 0.14083377 0.006679496
1215.1824073499427 0.154077 0.010108476
1215.2357577011524 0.12353407 0.0037904154
1215.2891077059585 0.09408367 0.027338488
1215.3424573643667 0.06332775 0.0017666988
1215.3958066763844 0.04300947 0.0135115
1215.4491556420182 0.042342477 0.0009013433
1215.502504261275 0.014774914 0.0034092816
1215.5558525341614 0.0111512365 0.011979178
1215.609200460684 0.02466595 0.0014550099
1215.66254804085 0.019215114 0.00042789933
1215.7158952746656 -0.0040084096 0.0007396334
1215.769242162138 0.006030163 0.013980465
1215.8225887032736 0.0064530754 0.00085662754
1215.8759348980793 0.009695511 0.007835735
1215.929280746562 0.024663966 0.0025602987
1215.9826262487281 0.024966914 0.0012813972
1216.0359714045846 0.017124113 0.0024345433
1216.089316214138 0.013144169 0.004476025
1216.1426606773957 0.009038098 0.0072149313
1216.1960047943637 0.0077854465 0.0072017787
1216.2493485650489 -0.0006692131 0.00014307983
1216.3026919894585 0.004331544 0.0021278355
1216.3560350675984 0.003215254 0.0018874238
1216.409377799476 0.0093235485 0.0077421926
1216.462720185098 0.007943359 0.0001529565
1216.516062224471 0.0052809827 0.0033212758
1216.5694039176017 0.006562642 0.004897601
1216.622745264497 0.005542572 0.0031624814
1216.6760862651636 -0.0005493405 6.069865e-05
1216.729426919608 -0.00054399855 6.263074e-05
1216.782767227837 0.0111741 0.0030057183
1216.8361071898578 -0.0005449006 6.159222e-05
1216.8894468056765 0.003898503 0.0015669354
1216.9427860753005 0.0037231266 0.004248822
1216.9961249987361 0.002281732 0.0030137456
1217.04946357599 0.003956066 0.0015301424
1217.1028018070695 0.0066733137 0.00014953081
1217.1561396919803 0.00096559763 0.0015348867
1217.20947723073 0.0023163625 0.0027533015
1217.2628144233254 0.0010967547 0.0017473386
1217.3161512697727 0.0009509209 0.0015431534
1217.3694877700789 0.0009544965 0.0015019554
1217.4228239242505 0.00235692 6.222134e-05
1217.4761597322945 -0.0005294964 6.0623555e-05
1217.5294951942178 0.0024757588 9.6908654e-05
1217.5828303100268 -0.0005276622 6.18525e-05
1217.6361650797285 -0.000531249 5.9850056e-05
1217.6894995033294 0.002298228 5.6075147e-05
1217.7428335808363 0.005351164 0.0029952587
1217.796167312256 -0.00052628043 5.9581427e-05
1217.8495006975954 -0.00052655983 6.0410726e-05
1217.902833736861 -0.0005218843 5.9627277e-05
1217.9561664300593 0.0025690377 0.003253046
1218.0094987771977 0.0019977852 0.0027498906
1218.0628307782827 0.0024418721 4.6241505e-05
1218.1161624333204 0.0034734046 0.0011487732
1218.1694937423183 0.0009822674 0.0015625048
1218.2228247052828 0.002400107 0.0029515708
1218.2761553222208 -0.0005892607 1.183576e-05
1218.329485593139 -0.0006059051 0.0001286707
1218.3828155180438 0.0023226754 7.9725156e-05
1218.4361450969425 0.00379037 0.0015528142
1218.4894743298414 0.0009778084 0.0014488663
1218.5428032167474 0.00088756165 0.0013898455
1218.5961317576673 0.0009435994 0.0015295969
1218.6494599526077 0.0011347485 0.0013298219
1218.7027878015754 -0.00050700596 6.0321512e-05
1218.756115304577 0.000975703 0.0013883078
1218.8094424616195 -0.00050590024 5.9062084e-05
1218.8627692727093 0.00093788543 0.0015849656
1218.9160957378538 -0.0005024 5.9111608e-05
1218.9694218570585 0.002576112 0.0001117704
1219.0227476303317 -0.0005030382 5.7257123e-05
1219.0760730576787 0.002409781 0.0030480907
1219.129398139107 0.0009574431 0.0015818679
1219.182722874623 0.0010585719 0.0015746522
1219.236047264234 -0.0005011485 5.6734778e-05
1219.289371307946 -0.0004944266 5.8967315e-05
1219.3426950057665 -0.0004968502 5.7678466e-05
1219.3960183577015 -0.00049480697 5.6863875e-05
1219.4493413637579 0.0024266266 0.0030931912
1219.5026640239428 -0.0004921041 5.657303e-05
1219.5559863382628 0.0009545067 0.0014487985
1219.6093083067244 0.004936013 0.0026003353
1219.6626299293343 0.0008978659 0.0013920588
1219.7159512060996 0.0023660194 0.0027790293
1219.7692721370267 0.0009609878 0.0015029147
1219.8225927221226 0.0009800885 0.0014236501
1219.8759129613936 -0.0004857143 5.655744e-05
1219.929232854847 0.0009242784 0.0014338376
1219.982552402489 0.00092286675 0.0013501166
1220.0358716043268 -0.00048015732 5.6403434e-05
1220.0891904603668 0.00094623497 0.0014668489
1220.1425089706156 -0.00048087272 5.474131e-05
1220.1958271350802 0.000949264 0.0015132034
1220.2491449537674 -0.00047728515 5.6611672e-05
1220.3024624266839 0.0024538103 9.576022e-05
1220.355779553836 0.0039364644 0.001609582
1220.409096335231 0.0036109537 0.0013369091
1220.4624127708753 -0.00047315416 5.507983e-05
1220.5157288607757 0.0036775619 0.004460533
1220.5690446049389 0.00091478776 0.0015111534
1220.6223600033718 0.0011297737 0.0016019142
1220.6756750560808 -0.00047016027 5.4642373e-05
1220.7289897630726 0.00096397096 0.0014676119
1220.7823041243548 0.00093804 0.00013767443
1220.8356181399329 0.0009481634 0.0013684644
1220.8889318098145 -0.00046269447 5.4434167e-05
1220.9422451340056 0.0009607646 0.0015628908
1220.9955581125137 0.0009932637 0.0015012579
1221.048870745345 -0.0004606472 5.372408e-05
1221.1021830325064 -0.00045692772 5.4338176e-05
1221.1554949740046 0.0010003009 0.0015632475
1221.2088065698463 0.002334701 0.0029914286
1221.2621178200384 0.0010035016 0.0015425603
1221.3154287245873 0.0009642896 0.0014901956
1221.3687392835 -0.00045346352 5.352785e-05
1221.4220494967828 -0.00045119316 5.2510266e-05
1221.4753593644432 -0.00045230164 5.2738244e-05
1221.5286688864871 -0.0004471479 5.3213662e-05
1221.581978062922 -0.00044806878 5.3573014e-05
1221.635286893754 -0.00044493494 5.310973e-05
1221.6885953789897 -0.00044594612 5.228142e-05
1221.7419035186365 -0.00044023345 5.356065e-05
1221.7952113127008 0.0010704588 0.0014541623
1221.848518761189 -0.0004395805 5.3102543e-05
1221.9018258641086 -0.0004411686 5.2257004e-05
1221.9551326214653 -0.00044012093 5.0645376e-05
1222.0084390332665 0.0027496447 0.0007601555
1222.061745099519 -0.00043508285 5.1386687e-05
1222.115050820229 0.001034483 0.0014732892
1222.1683561954037 0.0019966587 0.002472618
1222.2216612250497 0.0009096915 0.0013114265
1222.2749659091735 0.0010390256 0.0013999032
1222.328270247782 0.0010352663 0.0014702897
1222.381574240882 0.0010123269 0.0013807791
1222.43487788848 0.0025250893 1.1974573e-05
1222.4881811905827 0.001020853 0.0015232989
1222.5414841471973 -0.00063021254 0.000110548244
1222.5947867583297 0.0041947346 0.0014804115
1222.6480890239873 -0.00042469267 4.905406e-05
1222.7013909441766 0.0009285944 0.0014049421
1222.7546925189042 0.0041489634 0.001610454
1222.807993748177 -0.0004192105 4.9342467e-05
1222.8612946320018 -0.00041945218 5.0371196e-05
1222.914595170385 -0.0004158951 4.9548195e-05
1222.9678953633336 -0.00041671415 5.0332193e-05
1223.021195210854 0.00097112637 0.0014812677
1223.0744947129533 -0.00041466177 4.9523e-05
1223.127793869638 -0.00041316473 4.839093e-05
1223.1810926809146 0.0010130187 0.0015030095
1223.2343911467904 0.0010874873 0.0015713394
1223.2876892672716 -0.00040610597 4.979843e-05
1223.3409870423652 0.002698403 8.7777364e-05
1223.3942844720777 0.0010174417 0.001482907
1223.4475815564158 0.001037388 0.0015289387
1223.5008782953864 -0.00040709996 4.80142e-05
1223.5541746889962 -0.00039934966 4.9963593e-05
1223.607470737252 0.00255879 0.00021294715
1223.6607664401602 -0.00040098763 4.7756082e-05
1223.7140617977277 -0.00039589618 4.9096336e-05
1223.7673568099613 -0.0003783245 2.3615885e-05
1223.8206514768674 0.0023742237 0.0030087892
1223.873945798453 -0.0004978882 5.648858e-05
1223.9272397747247 -0.0005337668 0.00014850017
1223.9805334056894 -0.00038814064 4.9094375e-05
1224.0338266913536 -0.00039182615 4.5206732e-05
1224.087119631724 -0.00039193552 4.6852638e-05
1224.1404122268073 -0.00038540008 4.754724e-05
1224.1937044766107 -0.000387762 4.529854e-05
1224.24699638114 0.0011148613 0.0015081908
1224.3002879404025 0.0010308918 0.0014323689
1224.3535791544052 -0.0003844625 4.4745342e-05
1224.4068700231542 0.002582997 0.0030123668
1224.4601605466564 0.004146511 0.0017300174
1224.5134507249186 0.0024796948 0.0030563814
1224.5667405579475 0.0010944095 0.0015675233
1224.62003004575 -0.0003777927 4.576952e-05
1224.673319188332 0.0010468104 0.0014057023
1224.726607985701 -8.6109656e-05 0.00024216269
1224.7798964378637 0.0010457732 0.0014268683
1224.8331845448265 -0.0003725577 4.4141798e-05
1224.8864723065963 0.0010345096 0.0013727918
1224.9397597231798 -0.00037041988 4.485889e-05
1224.9930467945833 0.0010419685 0.0014771742
1225.0463335208142 -0.00036842725 4.3475917e-05
1225.0996199018787 0.0010498293 0.0013968307
1225.1529059377838 -0.00036181323 4.5134628e-05
1225.2061916285356 0.0011591743 0.0014618111
1225.259476974142 -0.0003601845 4.484985e-05
1225.3127619746083 -0.0003646786 4.2251904e-05
1225.3660466299423 0.0010478653 0.00149226
1225.4193309401503 -0.0003588261 4.383541e-05
1225.4726149052387 -0.00035713948 4.2580243e-05
1225.5258985252149 -0.00035598612 4.386516e-05
1225.5791818000848 0.0010646244 0.0013463503
1225.6324647298557 0.0011114549 0.0014896977
1225.685747314534 0.00055396877 0.0008538654
1225.7390295541268 -0.0003495453 4.314449e-05
1225.7923114486405 0.0010496172 0.0014205179
1225.8455929980814 0.0011118627 0.0015652189
1225.8988742024571 -0.00034547952 4.226293e-05
1225.9521550617737 0.0010963285 0.0014301456
1226.005435576038 0.0011655818 0.0014897445
1226.058715745257 -0.00034370998 4.1154144e-05
1226.1119955694369 0.0011236868 0.001479516
1226.1652750485846 0.001116743 0.0015571733
1226.218554182707 0.002645271 4.1001716e-05
1226.2718329718105 -0.00033854155 4.0450497e-05
1226.3251114159023 0.0010902267 0.0014972823
1226.3783895149884 -0.00033665096 4.083381e-05
1226.4316672690761 -0.00033505217 3.9603307e-05
1226.4849446781718 0.0011611432 0.0014835492
1226.5382217422825 0.0011425859 0.0014747782
1226.5914984614142 0.0011572741 0.0015093681
1226.6447748355745 0.0005584357 0.00094242475
1226.6980508647694 0.005793312 0.0032031548
1226.751326549006 0.0025464252 0.003062758
1226.804601888291 -0.00032816583 3.8925235e-05
1226.857876882631 0.0010939722 0.0014256828
1226.9111515320324 0.0026565327 0.0030860289
1226.9644258365022 0.0011198969 0.0013810782
1227.0176997960473 0.0011085863 0.0015083359
1227.070973410674 0.0012137516 0.001609232
1227.1242466803894 -0.00032122433 3.7802693e-05
1227.1775196051997 0.0005439048 0.00086073845
1227.230792185112 0.0010686008 0.0013884548
1227.284064420133 -0.00031474748 3.737377e-05
1227.3373363102692 -0.00031161835 3.889846e-05
1227.3906078555272 -0.000313346 3.6297177e-05
1227.443879055914 0.0031965424 0.00048897846
1227.4971499114363 0.0027409224 8.76811e-05
1227.5504204221006 0.0011126586 0.0015178557
1227.6036905879134 -0.00030582203 3.877099e-05
1227.6569604088822 -0.00030621493 3.6324138e-05
1227.7102298850127 -0.00030567648 3.641893e-05
1227.7634990163122 0.0011424377 0.0015375909
1227.8167678027871 -0.00030426212 3.5533943e-05
1227.8700362444445 0.0011583362 0.0014934344
1227.9233043412908 -0.0002991145 3.6954792e-05
1227.9765720933326 0.0011051737 0.0014916938
1228.0298395005768 -0.00029860775 3.5131216e-05
1228.08310656303 0.0027274394 1.30595745e-05
1228.1363732806992 0.0010809042 0.0014687496
1228.1896396535906 0.0026101815 0.0030434853
1228.2429056817111 0.002846318 0.0027140894
1228.2961713650673 0.0012116947 0.0015777653
1228.349436703666 -0.00029050265 3.393658e-05
1228.402701697514 -0.00028864326 3.5744033e-05
1228.455966346618 -0.00028711034 3.4412544e-05
1228.5092306509844 -0.00028750923 3.3621407e-05
1228.5624946106202 -0.0002825619 3.5629062e-05
1228.615758225532 0.002800223 0.00026404817
1228.6690214957264 0.0010668342 0.0014044297
1228.7222844212104 -0.00028429224 3.267923e-05
1228.7755470019902 0.0011897272 0.0014817846
1228.8288092380726 -0.0002804801 3.357068e-05
1228.8820711294647 -0.0002764405 3.368964e-05
1228.9353326761727 0.0011934303 0.0015587286
1228.9885938782038 0.0009386979 0.0011919036
1229.0418547355644 -0.00027367932 3.319758e-05
1229.095115248261 -0.0002752412 3.1134114e-05
1229.1483754163007 0.0011731047 0.0014531154
1229.2016352396897 -0.00027051006 3.139461e-05
1229.2548947184353 0.0011924813 0.0015131875
1229.3081538525437 -0.0002663338 3.2641834e-05
1229.3614126420216 0.0012648138 0.0014856184
1229.414671086876 0.0011518183 0.0014905924
1229.4679291871134 0.0011188234 0.0014713199
1229.5211869427405 -0.0002633784 3.132689e-05
1229.5744443537642 0.00266914 0.0031275707
1229.6277014201908 0.0011593415 0.001378656
1229.6809581420273 -0.000259989 3.206197e-05
1229.7342145192804 -0.00025841224 2.9869809e-05
1229.7874705519566 0.0028128054 8.590028e-05
1229.8407262400624 0.0011598525 0.0014540039
1229.8939815836052 0.0042069587 0.0017131169
1229.947236582591 0.0011741237 0.0014108339
1230.0004912370266 0.001246516 0.001519844
1230.0537455469191 -0.00025109254 2.9668634e-05
1230.1069995122746 0.0011691669 0.0014347608
1230.1602531331 0.0012241617 0.0014769355
1230.2135064094025 -0.0008588726 3.282533e-05
1230.266759341188 -0.00032417208 9.051804e-05
1230.3200119284636 -0.00024688223 2.9665658e-05
1230.373264171236 -0.00024427669 2.8614051e-05
1230.4265160695118 -0.00024434368 2.813239e-05
1230.479767623298 0.0012415203 0.0015307192
1230.5330188326004 0.005346331 0.0030349584
1230.5862696974266 0.0013376799 0.0015143924
1230.6395202177832 0.0026657975 3.0365609e-05
1230.6927703936763 -0.00023706592 2.723932e-05
1230.746020225113 0.0012761485 0.0016000698
1230.7992697120999 -0.00023281775 3.0275041e-05
1230.8525188546437 0.0011277774 0.0014955242
1230.905767652751 -0.0002357439 2.695922e-05
1230.9590161064289 0.0010883352 0.0013938543
1231.0122642156834 0.0012705298 0.001629256
1231.0655119805217 0.0013088835 0.0016156515
1231.1187594009502 0.0012548862 0.0014816299
1231.1720064769759 0.0011791681 0.001560589
1231.225253208605 -0.00022505612 2.919047e-05
1231.2784995958443 -0.00022545496 2.622216e-05
1231.3317456387012 -0.00022425604 2.609047e-05
1231.3849913371814 -0.00022334818 2.6372962e-05
1231.4382366912923 -0.00022156452 2.4576919e-05
1231.4914817010401 0.0012771348 0.0015009597
1231.5447263664319 -0.00021965364 2.5742283e-05
1231.597970687474 0.0012527484 0.0014934122
1231.651214664173 0.0012033667 0.0014181568
1231.7044582965361 -0.00021546577 2.4868104e-05
1231.7577015845698 0.0013680597 0.0015964054
1231.8109445282803 0.0026500998 0.002979145
1231.864187127675 0.0013287428 0.0015577516
1231.9174293827602 0.0026933046 0.000115009134
1231.9706712935424 0.0027953226 4.9656046e-05
1232.0239128600285 0.0040310193 0.0043849936
1232.0771540822254 -0.00020774825 2.5098989e-05
1232.1303949601395 0.0012252947 0.0014058908
