eg_uma/half_spectra/oehua1010_59306.4146114656.ecsv
# %ECSV 1.0
# ---
# datatype:
# - {name: WAVELENGTH, datatype: float64}
# - {name: FLUX, datatype: float32}
# - {name: ERROR, datatype: float32}
# schema: astropy-2.0
WAVELENGTH FLUX ERROR
[from data line 706]
1232.236875683146 -0.00020416346 2.434567e-05
1232.2901155282518 0.002814179 5.862814e-05
1232.3433550291015 0.0011866849 0.0014575396
1232.3965941857023 0.0011906625 0.0014037853
1232.44983299806 0.001195859 0.0014673467
1232.5030714661814 0.0019837366 0.0023287118
1232.556309590074 -0.00019789622 2.396511e-05
1232.609547369744 -0.00019666103 2.2898157e-05
1232.6627848051978 -0.00019677947 2.284804e-05
1232.7160218964423 -0.00019370226 2.3675811e-05
1232.7692586434841 -0.0001954978 2.1857832e-05
1232.8224950463302 0.0011627466 0.0013979216
1232.875731104987 -0.00030463876 2.1108342e-05
1232.928966819461 0.0026411016 0.002948025
1232.9822021897594 0.0027261022 0.0030261993
1233.0354372158881 0.0027761648 0.0013301732
1233.0886718978545 0.0011994407 0.0014347867
1233.1419062356651 0.0012476548 0.0014090493
1233.1951402293266 0.0013465112 0.0015273603
1233.2483738788453 -0.00018466591 1.9842288e-05
1233.3016071842283 0.0013327942 0.0015482679
1233.3548401454818 -0.00018292535 2.0886526e-05
1233.4080727626133 -0.0001826121 2.1046166e-05
1233.4613050356286 -0.00017964937 2.2015094e-05
1233.514536964535 0.0012768146 0.0014376257
1233.5677685493386 -0.00017802937 2.0613603e-05
1233.6209997900464 -0.00017752852 2.0618374e-05
1233.6742306866652 0.0028333806 5.374984e-05
1233.7274612392016 -0.00017735478 2.0177893e-05
1233.7806914476619 -0.00017306663 2.0767582e-05
1233.8339213120532 0.001266378 0.0015346848
1233.887150832382 0.0027330702 3.8338407e-05
1233.9403800086552 0.0013187646 0.0015265039
1233.993608840879 -0.00017135154 1.86706e-05
1234.0468373290607 -0.0001705995 2.04988e-05
1234.1000654732063 -0.00016863625 1.9306235e-05
1234.1532932733228 0.0039625815 0.004308441
1234.206520729417 0.0012461408 0.0014928901
1234.2597478414957 0.0012582461 0.0014901272
1234.312974609565 -0.000166456 1.8235283e-05
1234.3662010336318 0.0012641803 0.0014433846
1234.419427113703 0.001216855 0.001484225
1234.472652849785 -0.00016203121 1.808755e-05
1234.5258782418846 0.0012709016 0.0014849419
1234.5791032900086 0.0012693541 0.0015005603
1234.6323279941632 -0.00015948857 1.7950617e-05
1234.6855523543557 -0.0001589413 1.9486095e-05
1234.7387763705924 0.0028414966 9.925529e-06
1234.79200004288 -0.00015831027 1.6759754e-05
1234.845223371225 -0.00015412294 1.9013036e-05
1234.8984463556346 -0.0001541477 1.802255e-05
1234.951668996115 -0.00015341994 1.7142554e-05
1235.004891292673 -0.0001520011 1.8344723e-05
1235.0581132453153 -0.00015149431 1.52342e-05
1235.1113348540487 -0.00015068024 1.8597148e-05
1235.1645561188793 0.0013525632 0.0015612725
1235.2177770398143 0.002571478 0.0028729767
1235.2709976168605 0.002868 7.4493364e-05
1235.3242178500238 0.0013188553 0.0014722107
1235.3774377393117 0.0002331891 0.00036999682
1235.4306572847306 -0.00014698513 1.599089e-05
1235.4838764862868 -0.00014494624 1.7717508e-05
1235.5370953439876 0.001317191 0.0014348518
1235.5903138578392 0.002736639 0.003049411
1235.6435320278483 0.0015113266 0.0012890784
1235.6967498540214 0.0027732695 5.8447913e-06
1235.749967336366 0.00275006 0.0030100876
1235.803184474888 0.002938924 3.469155e-05
1235.856401269594 0.0013156213 0.0015153952
1235.909617720491 0.0014062364 0.0015180139
1235.9628338275857 0.004123561 0.0044817673
1236.0160495908842 0.0013514049 0.0015068495
1236.0692650103942 0.0013231977 0.0016157681
1236.1224800861214 0.0024603424 0.0029225429
1236.1756948180732 -0.00013496733 1.40110515e-05
1236.2289092062554 0.0013047032 0.0014895236
1236.2821232506756 0.0028640598 5.983658e-06
1236.3353369513397 -0.00013105609 1.5482405e-05
1236.388550308255 0.0029175612 2.9490107e-05
1236.4417633214275 0.0027026602 0.000117788215
1236.4949759908643 0.0013755145 0.0015733974
1236.5481883165721 0.0012407178 0.0014148589
1236.6014002985573 -0.00012938885 1.4995361e-05
1236.6546119368265 0.0013031078 0.0014458488
1236.707823231387 0.0028466573 7.1067734e-05
1236.7610341822444 0.0027971216 5.7325793e-05
1236.8142447894063 0.0027303158 0.0029028475
1236.867455052879 -0.00012337657 1.3546436e-05
1236.920664972669 0.001288903 0.001424394
1236.9738745487834 0.0013704012 0.0015419403
1237.0270837812286 0.0014563911 0.001566138
1237.0802926700112 0.0028489358 5.153405e-05
1237.1335012151378 0.0031987273 0.00034189914
1237.1867094166153 -0.00011803821 1.3957696e-05
1237.2399172744501 -0.00011871089 1.2958898e-05
1237.2931247886493 -0.00011784768 1.3333731e-05
1237.3463319592192 0.0027860643 0.0030295772
1237.3995387861662 0.0013740554 0.0015372497
1237.4527452694972 0.0028148643 4.7124817e-05
1237.5059514092195 0.0012440801 0.0014173307
1237.5591572053386 0.0027526992 0.0030459312
1237.612362657862 0.004265745 0.0013624247
1237.665567766796 -0.000114071634 1.1971329e-05
1237.718772532147 -0.00011192114 1.2879335e-05
1237.7719769539226 0.0025301077 0.0029004987
1237.8251810321287 0.0012617093 0.0014467075
1237.878384766772 -0.00011119982 1.30295975e-05
1237.9315881578593 -0.00010766818 1.2254336e-05
1237.9847912053974 0.004419346 0.0016267222
1238.0379939093925 0.0028457018 0.0001330557
1238.0911962698517 0.004308745 0.0014732806
1238.1443982867816 0.0068595908 0.0043119825
1238.1975999601887 0.011595761 0.0028983888
1238.2508012900794 0.004414727 0.0013609946
1238.3040022764608 0.0027706814 0.0031275137
1238.35720291934 0.007602699 0.006049004
1238.4104032187222 0.0039681075 0.004228864
1238.4636031746152 -0.00010260239 1.328477e-05
1238.5168027870257 0.0041847834 0.0015278067
1238.5700020559595 0.0013940199 0.0015491877
1238.6232009814241 0.001360252 0.0015213183
1238.6763995634255 -9.922266e-05 1.0106749e-05
1238.729597801971 -0.00010001313 1.242734e-05
1238.782795697067 -9.774217e-05 1.3171274e-05
1238.83599324872 -9.814705e-05 1.025436e-05
1238.8891904569368 0.002747661 0.0029300319
1238.9423873217238 -9.688515e-05 1.0922646e-05
1238.9955838430878 0.0013549132 0.00145238
1239.0487800210358 0.0013915183 0.0015055393
1239.1019758555738 -9.523189e-05 1.1451876e-05
1239.1551713467088 0.0013730215 0.0015088287
1239.2083664944475 0.002943839 1.3802395e-05
1239.2615612987966 0.0026552344 0.0028844404
1239.3147557597626 0.0028911962 5.1061274e-05
1239.3679498773522 -9.06064e-05 1.174473e-05
1239.421143651572 0.0027392416 0.002959905
1239.4743370824287 0.0013222822 0.0014256893
1239.527530169929 0.0028902662 1.8463274e-05
1239.5807229140794 0.004172907 0.0015766439
1239.6339153148867 0.0013041329 0.0014958619
1239.6871073723576 0.0028891757 0.000116364965
1239.7402990864982 0.0013407699 0.0015047372
1239.793490457316 -8.999307e-05 1.0529322e-05
1239.846681484817 0.004439926 0.0014293707
1239.8998721690084 0.0014049968 0.0015303721
1239.9530625098962 0.0039489157 0.004364026
1240.0062525074875 0.0028682442 1.5123821e-05
1240.0594421617886 0.0012800718 0.0014514028
1240.1126314728065 -8.807105e-05 1.1078394e-05
1240.1658204405478 0.0013274441 0.0014182304
1240.219009065019 0.0028033797 0.003051611
1240.2721973462271 0.0028108025 1.967149e-06
1240.3253852841779 -8.437761e-05 1.0525972e-05
1240.378572878879 0.0028167737 0.002972219
1240.4317601303364 0.0013672288 0.0014549929
1240.484947038557 0.0014266525 0.001518817
1240.5381336035475 0.0014319546 0.0015513891
1240.5913198253145 0.0013876572 0.0015112251
1240.6445057038645 -8.2307364e-05 9.208137e-06
1240.6976912392047 0.0014751225 0.0015367052
1240.7508764313409 0.001405136 0.0014973744
1240.8040612802802 0.0058313133 0.0030991402
1240.8572457860294 -7.9841244e-05 1.1172951e-05
1240.9104299485946 0.0013129245 0.0014669569
1240.963613767983 0.004161305 0.0045229257
1241.016797244201 0.0013446338 0.0014801967
1241.069980377255 0.0013605519 0.0014225177
1241.1231631671521 0.0029047467 1.467384e-05
1241.1763456138988 0.0029615774 7.304231e-05
1241.2295277175017 0.0073866323 0.0016297471
1241.2827094779675 0.001425662 0.0015508995
1241.3358908953028 0.0014428198 0.0015524428
1241.3890719695141 0.0028108358 0.0030622026
1241.442252700608 0.0028270201 0.003026931
1241.4954330885917 0.004145848 0.0010476328
1241.548613133471 0.0027007633 0.0028459406
1241.6017928352533 -7.981796e-05 1.00249545e-05
1241.654972193945 0.0013203139 0.0014836453
1241.7081512095524 0.0014365712 0.0015364429
1241.7613298820825 0.0063106082 0.002530185
1241.814508211542 0.0013172686 0.0014866997
1241.867686197937 0.0017726736 0.0011218459
1241.9208638412751 0.0027938143 0.0029382869
1241.9740411415619 0.004148929 0.0046234364
1242.0272180988047 0.005795456 0.0029908232
1242.0803947130098 0.0014303084 0.0015812998
1242.1335709841842 0.0016180441 0.0017629871
1242.1867469123342 0.00303873 8.306768e-05
1242.2399224974663 0.0073364503 0.0015722044
1242.2930977395877 0.0043775104 0.0016299887
1242.3462726387047 0.0045442907 0.0015929847
1242.3994471948238 0.002812284 0.0030501594
1242.4526214079522 0.0040782373 0.0045037493
1242.5057952780958 0.0013496346 0.0014790223
1242.5589688052617 -7.2955976e-05 1.08288e-05
1242.6121419894566 0.004036258 0.004434253
1242.6653148306866 0.0028801924 1.51777385e-05
1242.7184873289589 0.0014976354 0.0015884785
1242.77165948428 0.0013097128 0.0014221017
1242.8248312966562 0.002894219 2.579828e-05
1242.8780027660944 0.00562323 0.0030288969
1242.9311738926015 0.0043082377 0.0016360162
1242.9843446761836 0.0030068827 3.6022488e-05
1243.0375151168478 0.002838456 9.913044e-05
1243.0906852146004 0.0014362541 0.0016042616
1243.143854969448 0.0013951162 0.0015069393
1243.197024381398 0.0014041429 0.001490958
1243.250193450456 0.0013298874 0.0014345839
1243.303362176629 0.001381578 0.0015063044
1243.356530559924 -7.132855e-05 1.1387338e-05
1243.4096986003472 -7.213e-05 1.12304615e-05
1243.4628662979055 0.004373891 0.0015537455
1243.5160336526055 0.0027557062 0.0029496104
1243.5692006644533 0.0058099986 0.0029051465
1243.6223673334562 0.005437318 0.0058916793
1243.6755336596207 0.001366824 0.0014219007
1243.7286996429534 0.0013784148 0.0014941025
1243.7818652834608 0.004057103 0.004482751
1243.8350305811493 0.004129306 0.0045063137
1243.8881955360262 0.001333665 0.00147258
1243.9413601480976 -7.1061404e-05 1.1779165e-05
1243.9945244173703 0.002878677 5.449152e-06
1244.047688343851 -7.0478476e-05 1.2212708e-05
1244.100851927546 0.0013505851 0.0014882055
1244.1540151684626 0.0014283976 0.0015383307
1244.207178066607 0.002982017 4.175459e-06
1244.2603406219855 0.0014062781 0.0015070369
1244.3135028346053 -7.097886e-05 1.263721e-05
1244.3666647044727 0.001328504 0.0014626787
1244.4198262315947 0.006872651 0.0042648516
1244.472987415977 0.0013623186 0.0015165322
1244.5261482576275 0.004316212 0.0015341606
1244.579308756552 -7.242001e-05 1.33766e-05
1244.6324689127578 0.0013595105 0.0014650772
1244.6856287262506 0.0044060904 0.0014933762
1244.7387881970374 0.0038483096 0.0018013044
1244.7919473251252 -7.3654985e-05 1.2314059e-05
1244.8451061105204 0.0028882944 4.7211684e-05
1244.8982645532296 0.0013606781 0.001475507
1244.9514226532594 0.0013609189 0.001473067
1245.0045804106162 0.0013782973 0.0014927593
1245.0577378253072 0.0012859672 0.0014733971
1245.1108948973385 -7.6121396e-05 1.4890824e-05
1245.1640516267169 0.007185525 0.0013474016
1245.2172080134492 0.0013900714 0.0015046394
1245.2703640575419 0.0042340695 0.0015294657
1245.3235197590013 0.0013765391 0.0014485081
1245.3766751178346 0.0034590133 0.0038356206
1245.4298301340482 0.0013439342 0.0014867592
1245.4829848076488 0.0028605105 4.6040877e-05
1245.5361391386425 0.002991644 3.003527e-05
1245.5892931270364 0.007882728 0.0023181126
1245.6424467728373 -7.989835e-05 1.2693575e-05
1245.6956000760515 0.006787014 0.000252994
1245.7487530366855 -7.8177676e-05 1.4325316e-05
1245.8019056547464 -7.962742e-05 1.4439276e-05
1245.8550579302405 0.0028614062 4.2620313e-06
1245.9082098631743 0.0025596085 0.0029252067
1245.9613614535547 0.004572681 0.0015179744
1246.0145127013882 0.0027464032 0.0030090162
1246.0676636066817 0.002864668 5.43417e-05
1246.1208141694412 0.006130386 9.0903544e-05
1246.1739643896738 0.0028272849 3.6322326e-05
1246.2271142673858 0.005404118 0.0027254457
1246.2802638025842 0.0013404825 0.0014273347
1246.3334129952757 0.005314539 0.0060945693
1246.3865618454663 0.004341731 0.0014164449
1246.4397103531633 -8.369735e-05 1.699548e-05
1246.492858518373 0.001391888 0.0014655876
1246.546006341102 0.00589008 3.965935e-05
1246.5991538213568 0.004124655 0.0046074516
1246.6523009591442 0.0041849525 0.004614622
1246.705447754471 0.0013605799 0.0014725794
1246.7585942073433 0.0044037346 0.001610159
1246.8117403177682 0.001418566 0.0015313899
1246.8648860857522 0.0013466497 0.001481823
1246.918031511302 0.001432175 0.0015153207
1246.9711765944237 -8.8850225e-05 1.8269206e-05
1247.0243213351246 0.0014037362 0.0015184345
1247.077465733411 0.0042419466 0.0015083329
1247.1306097892898 0.008631729 0.0028549558
1247.183753502767 0.004407989 0.0016550695
1247.23689687385 0.004070683 0.004493266
1247.2900399025445 -9.269995e-05 1.8054165e-05
1247.3431825888579 0.001415823 0.0015456916
1247.3963249327967 0.003970569 0.0043159374
1247.449466934367 0.0045094537 0.0015066017
1247.5026085935758 0.005963873 0.00012125995
1247.5557499104298 0.004209209 0.004578328
1247.6088908849358 0.004453839 0.0042297496
1247.6620315170994 0.0027881947 0.003110327
1247.7151718069285 0.0027664998 7.630476e-05
1247.768311754429 0.0014109077 0.0015441831
1247.8214513596079 0.0013093461 0.0014517652
1247.8745906224715 0.0026567555 0.0030370269
1247.9277295430263 0.0013984719 0.0015048702
1247.9808681212792 0.0013728262 0.0015229138
1248.0340063572369 0.0026423677 0.002869422
1248.0871442509056 0.0053560934 0.0060186745
1248.1402818022925 0.0071844803 0.0013126177
1248.1934190114034 0.0041362876 0.0043491023
1248.2465558782458 0.0073254146 0.0013987283
1248.2996924028257 0.0014042305 0.0015377463
1248.3528285851503 0.009613889 0.0042534615
1248.4059644252254 0.002721942 0.0029818362
1248.4590999230581 0.004206689 0.0015173426
1248.512235078655 0.0043014484 0.0015137428
1248.5653698920228 0.008654825 4.129034e-06
1248.6185043631676 0.007522181 0.0013060895
1248.671638492097 0.004108565 0.004590813
1248.7247722788165 0.0014593849 0.0014742159
1248.7779057233333 0.0015198996 0.0015162816
1248.831038825654 0.0076177856 0.004902701
1248.8841715857852 0.0014604115 0.0013151745
1248.9373040037337 4.7995997e-07 4.5100748e-07
1248.9904360795056 0.0014563384 0.0014916786
1249.0435678131078 0.0028448584 0.0029814998
1249.096699204547 -2.4715806e-05 2.5545e-05
