eg_uma/half_spectra/oehub3010_59330.8359324729.ecsv
# %ECSV 1.0
# ---
# datatype:
# - {name: WAVELENGTH, datatype: float64}
# - {name: FLUX, datatype: float32}
# - {name: ERROR, datatype: float32}
# schema: astropy-2.0
WAVELENGTH FLUX ERROR
1194.5680540528306 0.002843913 0.0029817412
1194.621530264439 0.0014557075 0.0014921232
1194.675006126802 0.0014577034 0.0014920919
1194.7284816399272 8.615507e-06 2.672459e-08
1194.7819568038208 0.0029121775 5.0238545e-05
1194.83543161849 -8.575346e-07 3.0100633e-08
1194.8889060839413 0.0012453432 0.0016074321
1194.9423802001822 7.721758e-07 2.6630003e-09
1194.9958539672189 4.960461e-06 3.0402585e-08
1195.0493273850586 0.003053288 4.5518597e-08
1195.1028004537081 0.0013417676 0.0015009851
1195.1562731731735 -6.81151e-05 5.7323487e-05
1195.209745543463 0.001463467 0.0016333703
1195.2632175645824 -6.8675654e-05 5.6845853e-05
1195.3166892365389 -6.945841e-05 5.6597575e-05
1195.3701605593392 0.002811111 0.0029537564
1195.4236315329906 -7.1440496e-05 5.613057e-05
1195.4771021574993 -7.259803e-05 5.591454e-05
1195.5305724328725 0.002907431 9.0636655e-05
1195.584042359117 -7.26914e-05 5.545383e-05
1195.6375119362394 -7.3023715e-05 5.5209006e-05
1195.690981164247 -7.354828e-05 5.499547e-05
1195.744450043146 0.0013719634 0.0015378449
1195.797918572944 0.0013713202 0.0015367472
1195.8513867536471 -7.34777e-05 5.430518e-05
1195.904854585263 0.0013713482 0.0014261814
1195.9583220677976 -7.497104e-05 5.384118e-05
1196.0117892012581 -7.730006e-05 5.361763e-05
1196.0652559856517 -7.754515e-05 5.341825e-05
1196.118722420985 -7.560316e-05 5.317521e-05
1196.1721885072645 0.0014472128 0.0016218286
1196.2256542444977 -7.721535e-05 5.271575e-05
1196.2791196326907 0.0013739839 0.0015440717
1196.3325846718508 -7.924806e-05 5.2262163e-05
1196.3860493619845 -8.053903e-05 5.205563e-05
1196.439513703099 0.0027653137 0.0029188509
1196.4929776952013 -7.9336074e-05 5.1584328e-05
1196.5464413382977 0.0013693103 0.0014329774
1196.599904632395 -8.293334e-05 5.1174007e-05
1196.6533675775006 -8.056121e-05 5.095803e-05
1196.7068301736208 0.0014519556 0.0015242619
1196.7602924207629 -8.4997955e-05 5.0507253e-05
1196.8137543189332 -8.305198e-05 5.031622e-05
1196.867215868139 -8.474966e-05 5.009342e-05
1196.920677068387 -8.4515195e-05 4.9861745e-05
1196.9741379196842 0.00081964524 0.0008692692
1197.0275984220368 -8.814858e-05 4.945817e-05
1197.0810585754523 -8.6282496e-05 4.919694e-05
1197.1345183799374 -9.00006e-05 4.8985785e-05
1197.1879778354987 -8.503475e-05 4.8765036e-05
1197.241436942143 -8.999578e-05 4.8560447e-05
1197.2948956998775 0.0013704296 0.0015447392
1197.348354108709 0.0014013575 0.001478503
1197.4018121686438 -8.790213e-05 4.789535e-05
1197.455269879689 0.0029650712 7.128316e-05
1197.5087272418518 -8.7954475e-05 4.7462374e-05
1197.5621842551388 -9.052503e-05 4.7257316e-05
1197.6156409195567 -9.00088e-05 4.705076e-05
1197.669097235112 0.0027159075 0.0029855815
1197.7225532018124 -9.1315334e-05 4.663244e-05
1197.7760088196644 0.0057457956 0.003012859
1197.8294640886743 -9.018569e-05 4.622133e-05
1197.8829190088495 -9.310731e-05 4.5990033e-05
1197.9363735801965 -9.4541865e-05 4.5786583e-05
1197.9898278027224 -9.526583e-05 4.5568904e-05
1198.0432816764337 0.0009561587 0.0010236527
1198.0967352013379 0.0013698159 0.0014543363
1198.150188377441 -9.376186e-05 4.496135e-05
1198.2036412047503 -0.00030735787 4.4754997e-05
1198.2570936832726 -9.742752e-05 4.4547425e-05
1198.3105458130146 0.0012907445 0.0013720384
1198.3639975939832 -0.00010292723 4.4137105e-05
1198.4174490261853 0.0013073779 0.0014835142
1198.4709001096273 -9.9630284e-05 4.3716645e-05
1198.5243508443166 0.0013424801 0.001521164
1198.5778012302599 -9.6712276e-05 4.3313397e-05
1198.6312512674638 -9.835488e-05 4.310818e-05
1198.6847009559353 -0.000100076526 4.290655e-05
1198.738150295681 0.002358899 0.00046983815
1198.7915992867079 -0.00010178389 4.250948e-05
1198.845047929023 -0.00010114549 4.230614e-05
1198.8984962226327 -0.00010152515 4.2105414e-05
1198.9519441675443 0.0013094087 0.0014873348
1199.0053917637642 -0.00010343478 4.1722044e-05
1199.0588390112996 -0.000102908634 4.1517087e-05
1199.112285910157 0.0013868428 0.0014851559
1199.1657324603432 0.0013775439 0.0015616345
1199.2191786618653 0.0014035397 0.0015897149
1199.2726245147303 -0.00010340111 4.0719704e-05
1199.3260700189444 -0.00010400769 4.053921e-05
1199.3795151745148 -0.000105526575 4.0329454e-05
1199.4329599814487 -0.00010514359 4.012644e-05
1199.486404439752 -0.00010610415 3.9931496e-05
1199.5398485494322 -0.00010383323 3.9740276e-05
1199.5932923104958 0.001318795 0.0014177936
1199.6467357229499 0.0012820145 0.0013789913
1199.7001787868012 -0.000109550754 3.917086e-05
1199.7536215020566 -0.0001065792 3.8982518e-05
1199.8070638687225 -0.00010859527 3.8777463e-05
1199.8605058868065 -0.00010851319 3.859593e-05
1199.9139475563147 -0.000108847984 3.8409653e-05
1199.9673888772543 -0.00010775059 3.820117e-05
1200.0208298496318 -0.00011014076 3.8042082e-05
1200.0742704734544 0.0012990412 0.0014796128
1200.1277107487288 0.0013323106 0.0015155687
1200.181150675462 -0.00011275622 3.747196e-05
1200.2345902536601 -0.00011016308 3.726712e-05
1200.2880294833308 0.002669866 0.002953511
1200.3414683644803 0.001438468 0.0016298998
1200.3949068971158 0.0013478736 0.001458651
1200.448345081244 -0.00034818967 3.652404e-05
1200.5017829168714 0.0013317702 0.0014417461
1200.5552204040055 -0.0001125435 3.615172e-05
1200.6086575426523 -0.00011211001 3.5978886e-05
1200.6620943328194 -0.0001155109 3.579271e-05
1200.7155307745131 -0.00011332475 3.5594065e-05
1200.7689668677403 -0.00011590611 3.543657e-05
1200.8224026125083 0.0028015436 4.8327143e-05
1200.8758380088232 0.0030086762 0.000121663965
1200.929273056692 -0.00011344842 3.4887453e-05
1200.982707756122 -0.000114987124 3.469734e-05
1201.0361421071193 -0.0001158057 3.4520017e-05
1201.0895761096913 -0.00011656396 3.43377e-05
1201.1430097638447 -0.00011528587 3.4163277e-05
1201.196443069586 0.0013872149 0.0015777037
1201.2498760269223 0.0012887152 0.0014709549
1201.30330863586 0.002972577 4.993435e-05
1201.3567408964068 -0.00011617683 3.344211e-05
1201.4101728085689 0.0013717425 0.0015608864
1201.4636043723528 0.0010604135 0.0012342373
1201.517035587766 -0.000114705224 3.2909746e-05
1201.570466454815 0.0014298565 0.0015576974
1201.6238969735064 0.0012672029 0.0013839287
1201.6773271438474 -0.0001192326 3.2383236e-05
1201.7307569658446 -0.00012070569 3.217725e-05
1201.7841864395052 0.0013481078 0.0015361191
1201.8376155648355 0.0010859035 0.0014901031
1201.8910443418422 -0.00011934986 3.1682648e-05
1201.9444727705327 -0.000118040276 3.1506406e-05
1201.9979008509133 0.00132665 0.0015135334
1202.0513285829911 0.001282687 0.0014664717
1202.104755966773 0.0028983054 2.3726254e-05
1202.1581830022653 0.002982305 7.879993e-05
1202.2116096894754 -0.00011943381 3.0647578e-05
1202.26503602841 0.0027215714 0.0030129412
1202.3184620190757 -0.00012380228 3.0315463e-05
1202.3718876614794 -0.00012020416 3.014342e-05
1202.4253129556278 0.004374653 0.0016136836
1202.478737901528 -0.00012289926 2.9800278e-05
1202.5321624991861 -0.00012331469 2.9648738e-05
1202.58558674861 -0.00012215627 2.9481698e-05
1202.6390106498059 -0.00012556642 2.9304874e-05
1202.6924342027805 -0.00012352708 2.9135517e-05
1202.7458574075406 -0.00012363914 2.898378e-05
1202.7992802640936 0.0013584759 0.0014918777
1202.8527027724456 0.001376173 0.0015684068
1202.906124932604 0.0027159941 1.2558411e-05
1202.9595467445747 0.0026385882 0.0029193717
1203.0129682083657 -0.00012687933 2.8176928e-05
1203.0663893239828 -0.00012524937 2.7982502e-05
1203.1198100914335 0.0013159853 0.0014485593
1203.1732305107241 -0.0001253214 2.7673566e-05
1203.2266505818618 -0.00012693471 2.7465301e-05
1203.280070304853 -0.00012516328 2.7349512e-05
1203.333489679705 -0.00012677214 2.718697e-05
1203.3869087064245 -0.00012381647 2.7033466e-05
1203.4403273850178 -0.00012791775 2.6868182e-05
1203.4937457154922 -0.00012313733 2.6711907e-05
1203.5471636978546 -0.00013092664 2.65346e-05
1203.6005813321112 0.0013202194 0.0014566004
1203.6539986182695 -0.00012639195 2.622784e-05
1203.7074155563357 -0.00012568533 2.6071104e-05
1203.7608321463172 -0.0001296337 2.5924382e-05
1203.8142483882204 -0.00012685928 2.5752459e-05
1203.867664282052 0.0013416769 0.0015328935
1203.921079827819 0.0026348862 0.0029192725
1203.9744950255285 0.0029311809 6.277462e-06
1204.0279098751869 0.0009977751 0.0011727667
1204.0813243768011 0.0024933168 0.0027646408
1204.134738530378 -0.00023852859 2.4824782e-05
1204.1881523359243 0.0026540714 0.0029402426
1204.2415657934469 -0.0001306216 2.4528325e-05
1204.2949789029524 -0.0001316227 2.4386662e-05
1204.3483916644475 0.0026143265 0.00011376011
1204.4018040779397 0.0028709823 5.6264096e-05
1204.455216143435 0.0012967046 0.0014375477
1204.5086278609408 -0.00013147645 2.3782593e-05
1204.5620392304636 -0.00013075767 2.3629362e-05
1204.61545025201 0.00135161 0.0015442271
1204.6688609255873 -0.00012896647 2.3315348e-05
1204.7222712512018 0.001377511 0.0015723916
1204.7756812288605 -0.00012932194 2.3025172e-05
1204.8290908585707 0.0013106881 0.0015008475
1204.8825001403384 0.0013324936 0.0014794694
1204.935909074171 -0.00013116995 2.2571285e-05
1204.9893176600747 -0.00013239389 2.2437227e-05
1205.042725898057 -0.00013297891 2.2293869e-05
1205.096133788124 -0.00013084416 2.214335e-05
1205.149541330283 -0.00012964403 2.1999995e-05
1205.202948524541 -0.00013708035 2.1848846e-05
1205.2563553709037 0.0026388527 5.387872e-05
1205.3097618693791 -0.00013337174 2.157875e-05
1205.3631680199735 0.00089756935 0.0015592477
1205.4165738226939 -0.00013004678 2.1283697e-05
1205.4699792775466 -0.00013372516 2.1150829e-05
1205.523384384539 0.0013361112 0.0015289478
1205.5767891436774 0.0027163594 0.002975559
1205.6301935549689 -0.0001367798 2.07118e-05
1205.6835976184204 -0.00013256617 2.0574276e-05
1205.7370013340383 -0.00013649129 2.0445172e-05
1205.7904047018296 -0.00013464362 2.03073e-05
1205.843807721801 0.0013027637 0.0014928165
1205.8972103939598 -0.00013394513 2.0012589e-05
1205.9506127183122 -0.00013530217 1.9881356e-05
1206.0040146948652 -0.00013378501 1.9754574e-05
1206.0574163236256 -0.00013803858 1.9597323e-05
1206.1108176046002 0.0027593677 0.0030132863
1206.164218537796 0.0012920583 0.0014414524
1206.2176191232195 -0.00032893542 1.9185663e-05
1206.271019360877 0.0013312917 0.0015242597
1206.3244192507766 -0.00013406675 1.8926747e-05
1206.377818792924 0.0013380835 0.0014919017
1206.4312179873264 0.0013447574 0.0015378002
1206.4846168339907 -0.00013528574 1.8532903e-05
1206.5380153329234 -0.00013621134 1.8417813e-05
1206.5914134841314 0.002781517 0.0030452905
1206.6448112876217 0.0013336311 0.0014882992
1206.6982087434008 0.002923753 9.925805e-05
1206.7516058514757 0.0067678797 0.004420366
1206.805002611853 0.005996503 1.3867387e-05
1206.8583990245395 0.008312124 0.0059299003
1206.9117950895425 0.0039960425 0.004454617
1206.965190806868 0.004294035 0.0047644638
1207.0185861765233 -0.0001372128 1.7249315e-05
1207.071981198515 0.0013214962 0.0014777548
1207.12537587285 0.0012186619 0.0013666558
1207.1787701995352 0.0028611333 0.00315722
1207.232164178577 0.001183972 0.0013298241
1207.2855578099827 0.0014278482 0.0016265031
1207.3389510937584 0.000341745 0.0004646847
1207.3923440299118 0.0013350715 0.0015260981
1207.4457366184488 0.0012952851 0.0014505758
1207.4991288593767 -0.00014101215 1.6108264e-05
1207.552520752702 -0.00013666454 1.5976015e-05
1207.605912298432 0.0022430709 0.002493143
1207.659303496573 -0.00013585958 1.5730771e-05
1207.7126943471321 0.001291358 0.0014790288
1207.7660848501157 0.0026639858 0.002950999
1207.819475005531 -0.00013732915 1.5385354e-05
1207.8728648133847 -0.00013990077 1.526178e-05
1207.9262542736833 0.0011840567 0.001448697
1207.979643386434 -0.00013839295 1.5018348e-05
1208.033032151643 -0.00013959986 1.4903686e-05
1208.0864205693176 -0.00013457611 1.4774572e-05
1208.1398086394645 -0.00014104464 1.4651145e-05
1208.1931963620902 -0.00013637225 1.45408585e-05
1208.2465837372022 0.0012880291 0.001445991
1208.2999707648064 -0.00013863285 1.4296412e-05
1208.3533574449102 0.0014059116 0.0016023343
1208.4067437775202 0.0013716414 0.0015358904
1208.460129762643 0.0013317242 0.0015227062
1208.5135154002855 -0.00013913692 1.3851254e-05
1208.5669006904545 -0.00013854154 1.3726101e-05
1208.6202856331572 0.0029281755 9.675255e-05
1208.6736702283995 -0.00013725583 1.3493932e-05
1208.7270544761889 0.0011679053 0.0015363927
1208.7804383765322 -0.00013711643 1.32680925e-05
1208.8338219294358 -0.00014036133 1.3161429e-05
1208.8872051349065 -6.810977e-05 8.73227e-05
1208.9405879929511 -0.00013919326 1.2960852e-05
1208.9939705035767 -0.00028358842 1.28345855e-05
1209.0473526667897 -0.00013628919 1.2733588e-05
1209.1007344825975 -0.00013962864 1.2628195e-05
1209.154115951006 -0.00014029964 1.2504192e-05
1209.2074970720228 -0.00013690689 1.2409888e-05
1209.260877845654 -0.00014321375 1.2287659e-05
1209.3142582719067 -0.00013905416 1.2175449e-05
1209.367638350788 -0.00013993485 1.2072531e-05
1209.4210180823043 -0.00014159593 1.1967996e-05
1209.474397466462 0.004219134 0.0014572487
1209.5277765032688 -0.00013825699 1.1752374e-05
1209.5811551927306 -0.00013994378 1.1645904e-05
1209.634533534855 -0.00013842307 1.153384e-05
1209.687911529648 -0.00014231968 1.1443291e-05
1209.741289177117 -0.00013969246 1.1346797e-05
1209.7946664772683 -0.00013904153 1.1251524e-05
1209.848043430109 -0.00013853908 1.11287445e-05
1209.901420035646 0.0012060824 0.0015064816
1209.9547962938857 -0.00013937356 1.0917225e-05
1210.0081722048349 -0.00014001569 1.0835036e-05
1210.0615477685008 -0.00013856585 1.07211235e-05
1210.1149229848897 0.0012660535 0.0014487925
1210.1682978540086 -0.00013846719 1.0518823e-05
1210.221672375864 -0.00013902332 1.04166975e-05
1210.2750465504635 0.0013042291 0.0014895248
1210.328420377813 0.0012232028 0.0014019234
1210.3817938579193 -0.00014209258 1.0118434e-05
1210.4351669907896 -0.00013889717 1.0034221e-05
1210.4885397764308 0.0034627237 0.0019025702
1210.5419122148494 0.0028039452 3.0803465e-05
1210.5952843060522 0.0013020015 0.0014878346
1210.6486560500457 -0.0001359826 9.644907e-06
1210.7020274468373 -0.00014269214 9.540294e-06
1210.7553984964334 0.0012334958 0.0014126685
1210.8087691988403 0.0045262617 0.0014600139
1210.8621395540658 -0.00013571708 9.236987e-06
1210.9155095621159 0.0013573985 0.0015459615
1210.9688792229979 -0.00013829375 9.0546455e-06
1211.022248536718 0.0012893374 0.0014723241
1211.0756175032834 -0.00013796493 8.857633e-06
1211.1289861227006 -0.00014139293 8.7780645e-06
1211.1823543949763 -0.00013830648 8.681905e-06
1211.235722320118 0.0013892697 0.0015612437
1211.2890898981318 0.0012244349 0.0014020654
1211.3424571290248 -0.00014048445 8.4114e-06
1211.3958240128034 0.0011595874 0.0015444267
1211.4491905494745 -0.0001382983 8.24593e-06
1211.502556739045 -0.00018245565 3.0633366e-06
1211.555922581522 0.0014173628 0.0016081145
1211.6092880769118 0.0039070146 0.0043363525
1211.6626532252212 0.00138236 0.0015534128
1211.7160180264568 -0.00017516213 2.71295e-06
1211.7693824806256 0.0016468226 0.0018436605
1211.8227465877349 -0.0001409161 7.612972e-06
1211.8761103477907 -0.00013940387 7.557042e-06
1211.9294737608 0.0013437296 0.001513124
1211.9828368267695 -0.0001402274 7.370014e-06
1212.0361995457063 0.0027914203 0.0030702506
1212.089561917617 -0.00013699368 7.1991526e-06
1212.1429239425079 -0.00055110885 7.106282e-06
1212.1962856203863 0.0029849026 7.3173105e-05
1212.2496469512591 0.0012423708 0.001419116
1212.3030079351327 -0.00014082182 6.892965e-06
1212.3563685720142 0.0013217368 0.0015041622
1212.40972886191 -0.0001369515 6.709713e-06
1212.463088804827 -0.00014097258 6.6319476e-06
1212.5164484007723 -0.00013875261 6.5432178e-06
1212.569807649752 -0.00013935394 6.460119e-06
1212.6231665517732 -0.00014131803 6.3971015e-06
1212.676525106843 0.0013596747 0.0015453334
1212.7298833149678 0.0012847414 0.0014630584
1212.7832411761544 0.00418079 0.0014806727
1212.8365986904096 -0.00013649944 6.0713937e-06
1212.8899558577402 -5.163014e-05 9.6939366e-05
1212.9433126781528 0.0011390058 0.0014308571
1212.9966691516545 -0.00013834036 5.8358564e-06
1213.0500252782517 0.0012785457 0.0014564382
