eg_uma/half_spectra/oehua1010_59306.4146114656.ecsv
# %ECSV 1.0
# ---
# datatype:
# - {name: WAVELENGTH, datatype: float64}
# - {name: FLUX, datatype: float32}
# - {name: ERROR, datatype: float32}
# schema: astropy-2.0
WAVELENGTH FLUX ERROR
1194.5632331253655 3.3951776e-06 1.5879923e-06
1194.6167176946685 0.002845371 0.00298088
1194.6702019149461 1.0692263e-06 3.1837772e-07
1194.7236857862056 0.0014774344 0.0013430208
1194.7771693084535 0.0012677377 0.0013726997
1194.8306524816971 -3.003195e-07 7.148718e-07
1194.8841353059424 -0.00031461788 3.5730359e-06
1194.9376177811973 -3.1145398e-06 6.317508e-07
1194.991099907468 3.0447322e-06 7.554145e-07
1195.0445816847612 0.0015660467 0.0016131491
1195.098063113084 -0.0003654752 4.678842e-05
1195.1515441924432 -0.00036845318 4.6738704e-05
1195.2050249228455 0.0010689914 0.0015171389
1195.2585053042978 0.0011181363 0.0014283698
1195.3119853368073 -0.0003743581 4.4924607e-05
1195.36546502038 -0.00038097048 4.2952674e-05
1195.4189443550238 0.0010465442 0.0014261311
1195.4724233407444 0.0010668754 0.0015091596
1195.5259019775497 -0.00038732938 4.092555e-05
1195.5793802654455 -0.00038931816 4.0347426e-05
1195.6328582044393 -0.00039164806 3.969896e-05
1195.6863357945379 -0.00039267272 3.9364884e-05
1195.739813035748 -0.00039601765 3.831026e-05
1195.7932899280763 -0.00039824483 3.7582628e-05
1195.84676647153 0.0010007096 0.0013998136
1195.9002426661152 -0.00040149275 3.5893096e-05
1195.9537185118397 -0.00040314684 3.594643e-05
1196.0071940087096 0.0025426936 9.0881326e-07
1196.060669156732 -0.00040871184 3.485411e-05
1196.1141439559137 0.0023382397 0.0029818923
1196.1676184062615 -0.0004135068 3.3474415e-05
1196.2210925077823 -0.00041428217 3.1932417e-05
1196.2745662604827 0.00410513 0.0015347527
1196.32803966437 0.0010496764 0.0015740878
1196.3815127194505 -0.0004231654 3.0441042e-05
1196.4349854257312 -0.00042268433 3.0364388e-05
1196.488457783219 -0.0004281853 2.7890488e-05
1196.5419297919207 0.0010283426 0.0014680616
1196.5954014518434 -0.00043352804 2.7182954e-05
1196.6488727629935 0.0010046791 0.0014325825
1196.702343725378 -0.00043537677 2.7547872e-05
1196.7558143390036 -0.0004384835 2.5194711e-05
1196.8092846038771 -0.00043873195 2.4929934e-05
1196.8627545200056 -0.000492221 7.811957e-05
1196.9162240873957 -0.0005179226 3.3582637e-05
1196.9696933060545 0.0009632663 0.0014646503
1197.0231621759885 0.00092725805 0.00144418
1197.0766306972046 0.00094964623 0.0014894676
1197.1300988697094 -0.00045290947 2.195392e-05
1197.1835666935106 0.0009870557 0.0013965411
1197.237034168614 0.0023404928 0.0030214542
1197.2905012950266 -0.00045511426 1.9909627e-05
1197.3439680727558 0.0010371616 0.001469274
1197.397434501808 0.0022468187 0.0028741376
1197.4509005821901 0.00086458155 0.0013823576
1197.5043663139093 -0.00046180456 1.7715472e-05
1197.5578316969716 -0.0004662878 1.6658232e-05
1197.611296731384 0.0011836911 0.0017063763
1197.664761417154 -0.0004707032 1.45661925e-05
1197.718225754288 -0.00047026676 1.5916912e-05
1197.7716897427927 0.000981773 0.0014660519
1197.825153382675 -0.0004747567 1.3115456e-05
1197.8786166739417 -0.00047618872 1.32522655e-05
1197.9320796166 -0.00047879317 1.3482588e-05
1197.9855422106561 -0.0004810438 1.2128323e-05
1198.0390044561173 -0.00048219055 1.2307323e-05
1198.09246635299 0.001102604 0.0016288753
1198.1459279012815 -0.00048697388 8.701182e-06
1198.1993891009981 -0.00065924984 0.00018555477
1198.252849952147 -0.00072412443 0.00016101863
1198.306310454735 -0.00048957375 7.395639e-06
1198.359770608769 0.0011355497 0.0015556378
1198.4132304142554 0.0022281827 0.0030338713
1198.4666898712012 0.0008740999 0.0013984081
1198.5201489796134 0.00091257656 0.0014027298
1198.5736077394988 0.0022091696 0.0030079533
1198.627066150864 0.00082462403 0.0013914896
1198.680524213716 0.0023927628 0.002933237
1198.7339819280612 0.00081450655 0.0013585131
1198.787439293907 -0.0005047371 4.588842e-06
1198.84089631126 0.0023722115 0.0031056572
1198.8943529801268 0.0024978705 6.465575e-05
1198.9478093005146 0.0010198118 0.0015858484
1199.0012652724304 0.0008849908 0.0014277088
1199.0547208958799 0.002487893 2.5611835e-05
1199.108176170871 -0.0005134667 1.3450599e-06
1199.1616310974102 -0.000516633 1.0197912e-07
1199.2150856755045 0.0009227973 0.0014888588
1199.26853990516 -0.00051842106 1.0987699e-06
1199.3219937863842 0.0022969455 0.0029798467
1199.3754473191839 -0.0005225862 1.8445996e-06
1199.4289005035653 0.0009446438 0.0015050905
1199.482353339536 -0.00052445923 1.9275174e-06
1199.5358058271024 0.00088123046 0.0014869015
1199.5892579662714 7.882278e-05 0.0006049436
1199.6427097570497 -0.000529242 4.337776e-06
1199.6961611994443 -0.0005317399 3.5936562e-06
1199.749612293462 0.00091693574 0.0014756273
1199.8030630391092 0.0010017133 0.0015804638
1199.856513436393 -0.0005363486 6.1768146e-06
1199.9099634853205 -0.0005380761 6.4234287e-06
1199.9634131858982 -0.0005374966 7.417056e-06
1200.016862538133 -0.0005418519 7.846041e-06
1200.0703115420317 0.0009932222 0.0016017975
1200.123760197601 0.0009234893 0.0014592673
1200.1772085048476 -0.0005441048 7.3797264e-06
1200.230656463779 0.0009280782 0.0015760195
1200.284104074401 -0.00054404157 1.0095703e-05
1200.3375513367212 0.00038461233 0.00096552767
1200.390998250746 -0.0005461576 1.1655296e-05
1200.4444448164825 0.00076883 0.0015104258
1200.4978910339375 -0.0006146293 6.2015664e-05
1200.5513369031173 -0.0005528692 1.2745498e-05
1200.6047824240293 -0.00055176945 1.1992306e-05
1200.6582275966798 -0.0005568882 1.3214851e-05
1200.7116724210762 -0.0005546863 1.3401314e-05
1200.7651168972247 -0.0005592885 1.3999788e-05
1200.8185610251328 -0.0005558021 1.5226013e-05
1200.8720048048065 -0.0005597939 1.4656132e-05
1200.9254482362533 0.0036808632 0.0014689782
1200.9788913194793 -0.00056186185 1.5775782e-05
1201.0323340544921 0.0038487483 0.0013778913
1201.0857764412983 0.0009207004 0.0015196538
1201.139218479904 0.00082323333 0.0014022554
1201.1926601703171 0.0009821262 0.0016060933
1201.2461015125436 0.0036629287 0.0013946681
1201.2995425065903 -0.0005708851 1.7887232e-05
1201.3529831524647 0.005282654 5.806886e-06
1201.406423450173 -0.00057292444 1.8982295e-05
1201.459863399722 -0.00057207874 1.9097859e-05
1201.5133030011189 0.00060075335 0.0011608609
1201.56674225437 0.00095825613 0.0016806886
1201.6201811594829 0.00091713894 0.001570462
1201.6736197164637 0.0012875462 0.0018451468
1201.727057925319 -0.0005792704 2.1311003e-05
1201.7804957860565 0.0023052827 0.002963854
1201.833933298682 -0.00073860097 2.0525387e-05
1201.8873704632033 -0.0006389728 6.8656234e-05
1201.9408072796264 -0.00057948055 2.3888555e-05
1201.9942437479583 0.0011173744 0.0016737187
1202.0476798682064 0.00094084436 0.0015961207
1202.1011156403765 0.0008682063 0.001485797
1202.154551064476 0.0008039246 0.0015103947
1202.2079861405118 0.00095677655 0.0015253762
1202.2614208684906 -0.0005856475 2.5365895e-05
1202.314855248419 0.00062046206 0.0013134135
1202.3682892803038 0.0021979213 9.207485e-05
1202.421722964152 0.00079642696 0.0015315595
1202.4751562999702 -0.00059027463 2.8324825e-05
1202.5285892877657 0.0022608896 0.0030050275
1202.5820219275445 -0.0005910474 2.76075e-05
1202.6354542193142 0.0023161147 0.003107445
1202.688886163081 -0.00059309974 2.8266282e-05
1202.7423177588519 -0.00059458346 2.8546569e-05
1202.7957490066335 -0.0005956828 2.9273468e-05
1202.8491799064334 -0.00059711694 2.9684777e-05
1202.9026104582574 0.0008353476 0.0014306935
1202.9560406621129 -0.00059789483 3.0486694e-05
1203.0094705180063 -0.00060039386 3.0265843e-05
1203.0629000259448 -0.0005980056 3.1031115e-05
1203.116329185935 0.00076368236 0.0014808291
1203.1697579979837 -0.0006005149 3.2757613e-05
1203.2231864620976 0.00086494244 0.0015598469
1203.2766145782837 -0.0006023376 3.1629785e-05
1203.3300423465485 -0.0006030501 3.2903004e-05
1203.3834697668992 0.0011090233 0.0017961969
1203.4368968393424 0.0038103517 0.001434886
1203.4903235638849 0.00080036576 0.001452854
1203.5437499405334 0.0009190931 0.0014443834
1203.5971759692948 -0.0006063469 3.4348268e-05
1203.6506016501762 0.002381265 0.00014470638
1203.7040269831837 -0.00060541776 3.5258105e-05
1203.7574519683244 0.000870235 0.0014847944
1203.8108766056055 0.0039828564 0.0016270714
1203.864300895033 -0.0006119497 3.5316156e-05
1203.9177248366143 -0.0006085765 3.6895555e-05
1203.9711484303564 -0.0006138891 3.6081816e-05
1204.0245716762656 -0.0006082519 3.7837875e-05
1204.0779945743486 0.00030022382 0.0009829991
1204.1314171246127 -0.00061185146 3.6778983e-05
1204.1848393270643 0.0023056306 0.002959218
1204.2382611817102 -0.0006550553 7.045817e-06
1204.2916826885578 0.0008082385 0.0014817744
1204.3451038476128 -0.0006142842 3.738442e-05
1204.398524658883 0.0023004978 0.003113324
1204.4519451223746 0.0023524398 1.8602088e-05
1204.5053652380943 0.0013700122 0.0021063054
1204.5587850060497 0.0021746303 0.0029951222
1204.6122044262468 -0.0006173106 3.9904542e-05
1204.6656234986926 -0.00061497843 4.10325e-05
1204.7190422233941 0.0037611711 0.0045298887
1204.7724606003578 0.00083916617 0.0014711772
1204.8258786295908 0.00011549976 0.00069428957
1204.8792963110998 0.0008571391 0.001481653
1204.9327136448912 0.0008498335 0.0014963971
1204.9861306309724 0.00027638112 0.00097511
1205.0395472693494 -0.00062354177 4.2190368e-05
1205.0929635600298 0.0021392438 0.0028382537
1205.1463795030204 0.00083569036 0.0015065516
1205.199795098327 0.00091793144 0.0014242564
1205.2532103459575 0.00041330693 0.0010533069
1205.306625245918 0.0039840117 0.0016779484
1205.3600397982157 -0.0006254776 4.324518e-05
1205.4134540028572 0.0009062454 0.0014958268
1205.4668678598493 0.003793538 0.00093520334
1205.5202813691988 -0.00062499923 4.500408e-05
1205.5736945309125 0.0038281465 0.0013908517
1205.627107344997 0.0055184057 0.003140083
1205.6805198114594 -0.00062551344 4.582736e-05
1205.7339319303062 0.00089860184 0.0016165632
1205.7873437015446 0.0038006038 0.0014994367
1205.840755125181 0.0064350856 0.004315377
1205.894166201222 0.0066375597 0.001647752
1205.947576929675 0.0057483115 0.0071100825
1206.0009873105464 0.002017617 0.0027450658
1206.054397343843 -0.0006297355 4.5026845e-05
1206.1078070295719 0.0038792943 0.0015719343
1206.1612163677391 0.003828255 0.0015695347
1206.2146253583524 0.0007723892 0.0014857474
1206.268034001418 0.0008557942 0.0014692986
1206.3214422969427 0.00087831775 0.0014700464
1206.3748502449332 -0.00062813517 4.8735383e-05
1206.4282578453967 -0.00062950683 4.882628e-05
1206.4816650983398 -0.00062874734 4.89237e-05
1206.535072003769 -0.00062943983 4.8017548e-05
1206.588478561691 -0.00063037477 4.9412487e-05
1206.6418847721138 0.0007760541 0.0014842474
1206.6952906350427 0.0007762305 0.0015494913
1206.748696150485 -0.0007371823 0.00013130448
1206.8021013184477 0.0022208933 0.002954153
1206.8555061389372 0.0008936058 0.0016193182
1206.9089106119607 0.00087300653 0.0014999461
1206.9623147375248 0.0007795394 0.0015598302
1207.0157185156363 0.0054043108 0.0031540042
1207.0691219463017 -0.0006325065 5.1203082e-05
1207.1225250295283 0.003522133 0.0042972397
1207.1759277653223 0.00084097293 0.0015739502
1207.229330153691 -0.00062750786 5.2334526e-05
1207.282732194641 0.0007687248 0.0015527518
1207.3361338881791 0.004191627 0.0013790022
1207.389535234312 0.0008545738 0.0015737268
1207.4429362330463 -0.0006299516 5.173516e-05
1207.4963368843892 -0.00063494634 5.297684e-05
1207.549737188347 -0.000886879 5.0462633e-05
1207.6031371449271 0.00084174547 0.0015490138
1207.6565367541357 0.002162983 0.002932979
1207.70993601598 -0.0006335617 5.322565e-05
1207.7633349304663 0.002296831 5.5340606e-05
1207.816733497602 0.00083367573 0.0014935515
1207.8701317173934 0.0011495771 0.0017109716
1207.9235295898475 0.0009748075 0.0016520475
1207.9769271149707 -0.0006318848 5.3576103e-05
1208.0303242927703 0.0021339736 0.0027942953
1208.0837211232529 0.000857801 0.0014981503
1208.1371176064251 -0.00063454907 5.279014e-05
1208.190513742294 0.0007273255 0.0014081604
1208.243909530866 -0.0006339467 5.444905e-05
1208.2973049721481 -0.00063283695 5.406964e-05
1208.350700066147 0.003593302 0.0045441957
1208.4040948128697 -0.00011157185 0.0005845092
1208.4574892123226 0.0013485886 0.0020851637
1208.5108832645128 -0.00063165097 5.491479e-05
1208.5642769694468 0.0015957046 0.0006723449
1208.6176703271317 0.0008088109 0.0016139162
1208.6710633375737 -0.00062894606 5.7119796e-05
1208.7244560007805 0.0020742347 0.0028594625
1208.777848316758 -0.0007285986 0.0001350271
1208.8312402855136 0.0008018925 0.0013882176
1208.8846319070535 0.0040241843 0.00182345
1208.9380231813848 -0.00062987296 5.737391e-05
1208.9914141085144 0.0010168006 0.0015647761
1209.0448046884487 0.0014627404 0.002275938
1209.098194921195 -0.0006313418 5.6342877e-05
1209.1515848067593 0.00089156284 0.0014813541
1209.2049743451491 0.0039823446 0.0014099611
1209.2583635363708 0.0007417492 0.0015542707
1209.3117523804315 -0.00062773295 5.9072543e-05
1209.3651408773374 0.0009322682 0.0015464952
1209.418529027096 0.0022413991 0.0031716337
1209.4719168297136 0.002511317 0.00011233157
1209.5253042851969 -0.000626902 5.7819016e-05
1209.5786913935526 -9.114656e-05 0.00048691517
1209.6320781547884 0.00078387454 0.0014903293
1209.6854645689098 0.0008900489 0.0014251107
1209.738850635924 0.0023962224 5.844153e-05
1209.7922363558384 0.0038743531 0.0017168719
1209.8456217286594 0.0023847253 1.2768191e-05
1209.8990067543932 0.0034719435 0.004511411
1209.9523914330473 0.0009317505 0.0014859911
1210.005775764628 0.0008446798 0.0015555302
1210.0591597491425 0.0008688332 0.0014853979
1210.112543386597 -0.0006269819 5.9156213e-05
1210.1659266769989 0.002201749 0.0029602011
1210.2193096203546 0.00074232416 0.0014813876
1210.272692216671 0.00086377293 0.0014545056
1210.3260744659544 -0.0006219433 6.050064e-05
1210.3794563682125 -0.0006274772 5.832144e-05
1210.4328379234512 0.0009413711 0.0015638748
1210.4862191316777 -0.00062262634 6.0458467e-05
1210.5395999928987 -0.00062171876 6.035838e-05
1210.592980507121 -0.0006252092 5.9540176e-05
1210.6463606743514 -0.00061894127 6.0953644e-05
1210.6997404945962 -0.00062564964 5.8462825e-05
1210.7531199678629 -0.00061809534 6.192032e-05
1210.8064990941577 -0.0006786951 3.7406528e-06
1210.8598778734877 0.00066005945 0.0014598358
1210.9132563058597 -0.0006238253 5.8987458e-05
1210.9666343912802 -0.0006198339 6.016897e-05
1211.0200121297557 0.0023695512 0.0031474545
1211.0733895212936 0.00077400735 0.0013064997
1211.1267665659004 -0.00035068687 0.00032237978
1211.180143263583 -0.0005402318 1.4884124e-05
1211.233519614348 -0.0003660544 0.00019400739
1211.2868956182022 0.0008291498 0.0015304474
1211.3402712751522 -0.0006174192 6.138681e-05
1211.393646585205 0.00085387693 0.0015804094
1211.4470215483673 0.00075963646 0.0016458365
1211.500396164646 0.00012577538 0.0008214966
1211.5537704340475 0.0018011838 0.0005466284
1211.6071443565788 0.0022944175 0.0030750544
1211.6605179322469 -0.00061747077 6.0923034e-05
1211.713891161058 0.002254537 0.0030044564
1211.7672640430192 0.002744148 0.0005282454
1211.820636578137 0.0008048844 0.0013790998
1211.874008766419 0.0008969598 0.0015054229
1211.927380607871 0.0018016687 0.00038604703
1211.9807521025 0.0007440266 0.0016712947
1212.0341232503129 -0.00061327853 6.099281e-05
1212.0874940513165 0.0046544396 0.0025063825
1212.1408645055176 -0.0006090972 6.2069994e-05
1212.1942346129229 0.00087851105 0.0014691537
1212.247604373539 -0.0006076751 6.2330066e-05
1212.3009737873726 -0.0006102218 6.121908e-05
1212.3543428544308 -0.0006057349 6.306291e-05
1212.40771157472 0.00083120546 0.0015187416
1212.4610799482475 0.0009687909 0.0015256379
1212.5144479750195 0.003051536 0.0023029486
1212.567815655043 0.0015120712 0.002332307
1212.621182988325 0.002614855 0.0001260456
1212.6745499748718 0.0023227176 5.399615e-05
1212.72791661469 0.00072976947 0.0015599481
1212.7812829077873 0.004486439 0.00080736063
1212.8346488541695 0.0023156048 4.5979563e-05
1212.8880144538434 0.0022763633 0.003282183
1212.9413797068166 0.0015123027 0.002205402
1212.994744613095 0.0037414723 0.0014512783
1213.048109172686 0.0039458103 0.0015152629
1213.1014733855961 0.0027420628 8.270063e-05
1213.1548372518316 0.003786263 0.0011960892
1213.2082007714 0.0008851264 0.0015616561
