eg_uma/chi2_results.ecsv
# %ECSV 1.0
# ---
# datatype:
# - {name: Amplitude, datatype: float64}
# - {name: NH, datatype: float64}
# - {name: Chi2, datatype: float64}
# schema: astropy-2.0
Amplitude NH Chi2
[from data line 2874]
-12.90000000000002 14.900000000000013 6.488230863144409
-12.90000000000002 14.950000000000014 6.491279767555547
-12.90000000000002 15.000000000000014 6.494458506983449
-12.90000000000002 15.050000000000015 6.497740179712602
-12.90000000000002 15.100000000000016 6.501089802747603
-12.90000000000002 15.150000000000016 6.504468341301385
-12.90000000000002 15.200000000000017 6.507837737567695
-12.90000000000002 15.250000000000018 6.511166316080994
-12.90000000000002 15.300000000000018 6.514433844332172
-12.90000000000002 15.35000000000002 6.517635490661012
-12.90000000000002 15.40000000000002 6.520783992220241
-12.90000000000002 15.45000000000002 6.523909573933833
-12.90000000000002 15.500000000000021 6.527057547660829
-12.90000000000002 15.550000000000022 6.530283992974077
-12.90000000000002 15.600000000000023 6.53365033804341
-12.90000000000002 15.650000000000023 6.537217876516726
-12.90000000000002 15.700000000000024 6.5410431896933305
-12.90000000000002 15.750000000000025 6.545175109595547
-12.90000000000002 15.800000000000026 6.549653374477362
-12.90000000000002 15.850000000000026 6.554508667253677
-12.90000000000002 15.900000000000027 6.559763449806215
-12.90000000000002 15.950000000000028 6.565432990575166
-12.90000000000002 16.00000000000003 6.571526191612868
-12.90000000000002 16.05000000000003 6.57804612724446
-12.90000000000002 16.10000000000003 6.584990469358262
-12.90000000000002 16.15000000000003 6.592352114431697
-12.90000000000002 16.20000000000003 6.600120345037995
-12.90000000000002 16.250000000000032 6.6082827969156455
-12.90000000000002 16.300000000000033 6.616828398366564
-12.90000000000002 16.350000000000033 6.625751312156469
-12.90000000000002 16.400000000000034 6.635055737878178
-12.90000000000002 16.450000000000035 6.644761229980972
-12.90000000000002 16.500000000000036 6.654907980417374
-12.90000000000002 16.550000000000036 6.66556135498394
-12.90000000000002 16.600000000000037 6.676814921409834
-12.90000000000002 16.650000000000038 6.688791320354725
-12.90000000000002 16.70000000000004 6.701640629820013
-12.90000000000002 16.75000000000004 6.715536324349666
-12.90000000000002 16.80000000000004 6.730669432758278
-12.90000000000002 16.85000000000004 6.747241904656605
-12.90000000000002 16.90000000000004 6.765460359269783
-12.90000000000002 16.950000000000042 6.785531226022644
-12.90000000000002 17.000000000000043 6.807657827660658
-12.90000000000002 17.050000000000043 6.832039361465539
-12.90000000000002 17.100000000000044 6.8588712310978
-12.90000000000002 17.150000000000045 6.888345964236564
-12.90000000000002 17.200000000000045 6.920654076044966
-12.90000000000002 17.250000000000046 6.9559845957619935
-12.90000000000002 17.300000000000047 6.994525357297549
-12.90000000000002 17.350000000000048 7.036463383477551
-12.90000000000002 17.40000000000005 7.081985694698157
-12.90000000000002 17.45000000000005 7.131280677551437
-12.90000000000002 17.50000000000005 7.184539833754652
-12.90000000000002 17.55000000000005 7.241959369407884
-12.90000000000002 17.60000000000005 7.303740750844478
-12.90000000000002 17.650000000000052 7.370089133610179
-12.90000000000002 17.700000000000053 7.441208572001587
-12.90000000000002 17.750000000000053 7.517293236144398
-12.90000000000002 17.800000000000054 7.598514542325743
-12.90000000000002 17.850000000000055 7.685005074588231
-12.90000000000002 17.900000000000055 7.776841246064125
-12.90000000000002 17.950000000000056 7.874027514847088
-12.90000000000002 18.000000000000057 7.976485300159172
-12.90000000000002 18.050000000000058 8.084049300267598
-12.90000000000002 18.10000000000006 8.196472668000515
-12.90000000000002 18.15000000000006 8.313440705489834
-12.90000000000002 18.20000000000006 8.434590880100268
-12.90000000000002 18.25000000000006 8.55953558329968
-12.90000000000002 18.30000000000006 8.687883543550516
-12.90000000000002 18.350000000000062 8.819256257182527
-12.90000000000002 18.400000000000063 8.953297027115648
-12.90000000000002 18.450000000000063 9.089671843185934
-12.90000000000002 18.500000000000064 9.22806299305711
-12.90000000000002 18.550000000000065 9.368157557729878
-12.90000000000002 18.600000000000065 9.509633492529424
-12.90000000000002 18.650000000000066 9.652145713874928
-12.90000000000002 18.700000000000067 9.795313755678679
-12.90000000000002 18.750000000000068 9.938711695356512
-12.90000000000002 18.800000000000068 10.08186075110612
-12.90000000000002 18.85000000000007 10.224225382588829
-12.90000000000002 18.90000000000007 10.365214453925178
-12.90000000000002 18.95000000000007 10.504189267142767
-12.90000000000002 19.00000000000007 10.640479489401445
-12.90000000000002 19.05000000000007 10.77340628433909
-12.95000000000002 14.0 6.9830847583404445
-12.95000000000002 14.05 6.9847494328262965
-12.95000000000002 14.100000000000001 6.986523147330249
-12.95000000000002 14.150000000000002 6.988398131777297
-12.95000000000002 14.200000000000003 6.990366970291183
-12.95000000000002 14.250000000000004 6.992421842763458
-12.95000000000002 14.300000000000004 6.994554195880872
-12.95000000000002 14.350000000000005 6.996754967344423
-12.95000000000002 14.400000000000006 6.9990153913822635
-12.95000000000002 14.450000000000006 7.001328286489998
-12.95000000000002 14.500000000000007 7.00368958005696
-12.95000000000002 14.550000000000008 7.006099698653322
-12.95000000000002 14.600000000000009 7.008564399741394
-12.95000000000002 14.65000000000001 7.011094676863545
-12.95000000000002 14.70000000000001 7.013705535828838
-12.95000000000002 14.75000000000001 7.01641367877818
-12.95000000000002 14.800000000000011 7.019234391011881
-12.95000000000002 14.850000000000012 7.022178141720078
-12.95000000000002 14.900000000000013 7.025247529906795
-12.95000000000002 14.950000000000014 7.0284351952670345
-12.95000000000002 15.000000000000014 7.031723167885309
-12.95000000000002 15.050000000000015 7.035083886711566
-12.95000000000002 15.100000000000016 7.038482838907603
-12.95000000000002 15.150000000000016 7.04188252457996
-12.95000000000002 15.200000000000017 7.045247269693732
-12.95000000000002 15.250000000000018 7.048548292440395
-12.95000000000002 15.300000000000018 7.051768357989797
-12.95000000000002 15.35000000000002 7.054905336738959
-12.95000000000002 15.40000000000002 7.057974050659141
-12.95000000000002 15.45000000000002 7.061005999532889
-12.95000000000002 15.500000000000021 7.064046912275736
-12.95000000000002 15.550000000000022 7.067152503991161
-12.95000000000002 15.600000000000023 7.070383211409509
-12.95000000000002 15.650000000000023 7.073798891372571
-12.95000000000002 15.700000000000024 7.077454412973237
-12.95000000000002 15.750000000000025 7.081396761102223
-12.95000000000002 15.800000000000026 7.085663803308019
-12.95000000000002 15.850000000000026 7.090284420486851
-12.95000000000002 15.900000000000027 7.0952794257715075
-12.95000000000002 15.950000000000028 7.100662676838468
-12.95000000000002 16.00000000000003 7.1064419898215165
-12.95000000000002 16.05000000000003 7.112619762255079
-12.95000000000002 16.10000000000003 7.1191934683639975
-12.95000000000002 16.15000000000003 7.126156323832791
-12.95000000000002 16.20000000000003 7.13349843054264
-12.95000000000002 16.250000000000032 7.141208649105897
-12.95000000000002 16.300000000000033 7.149277346291976
-12.95000000000002 16.350000000000033 7.1577000371307555
-12.95000000000002 16.400000000000034 7.1664817846766855
-12.95000000000002 16.450000000000035 7.175642038045112
-12.95000000000002 16.500000000000036 7.185219405042216
-12.95000000000002 16.550000000000036 7.1952757137694086
-12.95000000000002 16.600000000000037 7.205898673802957
-12.95000000000002 16.650000000000038 7.217202551726938
-12.95000000000002 16.70000000000004 7.229326548462401
-12.95000000000002 16.75000000000004 7.242430976612544
-12.95000000000002 16.80000000000004 7.256691795056927
-12.95000000000002 16.85000000000004 7.272294431190872
-12.95000000000002 16.90000000000004 7.289427972572921
-12.95000000000002 16.950000000000042 7.308280660328373
-12.95000000000002 17.000000000000043 7.329037194574979
-12.95000000000002 17.050000000000043 7.3518778124535435
-12.95000000000002 17.100000000000044 7.376978633534171
-12.95000000000002 17.150000000000045 7.4045125647892185
-12.95000000000002 17.200000000000045 7.434650170271572
-12.95000000000002 17.250000000000046 7.467560237201957
-12.95000000000002 17.300000000000047 7.503410119941803
-12.95000000000002 17.350000000000048 7.542366150261566
-12.95000000000002 17.40000000000005 7.584594401429373
-12.95000000000002 17.45000000000005 7.630261916304164
-12.95000000000002 17.50000000000005 7.679538227728853
-12.95000000000002 17.55000000000005 7.732596682095182
-12.95000000000002 17.60000000000005 7.789614787846213
-12.95000000000002 17.650000000000052 7.850772626311741
-12.95000000000002 17.700000000000053 7.916248375317821
-12.95000000000002 17.750000000000053 7.986210291407413
-12.95000000000002 17.800000000000054 8.060805108203276
-12.95000000000002 17.850000000000055 8.140143676016782
-12.95000000000002 17.900000000000055 8.224285615104455
-12.95000000000002 17.950000000000056 8.313225510490602
-12.95000000000002 18.000000000000057 8.406883444041412
-12.95000000000002 18.050000000000058 8.505102228673373
-12.95000000000002 18.10000000000006 8.607652565569778
-12.95000000000002 18.15000000000006 8.714245725825759
-12.95000000000002 18.20000000000006 8.82455170449791
-12.95000000000002 18.25000000000006 8.938219595670494
-12.95000000000002 18.30000000000006 9.054896530968419
-12.95000000000002 18.350000000000062 9.174241979216289
-12.95000000000002 18.400000000000063 9.295935336868741
-12.95000000000002 18.450000000000063 9.419676222229754
-12.95000000000002 18.500000000000064 9.545178357525801
-12.95000000000002 18.550000000000065 9.672159027753937
-12.95000000000002 18.600000000000065 9.800326558925173
-12.95000000000002 18.650000000000066 9.92936797247814
-12.95000000000002 18.700000000000067 10.058938180126209
-12.95000000000002 18.750000000000068 10.188651296554346
-12.95000000000002 18.800000000000068 10.318074377718705
-12.95000000000002 18.85000000000007 10.446724282077387
-12.95000000000002 18.90000000000007 10.574069010171485
-12.95000000000002 18.95000000000007 10.699535110603906
-12.95000000000002 19.00000000000007 10.82252204969837
-12.95000000000002 19.05000000000007 10.942422922415268
-13.000000000000021 14.0 7.4819952741805915
-13.000000000000021 14.05 7.483906766497125
-13.000000000000021 14.100000000000001 7.485903594438435
-13.000000000000021 14.150000000000002 7.4879828653649465
-13.000000000000021 14.200000000000003 7.490141372175738
-13.000000000000021 14.250000000000004 7.492374757074717
-13.000000000000021 14.300000000000004 7.494677150075646
-13.000000000000021 14.350000000000005 7.497041405932666
-13.000000000000021 14.400000000000006 7.499459958353699
-13.000000000000021 14.450000000000006 7.50192617155151
-13.000000000000021 14.500000000000007 7.50443591919079
-13.000000000000021 14.550000000000008 7.506989005242937
-13.000000000000021 14.600000000000009 7.509590008658718
-13.000000000000021 14.65000000000001 7.512248208933702
-13.000000000000021 14.70000000000001 7.5149764218459865
-13.000000000000021 14.75000000000001 7.517788805921034
-13.000000000000021 14.800000000000011 7.52069794054389
-13.000000000000021 14.850000000000012 7.523711673660361
-13.000000000000021 14.900000000000013 7.526830341922674
-13.000000000000021 14.950000000000014 7.5300449452390845
-13.000000000000021 15.000000000000014 7.533336708227732
-13.000000000000021 15.050000000000015 7.536678219512771
-13.000000000000021 15.100000000000016 7.540036071037047
-13.000000000000021 15.150000000000016 7.543374688274109
-13.000000000000021 15.200000000000017 7.546660882677202
-13.000000000000021 15.250000000000018 7.549868564741627
-13.000000000000021 15.300000000000018 7.552983007316159
-13.000000000000021 15.35000000000002 7.556004041339853
-13.000000000000021 15.40000000000002 7.558947633205186
-13.000000000000021 15.45000000000002 7.561845480682065
-13.000000000000021 15.500000000000021 7.5647425851385055
-13.000000000000021 15.550000000000022 7.567693157495366
-13.000000000000021 15.600000000000023 7.570755580832715
-13.000000000000021 15.650000000000023 7.573987356016788
-13.000000000000021 15.700000000000024 7.577440912755479
-13.000000000000021 15.750000000000025 7.5811608773776635
-13.000000000000021 15.800000000000026 7.585182946105024
-13.000000000000021 15.850000000000026 7.589534078134473
-13.000000000000021 15.900000000000027 7.594233453854677
-13.000000000000021 15.950000000000028 7.5992936222486405
-13.000000000000021 16.00000000000003 7.60472145585825
-13.000000000000021 16.05000000000003 7.6105188194620785
-13.000000000000021 16.10000000000003 7.616683103842971
-13.000000000000021 16.15000000000003 7.623207902408922
-13.000000000000021 16.20000000000003 7.630084118454091
-13.000000000000021 16.250000000000032 7.637301728885476
-13.000000000000021 16.300000000000033 7.64485233429223
-13.000000000000021 16.350000000000033 7.652732507347512
-13.000000000000021 16.400000000000034 7.660947809146424
-13.000000000000021 16.450000000000035 7.6695171792228
-13.000000000000021 16.500000000000036 7.678477240367291
-13.000000000000021 16.550000000000036 7.687885933299815
-13.000000000000021 16.600000000000037 7.697824858575965
-13.000000000000021 16.650000000000038 7.708399798632018
-13.000000000000021 16.70000000000004 7.719739140552916
-13.000000000000021 16.75000000000004 7.7319902933516556
-13.000000000000021 16.80000000000004 7.745314611606911
-13.000000000000021 16.85000000000004 7.759881678498724
-13.000000000000021 16.90000000000004 7.775863940868215
-13.000000000000021 16.950000000000042 7.793432553194579
-13.000000000000021 17.000000000000043 7.812754900668991
-13.000000000000021 17.050000000000043 7.833993766386319
-13.000000000000021 17.100000000000044 7.85730767862816
-13.000000000000021 17.150000000000045 7.88285178662714
-13.000000000000021 17.200000000000045 7.910778715191837
-13.000000000000021 17.250000000000046 7.941239146093288
-13.000000000000021 17.300000000000047 7.974382192132924
-13.000000000000021 17.350000000000048 8.010355816657617
-13.000000000000021 17.40000000000005 8.049307549008239
-13.000000000000021 17.45000000000005 8.0913855856551
-13.000000000000021 17.50000000000005 8.136740114793902
-13.000000000000021 17.55000000000005 8.185524422210824
-13.000000000000021 17.60000000000005 8.237895085199112
-13.000000000000021 17.650000000000052 8.29401040609394
-13.000000000000021 17.700000000000053 8.354026258348899
-13.000000000000021 17.750000000000053 8.418088789766573
-13.000000000000021 17.800000000000054 8.486323978047583
-13.000000000000021 17.850000000000055 8.558824807854046
-13.000000000000021 17.900000000000055 8.635637677493781
-13.000000000000021 17.950000000000056 8.716750303507915
-13.000000000000021 18.000000000000057 8.80208360848506
-13.000000000000021 18.050000000000058 8.891489665815863
-13.000000000000021 18.10000000000006 8.98475672860523
-13.000000000000021 18.15000000000006 9.081620910453577
-13.000000000000021 18.20000000000006 9.181782615352223
-13.000000000000021 18.25000000000006 9.284924769424274
-13.000000000000021 18.30000000000006 9.390729584121468
-13.000000000000021 18.350000000000062 9.498891027264602
-13.000000000000021 18.400000000000063 9.609121218388982
-13.000000000000021 18.450000000000063 9.721150301451402
-13.000000000000021 18.500000000000064 9.834720655708253
-13.000000000000021 18.550000000000065 9.949577272325138
-13.000000000000021 18.600000000000065 10.065456501870855
-13.000000000000021 18.650000000000066 10.182075094667134
-13.000000000000021 18.700000000000067 10.299120726448109
-13.000000000000021 18.750000000000068 10.41624448706159
-13.000000000000021 18.800000000000068 10.533055566602844
-13.000000000000021 18.85000000000007 10.649118725276432
-13.000000000000021 18.90000000000007 10.763955728028307
