eg_uma/chi2_results.ecsv
# %ECSV 1.0
# ---
# datatype:
# - {name: Amplitude, datatype: float64}
# - {name: NH, datatype: float64}
# - {name: Chi2, datatype: float64}
# schema: astropy-2.0
Amplitude NH Chi2
[from data line 2868]
-11.565656565656566 18.060606060606062 221556581421.27762
-11.565656565656566 18.09090909090909 226999469187.96936
-11.565656565656566 18.12121212121212 232714602521.36255
-11.565656565656566 18.151515151515152 238694135247.11075
-11.565656565656566 18.18181818181818 244922443031.51328
-11.565656565656566 18.21212121212121 251373732067.269
-11.565656565656566 18.242424242424242 258009028286.30527
-11.565656565656566 18.272727272727273 264772447018.84988
-11.565656565656566 18.303030303030305 271586677280.7953
-11.565656565656566 18.333333333333332 278347694027.902
-11.565656565656566 18.363636363636363 284918861316.71545
-11.565656565656566 18.393939393939394 291124841028.41174
-11.565656565656566 18.424242424242426 296746107135.1591
-11.565656565656566 18.454545454545453 301515399165.0292
-11.565656565656566 18.484848484848484 305118095539.2205
-11.565656565656566 18.515151515151516 307199110668.787
-11.565656565656566 18.545454545454547 307379219519.5895
-11.565656565656566 18.575757575757574 305283203316.86176
-11.565656565656566 18.606060606060606 300580316843.9869
-11.565656565656566 18.636363636363637 293033968968.6584
-11.565656565656566 18.666666666666668 282552644321.454
-11.565656565656566 18.696969696969695 269229705654.9674
-11.565656565656566 18.727272727272727 253358565228.06183
-11.565656565656566 18.757575757575758 235414130057.69693
-11.565656565656566 18.78787878787879 216001145630.23575
-11.565656565656566 18.81818181818182 195781217251.97107
-11.565656565656566 18.848484848484848 175397223959.74084
-11.565656565656566 18.87878787878788 155412948047.81052
-11.565656565656566 18.90909090909091 136278057676.96877
-11.565656565656566 18.939393939393938 118318763572.65242
-11.565656565656566 18.96969696969697 101747315020.65305
-11.565656565656566 19.0 86681119926.50488
-11.585858585858587 16.0 138077043524.55975
-11.585858585858587 16.03030303030303 138343527516.78098
-11.585858585858587 16.060606060606062 138618649225.7839
-11.585858585858587 16.09090909090909 138902097977.5971
-11.585858585858587 16.12121212121212 139193510456.2434
-11.585858585858587 16.151515151515152 139492478537.76242
-11.585858585858587 16.181818181818183 139798559715.56055
-11.585858585858587 16.21212121212121 140111290555.38248
-11.585858585858587 16.242424242424242 140430203442.50165
-11.585858585858587 16.272727272727273 140754846695.38235
-11.585858585858587 16.303030303030305 141084807914.17972
-11.585858585858587 16.333333333333332 141419740205.871
-11.585858585858587 16.363636363636363 141759390683.23624
-11.585858585858587 16.393939393939394 142103630382.54544
-11.585858585858587 16.424242424242426 142452484502.2256
-11.585858585858587 16.454545454545453 142806161655.30856
-11.585858585858587 16.484848484848484 143165080678.6349
-11.585858585858587 16.515151515151516 143529893478.1337
-11.585858585858587 16.545454545454547 143901502434.89114
-11.585858585858587 16.575757575757574 144281071067.00348
-11.585858585858587 16.606060606060606 144670026943.276
-11.585858585858587 16.636363636363637 145070056270.55762
-11.585858585858587 16.666666666666668 145483090107.39755
-11.585858585858587 16.696969696969695 145911282759.13794
-11.585858585858587 16.727272727272727 146356983535.70557
-11.585858585858587 16.757575757575758 146822703642.6605
-11.585858585858587 16.78787878787879 147311080459.24515
-11.585858585858587 16.818181818181817 147824841764.08008
-11.585858585858587 16.848484848484848 148366772540.26157
-11.585858585858587 16.87878787878788 148939686791.7619
-11.585858585858587 16.90909090909091 149546406334.0547
-11.585858585858587 16.939393939393938 150189747830.03412
-11.585858585858587 16.96969696969697 150872518516.84024
-11.585858585858587 17.0 151597520230.37485
-11.585858585858587 17.03030303030303 152367560611.8075
-11.585858585858587 17.060606060606062 153185469886.71878
-11.585858585858587 17.09090909090909 154054121412.8506
-11.585858585858587 17.12121212121212 154976454308.16394
-11.585858585858587 17.151515151515152 155955496847.62537
-11.585858585858587 17.181818181818183 156994389858.09845
-11.585858585858587 17.21212121212121 158096409927.15262
-11.585858585858587 17.242424242424242 159264992762.16696
-11.585858585858587 17.272727272727273 160503757410.92426
-11.585858585858587 17.303030303030305 161816532247.2238
-11.585858585858587 17.333333333333332 163207383638.42126
-11.585858585858587 17.363636363636363 164680648076.06866
-11.585858585858587 17.393939393939394 166240968304.11783
-11.585858585858587 17.424242424242426 167893333653.22186
-11.585858585858587 17.454545454545453 169643124402.90726
-11.585858585858587 17.484848484848484 171496159552.04196
-11.585858585858587 17.515151515151516 173458746882.69693
-11.585858585858587 17.545454545454547 175537733656.105
-11.585858585858587 17.575757575757574 177740555693.12073
-11.585858585858587 17.606060606060606 180075281987.17587
-11.585858585858587 17.636363636363637 182550651405.57715
-11.585858585858587 17.666666666666668 185176097488.25827
-11.585858585858587 17.696969696969695 187961756878.4127
-11.585858585858587 17.727272727272727 190918456525.85785
-11.585858585858587 17.757575757575758 194057674471.47092
-11.585858585858587 17.78787878787879 197391468690.85776
-11.585858585858587 17.81818181818182 200932368043.36234
-11.585858585858587 17.848484848484848 204693218685.62482
-11.585858585858587 17.87878787878788 208686978163.9592
-11.585858585858587 17.90909090909091 212926447543.319
-11.585858585858587 17.939393939393938 217423929060.10593
-11.585858585858587 17.96969696969697 222190792556.404
-11.585858585858587 18.0 227236927994.31586
-11.585858585858587 18.03030303030303 232570053303.00543
-11.585858585858587 18.060606060606062 238194836399.5912
-11.585858585858587 18.09090909090909 244111777361.87936
-11.585858585858587 18.12121212121212 250315781700.80035
-11.585858585858587 18.151515151515152 256794339422.7738
-11.585858585858587 18.18181818181818 263525209126.50534
-11.585858585858587 18.21212121212121 270473495568.7032
-11.585858585858587 18.242424242424242 277588009574.068
-11.585858585858587 18.272727272727273 284796821634.2913
-11.585858585858587 18.303030303030305 292001981607.819
-11.585858585858587 18.333333333333332 299073500377.37836
-11.585858585858587 18.363636363636363 305842906144.8301
-11.585858585858587 18.393939393939394 312097032567.39
-11.585858585858587 18.424242424242426 317573193692.15643
-11.585858585858587 18.454545454545453 321957541968.9157
-11.585858585858587 18.484848484848484 324889099854.3934
-11.585858585858587 18.515151515151516 325972469380.0646
-11.585858585858587 18.545454545454547 324802132181.0655
-11.585858585858587 18.575757575757574 320999970355.32916
-11.585858585858587 18.606060606060606 314264645170.12177
-11.585858585858587 18.636363636363637 304426789629.21625
-11.585858585858587 18.666666666666668 291498765404.08704
-11.585858585858587 18.696969696969695 275704503721.01154
-11.585858585858587 18.727272727272727 257476636913.28754
-11.585858585858587 18.757575757575758 237416051784.96466
-11.585858585858587 18.78787878787879 216220916182.3715
-11.585858585858587 18.81818181818182 194602671208.98126
-11.585858585858587 18.848484848484848 173209993636.48645
-11.585858585858587 18.87878787878788 152576738523.53986
-11.585858585858587 18.90909090909091 133099668460.47754
-11.585858585858587 18.939393939393938 115041883569.28944
-11.585858585858587 18.96969696969697 98552315236.47739
-11.585858585858587 19.0 83691190109.76035
-11.606060606060606 16.0 147305795148.03644
-11.606060606060606 16.03030303030303 147594787902.8614
-11.606060606060606 16.060606060606062 147893153958.2812
-11.606060606060606 16.09090909090909 148200556720.93933
-11.606060606060606 16.12121212121212 148516602519.83112
-11.606060606060606 16.151515151515152 148840849131.43234
-11.606060606060606 16.181818181818183 149172817125.0857
-11.606060606060606 16.21212121212121 149512004504.24884
-11.606060606060606 16.242424242424242 149857904927.61996
-11.606060606060606 16.272727272727273 150210029588.57535
-11.606060606060606 16.303030303030305 150567932606.57883
-11.606060606060606 16.333333333333332 150931239537.04092
-11.606060606060606 16.363636363636363 151299678339.70535
-11.606060606060606 16.393939393939394 151673111871.4616
-11.606060606060606 16.424242424242426 152051570706.9318
-11.606060606060606 16.454545454545453 152435284864.82626
-11.606060606060606 16.484848484848484 152824712858.7581
-11.606060606060606 16.515151515151516 153220566426.41846
-11.606060606060606 16.545454545454547 153623829344.938
-11.606060606060606 16.575757575757574 154035768929.10535
-11.606060606060606 16.606060606060606 154457939138.2367
-11.606060606060606 16.636363636363637 154892174679.39456
-11.606060606060606 16.666666666666668 155340576067.86484
-11.606060606060606 16.696969696969695 155805486254.1871
-11.606060606060606 16.727272727272727 156289460099.75378
-11.606060606060606 16.757575757575758 156795228615.7605
-11.606060606060606 16.78787878787879 157325660399.37216
-11.606060606060606 16.818181818181817 157883723031.235
-11.606060606060606 16.848484848484848 158472447275.67346
-11.606060606060606 16.87878787878788 159094896710.5769
-11.606060606060606 16.90909090909091 159754144909.25598
-11.606060606060606 16.939393939393938 160453261550.58752
-11.606060606060606 16.96969696969697 161195307942.47815
-11.606060606060606 17.0 161983341536.84387
-11.606060606060606 17.03030303030303 162820428232.3541
-11.606060606060606 17.060606060606062 163709660726.21338
-11.606060606060606 17.09090909090909 164654180964.6325
-11.606060606060606 17.12121212121212 165657204866.20248
-11.606060606060606 17.151515151515152 166722047899.94107
-11.606060606060606 17.181818181818183 167852150685.71823
-11.606060606060606 17.21212121212121 169051104420.43002
-11.606060606060606 17.242424242424242 170322676497.90204
-11.606060606060606 17.272727272727273 171670837097.2069
-11.606060606060606 17.303030303030305 173099787722.6891
-11.606060606060606 17.333333333333332 174613992692.8172
-11.606060606060606 17.363636363636363 176218214425.79846
-11.606060606060606 17.393939393939394 177917553098.31442
-11.606060606060606 17.424242424242426 179717490893.37714
-11.606060606060606 17.454545454545453 181623940623.11154
-11.606060606060606 17.484848484848484 183643298017.9543
-11.606060606060606 17.515151515151516 185782496414.82092
-11.606060606060606 17.545454545454547 188049061955.24112
-11.606060606060606 17.575757575757574 190451166731.267
-11.606060606060606 17.606060606060606 192997676614.57104
-11.606060606060606 17.636363636363637 195698189804.11096
-11.606060606060606 17.666666666666668 198563061463.94775
-11.606060606060606 17.696969696969695 201603409220.92047
-11.606060606060606 17.727272727272727 204831093756.6693
-11.606060606060606 17.757575757575758 208258668230.7878
-11.606060606060606 17.78787878787879 211899289737.9339
-11.606060606060606 17.81818181818182 215766585306.02585
-11.606060606060606 17.848484848484848 219874463904.90585
-11.606060606060606 17.87878787878788 224236864319.1689
-11.606060606060606 17.90909090909091 228867426254.57758
-11.606060606060606 17.939393939393938 233779068352.14575
-11.606060606060606 17.96969696969697 238983451493.02557
-11.606060606060606 18.0 244490298489.7179
-11.606060606060606 18.03030303030303 250306531610.51556
-11.606060606060606 18.060606060606062 256435177143.76633
-11.606060606060606 18.09090909090909 262873971441.78098
-11.606060606060606 18.12121212121212 269613586211.5941
-11.606060606060606 18.151515151515152 276635373823.8306
-11.606060606060606 18.18181818181818 283908519259.98315
-11.606060606060606 18.21212121212121 291386479692.30554
-11.606060606060606 18.242424242424242 299002605075.365
-11.606060606060606 18.272727272727273 306664878444.0399
-11.606060606060606 18.303030303030305 314249814863.9716
-11.606060606060606 18.333333333333332 321595743025.16895
-11.606060606060606 18.363636363636363 328495998910.2742
-11.606060606060606 18.393939393939394 334693019490.65564
-11.606060606060606 18.424242424242426 339874944963.47327
-11.606060606060606 18.454545454545453 343677066795.27893
-11.606060606060606 18.484848484848484 345691120619.86945
-11.606060606060606 18.515151515151516 345485659678.5526
-11.606060606060606 18.545454545454547 342640002091.598
-11.606060606060606 18.575757575757574 336791907612.62274
-11.606060606060606 18.606060606060606 327694909942.38525
-11.606060606060606 18.636363636363637 315275734442.1393
-11.606060606060606 18.666666666666668 299677487716.20306
-11.606060606060606 18.696969696969695 281273386461.7235
-11.606060606060606 18.727272727272727 260641170441.53558
-11.606060606060606 18.757575757575758 238499566484.4133
-11.606060606060606 18.78787878787879 215620855306.24738
-11.606060606060606 18.81818181818182 192741460340.75897
-11.606060606060606 18.848484848484848 170491493656.35486
-11.606060606060606 18.87878787878788 149355397486.10785
-11.606060606060606 18.90909090909091 129664312964.25322
-11.606060606060606 18.939393939393938 111612033768.97441
-11.606060606060606 18.96969696969697 95283031328.16144
-11.606060606060606 19.0 80682463990.35783
-11.626262626262626 16.0 157303837676.57602
-11.626262626262626 16.03030303030303 157617792388.3468
-11.626262626262626 16.060606060606062 157941936447.3501
-11.626262626262626 16.09090909090909 158275904500.17453
-11.626262626262626 16.12121212121212 158619269200.01505
-11.626262626262626 16.151515151515152 158971550504.35248
-11.626262626262626 16.181818181818183 159332228048.44446
-11.626262626262626 16.21212121212121 159700757111.58295
-11.626262626262626 16.242424242424242 160076588483.6688
-11.626262626262626 16.272727272727273 160459192314.714
-11.626262626262626 16.303030303030305 160848085783.8948
-11.626262626262626 16.333333333333332 161242864154.48508
-11.626262626262626 16.363636363636363 161643234490.19962
-11.626262626262626 16.393939393939394 162049051010.0327
-11.626262626262626 16.424242424242426 162460350774.0965
-11.626262626262626 16.454545454545453 162877388150.3585
-11.626262626262626 16.484848484848484 163300666342.9467
-11.626262626262626 16.515151515151516 163730964197.44867
-11.626262626262626 16.545454545454547 164169356562.87457
-11.626262626262626 16.575757575757574 164617226700.1623
-11.626262626262626 16.606060606060606 165076269587.82776
-11.626262626262626 16.636363636363637 165548485477.4359
-11.626262626262626 16.666666666666668 166036163671.24756
-11.626262626262626 16.696969696969695 166541857192.84927
-11.626262626262626 16.727272727272727 167068349744.77927
-11.626262626262626 16.757575757575758 167618617026.9538
-11.626262626262626 16.78787878787879 168195785047.64984
-11.626262626262626 16.818181818181817 168803088414.4354
-11.626262626262626 16.848484848484848 169443831676.3604
-11.626262626262626 16.87878787878788 170121356558.68286
-11.626262626262626 16.90909090909091 170839017387.68146
-11.626262626262626 16.939393939393938 171600166197.88428
-11.626262626262626 16.96969696969697 172408148050.43936
-11.626262626262626 17.0 173266306109.63422
-11.626262626262626 17.03030303030303 174177995177.00293
-11.626262626262626 17.060606060606062 175146601801.7651
-11.626262626262626 17.09090909090909 176175568855.88632
-11.626262626262626 17.12121212121212 177268422596.24258
-11.626262626262626 17.151515151515152 178428800677.92914
-11.626262626262626 17.181818181818183 179660480218.36746
-11.626262626262626 17.21212121212121 180967405701.9528
-11.626262626262626 17.242424242424242 182353717128.2869
-11.626262626262626 17.272727272727273 183823779248.9555
-11.626262626262626 17.303030303030305 185382212964.23953
-11.626262626262626 17.333333333333332 187033929965.1039
-11.626262626262626 17.363636363636363 188784171541.05637
-11.626262626262626 17.393939393939394 190638552174.26178
-11.626262626262626 17.424242424242426 192603108140.09503
-11.626262626262626 17.454545454545453 194684350853.50717
