eg_uma/chi2_results.ecsv
# %ECSV 1.0
# ---
# datatype:
# - {name: Amplitude, datatype: float64}
# - {name: NH, datatype: float64}
# - {name: Chi2, datatype: float64}
# schema: astropy-2.0
Amplitude NH Chi2
[from data line 1744]
-12.350000000000012 14.500000000000007 2.0086906871326575
-12.350000000000012 14.550000000000008 1.9686866178090516
-12.350000000000012 14.600000000000009 1.928989149718107
-12.350000000000012 14.65000000000001 1.8897055386761306
-12.350000000000012 14.70000000000001 1.8509638691120858
-12.350000000000012 14.75000000000001 1.812919685623077
-12.350000000000012 14.800000000000011 1.7757616319224416
-12.350000000000012 14.850000000000012 1.739712941891496
-12.350000000000012 14.900000000000013 1.705026371519509
-12.350000000000012 14.950000000000014 1.671971414810005
-12.350000000000012 15.000000000000014 1.640814445540999
-12.350000000000012 15.050000000000015 1.6117944158816617
-12.350000000000012 15.100000000000016 1.5850982225214207
-12.350000000000012 15.150000000000016 1.5608401679706663
-12.350000000000012 15.200000000000017 1.5390489256002513
-12.350000000000012 15.250000000000018 1.5196635067452557
-12.350000000000012 15.300000000000018 1.502537739707363
-12.350000000000012 15.35000000000002 1.4874514422869312
-12.350000000000012 15.40000000000002 1.4741261225221538
-12.350000000000012 15.45000000000002 1.462243490630689
-12.350000000000012 15.500000000000021 1.451465758131763
-12.350000000000012 15.550000000000022 1.4414570129814925
-12.350000000000012 15.600000000000023 1.4319045477569228
-12.350000000000012 15.650000000000023 1.4225380869462732
-12.350000000000012 15.700000000000024 1.413144128314912
-12.350000000000012 15.750000000000025 1.403572871234504
-12.350000000000012 15.800000000000026 1.3937366981305876
-12.350000000000012 15.850000000000026 1.3836013147562025
-12.350000000000012 15.900000000000027 1.373172356924807
-12.350000000000012 15.950000000000028 1.3624807099310539
-12.350000000000012 16.00000000000003 1.3515689507185427
-12.350000000000012 16.05000000000003 1.3404799327441268
-12.350000000000012 16.10000000000003 1.3292474510251595
-12.350000000000012 16.15000000000003 1.317888585403266
-12.350000000000012 16.20000000000003 1.306397603359684
-12.350000000000012 16.250000000000032 1.2947418032754594
-12.350000000000012 16.300000000000033 1.2828600331728157
-12.350000000000012 16.350000000000033 1.2706646548626597
-12.350000000000012 16.400000000000034 1.258047421897408
-12.350000000000012 16.450000000000035 1.2448891755426692
-12.350000000000012 16.500000000000036 1.2310725748099587
-12.350000000000012 16.550000000000036 1.2164964582276419
-12.350000000000012 16.600000000000037 1.2010900959667588
-12.350000000000012 16.650000000000038 1.184825677903475
-12.350000000000012 16.70000000000004 1.1677278972341172
-12.350000000000012 16.75000000000004 1.1498802553842566
-12.350000000000012 16.80000000000004 1.131428443889675
-12.350000000000012 16.85000000000004 1.112581590129086
-12.350000000000012 16.90000000000004 1.0936121832909693
-12.350000000000012 16.950000000000042 1.0748552163947107
-12.350000000000012 17.000000000000043 1.0567066895414112
-12.350000000000012 17.050000000000043 1.0396212989151956
-12.350000000000012 17.100000000000044 1.0241089826489937
-12.350000000000012 17.150000000000045 1.0107300495040925
-12.350000000000012 17.200000000000045 1.0000889037563023
-12.350000000000012 17.250000000000046 0.9928268875008902
-12.350000000000012 17.300000000000047 0.9896153846622935
-12.350000000000012 17.350000000000048 0.991150858956986
-12.350000000000012 17.40000000000005 0.998153677027663
-12.350000000000012 17.45000000000005 1.011372189877914
-12.350000000000012 17.50000000000005 1.0315925148888148
-12.350000000000012 17.55000000000005 1.0596528370948302
-12.350000000000012 17.60000000000005 1.096459084481301
-12.350000000000012 17.650000000000052 1.1429969831831834
-12.350000000000012 17.700000000000053 1.2003343590818423
-12.350000000000012 17.750000000000053 1.2696076976184911
-12.350000000000012 17.800000000000054 1.3519887501887244
-12.350000000000012 17.850000000000055 1.4486303306001143
-12.350000000000012 17.900000000000055 1.560594873835014
-12.350000000000012 17.950000000000056 1.6887739508230006
-12.350000000000012 18.000000000000057 1.8338106446288343
-12.350000000000012 18.050000000000058 1.9960383648043738
-12.350000000000012 18.10000000000006 2.175448415792398
-12.350000000000012 18.15000000000006 2.371694167622677
-12.350000000000012 18.20000000000006 2.5841327068296702
-12.350000000000012 18.25000000000006 2.81189708052225
-12.350000000000012 18.30000000000006 3.0539858676880227
-12.350000000000012 18.350000000000062 3.3093536017233034
-12.350000000000012 18.400000000000063 3.5769862487607536
-12.350000000000012 18.450000000000063 3.8559500739447925
-12.350000000000012 18.500000000000064 4.1454084905139945
-12.350000000000012 18.550000000000065 4.44460808343779
-12.350000000000012 18.600000000000065 4.752840083106449
-12.350000000000012 18.650000000000066 5.069385906754217
-12.350000000000012 18.700000000000067 5.393455069816991
-12.350000000000012 18.750000000000068 5.724122283126106
-12.350000000000012 18.800000000000068 6.0602698460486755
-12.350000000000012 18.85000000000007 6.400542421705815
-12.350000000000012 18.90000000000007 6.743322893453888
-12.350000000000012 18.95000000000007 7.086737906310349
-12.350000000000012 19.00000000000007 7.428698100787105
-12.350000000000012 19.05000000000007 7.766971316562763
-12.400000000000013 14.0 1.9954948014881062
-12.400000000000013 14.05 1.9614907245292261
-12.400000000000013 14.100000000000001 1.9289785885870003
-12.400000000000013 14.150000000000002 1.8975546706416337
-12.400000000000013 14.200000000000003 1.86687528510759
-12.400000000000013 14.250000000000004 1.8366690441627627
-12.400000000000013 14.300000000000004 1.8067420614512035
-12.400000000000013 14.350000000000005 1.7769752873481666
-12.400000000000013 14.400000000000006 1.7473146527912005
-12.400000000000013 14.450000000000006 1.717756622746554
-12.400000000000013 14.500000000000007 1.68833307237467
-12.400000000000013 14.550000000000008 1.659099265055424
-12.400000000000013 14.600000000000009 1.6301271572184821
-12.400000000000013 14.65000000000001 1.6015041228908928
-12.400000000000013 14.70000000000001 1.5733354711477843
-12.400000000000013 14.75000000000001 1.5457483047524572
-12.400000000000013 14.800000000000011 1.5188942118028785
-12.400000000000013 14.850000000000012 1.4929486500228655
-12.400000000000013 14.900000000000013 1.4681055120954531
-12.400000000000013 14.950000000000014 1.4445663100341997
-12.400000000000013 15.000000000000014 1.4225247117728166
-12.400000000000013 15.050000000000015 1.4021485528060846
-12.400000000000013 15.100000000000016 1.3835624297575584
-12.400000000000013 15.150000000000016 1.3668340966731953
-12.400000000000013 15.200000000000017 1.3519670148402603
-12.400000000000013 15.250000000000018 1.3388998911213312
-12.400000000000013 15.300000000000018 1.3275124886826548
-12.400000000000013 15.35000000000002 1.3176359719384485
-12.400000000000013 15.40000000000002 1.3090658190250404
-12.400000000000013 15.45000000000002 1.3015757834177386
-12.400000000000013 15.500000000000021 1.2949320963338322
-12.400000000000013 15.550000000000022 1.2889075642885484
-12.400000000000013 15.600000000000023 1.2832951044525558
-12.400000000000013 15.650000000000023 1.277919660473713
-12.400000000000013 15.700000000000024 1.272646856618801
-12.400000000000013 15.750000000000025 1.2673867833641073
-12.400000000000013 15.800000000000026 1.2620922051118542
-12.400000000000013 15.850000000000026 1.256751878056492
-12.400000000000013 15.900000000000027 1.2513808204815653
-12.400000000000013 15.950000000000028 1.24600970202904
-12.400000000000013 16.00000000000003 1.2406749860641768
-12.400000000000013 16.05000000000003 1.235410554445378
-12.400000000000013 16.10000000000003 1.230240851230881
-12.400000000000013 16.15000000000003 1.2251753922082433
-12.400000000000013 16.20000000000003 1.220204709837761
-12.400000000000013 16.250000000000032 1.2152981514849222
-12.400000000000013 16.300000000000033 1.2104041667001653
-12.400000000000013 16.350000000000033 1.2054536802823859
-12.400000000000013 16.400000000000034 1.2003668373563516
-12.400000000000013 16.450000000000035 1.1950628829141867
-12.400000000000013 16.500000000000036 1.1894723190482968
-12.400000000000013 16.550000000000036 1.1835499388823036
-12.400000000000013 16.600000000000037 1.1772870553454575
-12.400000000000013 16.650000000000038 1.17072136286904
-12.400000000000013 16.70000000000004 1.1639434021844075
-12.400000000000013 16.75000000000004 1.157099393718584
-12.400000000000013 16.80000000000004 1.1503909976857805
-12.400000000000013 16.85000000000004 1.14407307975755
-12.400000000000013 16.90000000000004 1.1384506616676549
-12.400000000000013 16.950000000000042 1.1338759453789675
-12.400000000000013 17.000000000000043 1.130745784345077
-12.400000000000013 17.050000000000043 1.1294994478724762
-12.400000000000013 17.100000000000044 1.1306161676924205
-12.400000000000013 17.150000000000045 1.1346118932383495
-12.400000000000013 17.200000000000045 1.142034959304666
-12.400000000000013 17.250000000000046 1.1534609249035308
-12.400000000000013 17.300000000000047 1.1694874970387046
-12.400000000000013 17.350000000000048 1.1907309619564395
-12.400000000000013 17.40000000000005 1.2178256823193099
-12.400000000000013 17.45000000000005 1.2514278393326657
-12.400000000000013 17.50000000000005 1.2922236682826702
-12.400000000000013 17.55000000000005 1.3409410354922946
-12.400000000000013 17.60000000000005 1.398361559586797
-12.400000000000013 17.650000000000052 1.4653289764481283
-12.400000000000013 17.700000000000053 1.5427485859605106
-12.400000000000013 17.750000000000053 1.631572881572928
-12.400000000000013 17.800000000000054 1.7327701323052485
-12.400000000000013 17.850000000000055 1.8472756898583003
-12.400000000000013 17.900000000000055 1.9759296555212762
-12.400000000000013 17.950000000000056 2.1194084515829323
-12.400000000000013 18.000000000000057 2.2781608075629984
-12.400000000000013 18.050000000000058 2.4523597228459466
-12.400000000000013 18.10000000000006 2.6418804172579184
-12.400000000000013 18.15000000000006 2.846310043113424
-12.400000000000013 18.20000000000006 3.0649887701613
-12.400000000000013 18.25000000000006 3.2970753213402686
-12.400000000000013 18.30000000000006 3.541624968447052
-12.400000000000013 18.350000000000062 3.79766578591876
-12.400000000000013 18.400000000000063 4.064260062680361
-12.400000000000013 18.450000000000063 4.340541680840962
-12.400000000000013 18.500000000000064 4.62572579906988
-12.400000000000013 18.550000000000065 4.919092773418575
-12.400000000000013 18.600000000000065 5.219952355022843
-12.400000000000013 18.650000000000066 5.527595841135784
-12.400000000000013 18.700000000000067 5.841243207230855
-12.400000000000013 18.750000000000068 6.1599907101725515
-12.400000000000013 18.800000000000068 6.482763775814174
-12.400000000000013 18.85000000000007 6.808280928675174
-12.400000000000013 18.90000000000007 7.135036089308525
-12.400000000000013 18.95000000000007 7.461306612083974
-12.400000000000013 19.00000000000007 7.785191340512271
-12.400000000000013 19.05000000000007 8.104677047101376
-12.450000000000014 14.0 1.9247471673310816
-12.450000000000014 14.05 1.8998273094230924
-12.450000000000014 14.100000000000001 1.8760880080858393
-12.450000000000014 14.150000000000002 1.8532202102999356
-12.450000000000014 14.200000000000003 1.8309604384565075
-12.450000000000014 14.250000000000004 1.8090996995620592
-12.450000000000014 14.300000000000004 1.7874872632246954
-12.450000000000014 14.350000000000005 1.7660287537059542
-12.450000000000014 14.400000000000006 1.7446790815073017
-12.450000000000014 14.450000000000006 1.7234321342194399
-12.450000000000014 14.500000000000007 1.7023100685685348
-12.450000000000014 14.550000000000008 1.6813548840437273
-12.450000000000014 14.600000000000009 1.660623757665689
-12.450000000000014 14.65000000000001 1.6401880339716568
-12.450000000000014 14.70000000000001 1.620134542913852
-12.450000000000014 14.75000000000001 1.6005674091210993
-12.450000000000014 14.800000000000011 1.5816085968125806
-12.450000000000014 14.850000000000012 1.563395816388068
-12.450000000000014 14.900000000000013 1.5460769517787742
-12.450000000000014 14.950000000000014 1.529800880294121
-12.450000000000014 15.000000000000014 1.5147054663764101
-12.450000000000014 15.050000000000015 1.5009044448592728
-12.450000000000014 15.100000000000016 1.488475520492987
-12.450000000000014 15.150000000000016 1.4774519781059194
-12.450000000000014 15.200000000000017 1.4678193527797767
-12.450000000000014 15.250000000000018 1.459517506746905
-12.450000000000014 15.300000000000018 1.4524472529421402
-12.450000000000014 15.35000000000002 1.4464798826784833
-12.450000000000014 15.40000000000002 1.4414678153724787
-12.450000000000014 15.45000000000002 1.4372550265037967
-12.450000000000014 15.500000000000021 1.4336866162120137
-12.450000000000014 15.550000000000022 1.4306174394063764
-12.450000000000014 15.600000000000023 1.4279198214845346
-12.450000000000014 15.650000000000023 1.4254900315144305
-12.450000000000014 15.700000000000024 1.4232527165657765
-12.450000000000014 15.750000000000025 1.4211623777412894
-12.450000000000014 15.800000000000026 1.4192014241936144
-12.450000000000014 15.850000000000026 1.4173751820658587
-12.450000000000014 15.900000000000027 1.4157049760135971
-12.450000000000014 15.950000000000028 1.4142206370324184
-12.450000000000014 16.00000000000003 1.4129534848436434
-12.450000000000014 16.05000000000003 1.4119302920780084
-12.450000000000014 16.10000000000003 1.4111683360909093
-12.450000000000014 16.15000000000003 1.4106715648937913
-12.450000000000014 16.20000000000003 1.4104280785114014
-12.450000000000014 16.250000000000032 1.4104093604746952
-12.450000000000014 16.300000000000033 1.4105718107044132
-12.450000000000014 16.350000000000033 1.410861040566732
-12.450000000000014 16.400000000000034 1.411219080963351
-12.450000000000014 16.450000000000035 1.4115941708585755
-12.450000000000014 16.500000000000036 1.4119522370849389
-12.450000000000014 16.550000000000036 1.4122886967105366
-12.450000000000014 16.600000000000037 1.4126389798740808
-12.450000000000014 16.650000000000038 1.4130863115838033
-12.450000000000014 16.70000000000004 1.4137658239665334
-12.450000000000014 16.75000000000004 1.4148648686464833
-12.450000000000014 16.80000000000004 1.4166202181721463
-12.450000000000014 16.85000000000004 1.4193134179652076
-12.450000000000014 16.90000000000004 1.423265698735093
-12.450000000000014 16.950000000000042 1.4288335678791861
-12.450000000000014 17.000000000000043 1.436405606711344
-12.450000000000014 17.050000000000043 1.4464003381791408
-12.450000000000014 17.100000000000044 1.4592645367562473
-12.450000000000014 17.150000000000045 1.4754712078364118
-12.450000000000014 17.200000000000045 1.4955167276697092
-12.450000000000014 17.250000000000046 1.5199172111070958
-12.450000000000014 17.300000000000047 1.549204837206574
-12.450000000000014 17.350000000000048 1.5839253466772905
-12.450000000000014 17.40000000000005 1.6246380274834122
-12.450000000000014 17.45000000000005 1.6719191330600673
-12.450000000000014 17.50000000000005 1.7263688388273288
-12.450000000000014 17.55000000000005 1.7886206315381388
-12.450000000000014 17.60000000000005 1.8593506433701728
-12.450000000000014 17.650000000000052 1.9392832172916408
-12.450000000000014 17.700000000000053 2.029188345101409
-12.450000000000014 17.750000000000053 2.1298669598422486
-12.450000000000014 17.800000000000054 2.242121619146914
-12.450000000000014 17.850000000000055 2.3667128026863704
-12.450000000000014 17.900000000000055 2.5043044213298313
-12.450000000000014 17.950000000000056 2.6554054545182093
-12.450000000000014 18.000000000000057 2.8203170034394973
-12.450000000000014 18.050000000000058 2.999094636366373
-12.450000000000014 18.10000000000006 3.191534182419668
-12.450000000000014 18.15000000000006 3.3971851493653245
-12.450000000000014 18.20000000000006 3.615390488952014
