eg_uma/chi2_results.ecsv
# %ECSV 1.0
# ---
# datatype:
# - {name: Amplitude, datatype: float64}
# - {name: NH, datatype: float64}
# - {name: Chi2, datatype: float64}
# schema: astropy-2.0
Amplitude NH Chi2
[from data line 7404]
-12.494949494949495 16.12121212121212 1284246625183.531
-12.494949494949495 16.151515151515152 1283191925546.1719
-12.494949494949495 16.181818181818183 1282011690589.1343
-12.494949494949495 16.21212121212121 1280703914757.498
-12.494949494949495 16.242424242424242 1279268719919.746
-12.494949494949495 16.272727272727273 1277708632103.034
-12.494949494949495 16.303030303030305 1276028773458.927
-12.494949494949495 16.333333333333332 1274236929768.9822
-12.494949494949495 16.363636363636363 1272343453706.3572
-12.494949494949495 16.393939393939394 1270360969389.1868
-12.494949494949495 16.424242424242426 1268303855781.0378
-12.494949494949495 16.454545454545453 1266187505616.49
-12.494949494949495 16.484848484848484 1264027381724.4246
-12.494949494949495 16.515151515151516 1261837921061.9204
-12.494949494949495 16.545454545454547 1259631363906.1904
-12.494949494949495 16.575757575757574 1257416605883.111
-12.494949494949495 16.606060606060606 1255198178471.762
-12.494949494949495 16.636363636363637 1252975455768.3616
-12.494949494949495 16.666666666666668 1250742161264.3901
-12.494949494949495 16.696969696969695 1248486211598.815
-12.494949494949495 16.727272727272727 1246189891265.4287
-12.494949494949495 16.757575757575758 1243830311202.4265
-12.494949494949495 16.78787878787879 1241380072539.1409
-12.494949494949495 16.818181818181817 1238808039480.4077
-12.494949494949495 16.848484848484848 1236080123833.848
-12.494949494949495 16.87878787878788 1233159996161.6636
-12.494949494949495 16.90909090909091 1230009660826.7957
-12.494949494949495 16.939393939393938 1226589859307.326
-12.494949494949495 16.96969696969697 1222860293454.6191
-12.494949494949495 17.0 1218779684366.0864
-12.494949494949495 17.03030303030303 1214305701049.8733
-12.494949494949495 17.060606060606062 1209394805068.4563
-12.494949494949495 17.09090909090909 1204002062760.5527
-12.494949494949495 17.12121212121212 1198080976033.2786
-12.494949494949495 17.151515151515152 1191583377185.5608
-12.494949494949495 17.181818181818183 1184459424235.3672
-12.494949494949495 17.21212121212121 1176657722398.2664
-12.494949494949495 17.242424242424242 1168125586186.4695
-12.494949494949495 17.272727272727273 1158809446114.6714
-12.494949494949495 17.303030303030305 1148655394644.2578
-12.494949494949495 17.333333333333332 1137609857617.7397
-12.494949494949495 17.363636363636363 1125620369547.177
-12.494949494949495 17.393939393939394 1112636423312.4197
-12.494949494949495 17.424242424242426 1098610357170.8564
-12.494949494949495 17.454545454545453 1083498235329.9569
-12.494949494949495 17.484848484848484 1067260674384.8978
-12.494949494949495 17.515151515151516 1049863569023.0837
-12.494949494949495 17.545454545454547 1031278679051.5522
-12.494949494949495 17.575757575757574 1011484057909.9592
-12.494949494949495 17.606060606060606 990464330712.6874
-12.494949494949495 17.636363636363637 968210865300.865
-12.494949494949495 17.666666666666668 944721917411.9181
-12.494949494949495 17.696969696969695 920002862566.5625
-12.494949494949495 17.727272727272727 894066642690.859
-12.494949494949495 17.757575757575758 866934545778.5885
-12.494949494949495 17.78787878787879 838637396995.6481
-12.494949494949495 17.81818181818182 809217171138.3933
-12.494949494949495 17.848484848484848 778728948589.0704
-12.494949494949495 17.87878787878788 747243045528.8578
-12.494949494949495 17.90909090909091 714847072634.1565
-12.494949494949495 17.939393939393938 681647631395.332
-12.494949494949495 17.96969696969697 647771354132.0499
-12.494949494949495 18.0 613365034916.6031
-12.494949494949495 18.03030303030303 578594677696.8085
-12.494949494949495 18.060606060606062 543643392142.07336
-12.494949494949495 18.09090909090909 508708180813.89825
-12.494949494949495 18.12121212121212 473995766622.6373
-12.494949494949495 18.151515151515152 439717693241.07074
-12.494949494949495 18.18181818181818 406084984062.54706
-12.494949494949495 18.21212121212121 373302664296.74036
-12.494949494949495 18.242424242424242 341564438872.8393
-12.494949494949495 18.272727272727273 311047783889.2688
-12.494949494949495 18.303030303030305 281909661957.087
-12.494949494949495 18.333333333333332 254283022095.87125
-12.494949494949495 18.363636363636363 228274199729.47418
-12.494949494949495 18.393939393939394 203961293504.36072
-12.494949494949495 18.424242424242426 181393559639.5747
-12.494949494949495 18.454545454545453 160591824793.61777
-12.494949494949495 18.484848484848484 141549869255.4494
-12.494949494949495 18.515151515151516 124236672827.22556
-12.494949494949495 18.545454545454547 108599352781.92198
-12.494949494949495 18.575757575757574 94566570332.57257
-12.494949494949495 18.606060606060606 82052155231.08298
-12.494949494949495 18.636363636363637 70958709349.33356
-12.494949494949495 18.666666666666668 61181001015.11261
-12.494949494949495 18.696969696969695 52609041189.31712
-12.494949494949495 18.727272727272727 45130818436.271935
-12.494949494949495 18.757575757575758 38634736380.806335
-12.494949494949495 18.78787878787879 33011824229.72966
-12.494949494949495 18.81818181818182 28157770144.577892
-12.494949494949495 18.848484848484848 23974768362.213448
-12.494949494949495 18.87878787878788 20373099645.644203
-12.494949494949495 18.90909090909091 17272314433.74941
-12.494949494949495 18.939393939393938 14601886564.92847
-12.494949494949495 18.96969696969697 12301260643.956213
-12.494949494949495 19.0 10319310685.659592
-12.515151515151516 16.0 1161014956806.2974
-12.515151515151516 16.03030303030303 1160281102670.5283
-12.515151515151516 16.060606060606062 1159453733741.0522
-12.515151515151516 16.09090909090909 1158527177702.4941
-12.515151515151516 16.12121212121212 1157496487200.9138
-12.515151515151516 16.151515151515152 1156357704499.595
-12.515151515151516 16.181818181818183 1155108140056.7502
-12.515151515151516 16.21212121212121 1153746651396.6533
-12.515151515151516 16.242424242424242 1152273902930.8342
-12.515151515151516 16.272727272727273 1150692581672.9385
-12.515151515151516 16.303030303030305 1149007538857.0295
-12.515151515151516 16.333333333333332 1147225824401.446
-12.515151515151516 16.363636363636363 1145356581287.3538
-12.515151515151516 16.393939393939394 1143410771616.3047
-12.515151515151516 16.424242424242426 1141400716451.5566
-12.515151515151516 16.454545454545453 1139339447861.1064
-12.515151515151516 16.484848484848484 1137239892979.0344
-12.515151515151516 16.515151515151516 1135113933977.9053
-12.515151515151516 16.545454545454547 1132971410728.9824
-12.515151515151516 16.575757575757574 1130819149863.4612
-12.515151515151516 16.606060606060606 1128660110381.246
-12.515151515151516 16.636363636363637 1126492728880.2126
-12.515151515151516 16.666666666666668 1124310526614.735
-12.515151515151516 16.696969696969695 1122102008861.8162
-12.515151515151516 16.727272727272727 1119850850111.3237
-12.515151515151516 16.757575757575758 1117536323344.2454
-12.515151515151516 16.78787878787879 1115133904523.9985
-12.515151515151516 16.818181818181817 1112615968655.2686
-12.515151515151516 16.848484848484848 1109952492629.99
-12.515151515151516 16.87878787878788 1107111690993.9946
-12.515151515151516 16.90909090909091 1104060530182.6897
-12.515151515151516 16.939393939393938 1100765090383.5374
-12.515151515151516 16.96969696969697 1097190767977.1289
-12.515151515151516 17.0 1093302332412.2172
-12.515151515151516 17.03030303030303 1089063867437.9052
-12.515151515151516 17.060606060606062 1084438636929.3877
-12.515151515151516 17.09090909090909 1079388919999.6658
-12.515151515151516 17.12121212121212 1073875859214.3173
-12.515151515151516 17.151515151515152 1067859360532.6538
-12.515151515151516 17.181818181818183 1061298075440.655
-12.515151515151516 17.21212121212121 1054149486106.6803
-12.515151515151516 17.242424242424242 1046370104629.2068
-12.515151515151516 17.272727272727273 1037915788499.6681
-12.515151515151516 17.303030303030305 1028742166651.9863
-12.515151515151516 17.333333333333332 1018805163761.0607
-12.515151515151516 17.363636363636363 1008061604328.1501
-12.515151515151516 17.393939393939394 996469872140.0775
-12.515151515151516 17.424242424242426 983990594899.6598
-12.515151515151516 17.454545454545453 970587318832.3113
-12.515151515151516 17.484848484848484 956227135224.2667
-12.515151515151516 17.515151515151516 940881222039.3467
-12.515151515151516 17.545454545454547 924525271049.8844
-12.515151515151516 17.575757575757574 907139785899.0752
-12.515151515151516 17.606060606060606 888710259535.6583
-12.515151515151516 17.636363636363637 869227268834.9918
-12.515151515151516 17.666666666666668 848686555683.7634
-12.515151515151516 17.696969696969695 827089190641.8544
-12.515151515151516 17.727272727272727 804441929367.7528
-12.515151515151516 17.757575757575758 780757865741.0022
-12.515151515151516 17.78787878787879 756057454569.8208
-12.515151515151516 17.81818181818182 730369921774.3632
-12.515151515151516 17.848484848484848 703735008055.3163
-12.515151515151516 17.87878787878788 676204915603.8376
-12.515151515151516 17.90909090909091 647846261143.8798
-12.515151515151516 17.939393939393938 618741796037.2595
-12.515151515151516 17.96969696969697 588991644267.3905
-12.515151515151516 18.0 558713834316.7875
-12.515151515151516 18.03030303030303 528043957186.85754
-12.515151515151516 18.060606060606062 497133860896.0898
-12.515151515151516 18.09090909090909 466149379720.5688
-12.515151515151516 18.12121212121212 435267181765.60175
-12.515151515151516 18.151515151515152 404670890407.64954
-12.515151515151516 18.18181818181818 374546686219.97534
-12.515151515151516 18.21212121212121 345078622943.54364
-12.515151515151516 18.242424242424242 316443895110.0525
-12.515151515151516 18.272727272727273 288808281079.7638
-12.515151515151516 18.303030303030305 262321960711.8993
-12.515151515151516 18.333333333333332 237115878713.6503
-12.515151515151516 18.363636363636363 213298797497.52298
-12.515151515151516 18.393939393939394 190955157560.64948
-12.515151515151516 18.424242424242426 170143835179.739
-12.515151515151516 18.454545454545453 150897850380.08752
-12.515151515151516 18.484848484848484 133225027547.73404
-12.515151515151516 18.515151515151516 117109546567.18951
-12.515151515151516 18.545454545454547 102514251360.44957
-12.515151515151516 18.575757575757574 89383519496.60124
-12.515151515151516 18.606060606060606 77646458155.00468
-12.515151515151516 18.636363636363637 67220191242.92365
-12.515151515151516 18.666666666666668 58013042805.52764
-12.515151515151516 18.696969696969695 49927492927.174706
-12.515151515151516 18.727272727272727 42862863140.40202
-12.515151515151516 18.757575757575758 36717753645.18739
-12.515151515151516 18.78787878787879 31392283491.046986
-12.515151515151516 18.81818181818182 26790168749.296856
-12.515151515151516 18.848484848484848 22820620966.342457
-12.515151515151516 18.87878787878788 19399982968.057194
-12.515151515151516 18.90909090909091 16452973331.388327
-12.515151515151516 18.939393939393938 13913411056.128065
-12.515151515151516 18.96969696969697 11724345948.000753
-12.515151515151516 19.0 9837611566.727839
-12.535353535353536 16.0 1046850867871.6251
-12.535353535353536 16.03030303030303 1046055466495.1105
-12.535353535353536 16.060606060606062 1045175972081.6792
-12.535353535353536 16.09090909090909 1044207891560.1455
-12.535353535353536 16.12121212121212 1043147385212.1635
-12.535353535353536 16.151515151515152 1041991484598.852
-12.535353535353536 16.181818181818183 1040738320479.1572
-12.535353535353536 16.21212121212121 1039387348989.3257
-12.535353535353536 16.242424242424242 1037939559654.6064
-12.535353535353536 16.272727272727273 1036397644110.3749
-12.535353535353536 16.303030303030305 1034766100377.7013
-12.535353535353536 16.333333333333332 1033051245086.8551
-12.535353535353536 16.363636363636363 1031261106292.9977
-12.535353535353536 16.393939393939394 1029405173638.9829
-12.535353535353536 16.424242424242426 1027493991496.2875
-12.535353535353536 16.454545454545453 1025538594626.3406
-12.535353535353536 16.484848484848484 1023549804090.4355
-12.535353535353536 16.515151515151516 1021537421546.1832
-12.535353535353536 16.545454545454547 1019509379409.958
-12.535353535353536 16.575757575757574 1017470918593.3186
-12.535353535353536 16.606060606060606 1015423870762.9302
-12.535353535353536 16.636363636363637 1013366115776.642
-12.535353535353536 16.666666666666668 1011291266881.2559
-12.535353535353536 16.696969696969695 1009188608926.4435
-12.535353535353536 16.727272727272727 1007043283076.9794
-12.535353535353536 16.757575757575758 1004836681233.9855
-12.535353535353536 16.78787878787879 1002546990094.2991
-12.535353535353536 16.818181818181817 1000149812140.6377
-12.535353535353536 16.848484848484848 997618789965.191
-12.535353535353536 16.87878787878788 994926169838.5536
-12.535353535353536 16.90909090909091 992043257305.4109
-12.535353535353536 16.939393939393938 988940738109.1737
-12.535353535353536 16.96969696969697 985588858443.3256
-12.535353535353536 17.0 981957476707.2396
-12.535353535353536 17.03030303030303 978016012884.5096
-12.535353535353536 17.060606060606062 973733330533.1985
-12.535353535353536 17.09090909090909 969077590079.2494
-12.535353535353536 17.12121212121212 964016111110.2787
-12.535353535353536 17.151515151515152 958515276599.31
-12.535353535353536 17.181818181818183 952540504679.308
-12.535353535353536 17.21212121212121 946056305086.6302
-12.535353535353536 17.242424242424242 939026428906.735
-12.535353535353536 17.272727272727273 931414112626.901
-12.535353535353536 17.303030303030305 923182411056.3588
-12.535353535353536 17.333333333333332 914294608264.0566
-12.535353535353536 17.363636363636363 904714690881.4076
-12.535353535353536 17.393939393939394 894407863522.7623
-12.535353535353536 17.424242424242426 883341081623.801
-12.535353535353536 17.454545454545453 871483573166.1191
-12.535353535353536 17.484848484848484 858807318624.2686
-12.535353535353536 17.515151515151516 845287459593.3138
-12.535353535353536 17.545454545454547 830902612639.7911
-12.535353535353536 17.575757575757574 815635077328.4414
-12.535353535353536 17.606060606060606 799470946479.3406
-12.535353535353536 17.636363636363637 782400151217.0807
-12.535353535353536 17.666666666666668 764416499884.4353
-12.535353535353536 17.696969696969695 745517792944.4565
-12.535353535353536 17.727272727272727 725706108871.2097
-12.535353535353536 17.757575757575758 704988352365.8817
-12.535353535353536 17.78787878787879 683377132084.4894
-12.535353535353536 17.81818181818182 660891990742.7836
-12.535353535353536 17.848484848484848 637560951375.5375
-12.535353535353536 17.87878787878788 613422279428.6787
-12.535353535353536 17.90909090909091 588526303153.7145
-12.535353535353536 17.939393939393938 562937095522.4867
-12.535353535353536 17.96969696969697 536733807129.2347
-12.535353535353536 18.0 510011453768.99005
-12.535353535353536 18.03030303030303 482881001907.5268
-12.535353535353536 18.060606060606062 455468653412.12366
-12.535353535353536 18.09090909090909 427914298766.4731
-12.535353535353536 18.12121212121212 400369176189.5698
-12.535353535353536 18.151515151515152 372992834383.5795
-12.535353535353536 18.18181818181818 345949543113.1958
-12.535353535353536 18.21212121212121 319404325581.6968
-12.535353535353536 18.242424242424242 293518800012.47815
-12.535353535353536 18.272727272727273 268447018220.56015
-12.535353535353536 18.303030303030305 244331481195.60345
-12.535353535353536 18.333333333333332 221299500626.2733
-12.535353535353536 18.363636363636363 199460063596.70874
-12.535353535353536 18.393939393939394 178901344579.32483
-12.535353535353536 18.424242424242426 159688989891.72397
-12.535353535353536 18.454545454545453 141865268565.88168
-12.535353535353536 18.484848484848484 125449134980.6987
-12.535353535353536 18.515151515151516 110437182609.8499
-12.535353535353536 18.545454545454547 96805392430.95818
