eg_uma/chi2_results.ecsv
# %ECSV 1.0
# ---
# datatype:
# - {name: Amplitude, datatype: float64}
# - {name: NH, datatype: float64}
# - {name: Chi2, datatype: float64}
# schema: astropy-2.0
Amplitude NH Chi2
[from data line 612]
-11.800000000000004 14.0 118.73714218466978
-11.800000000000004 14.05 117.94223420353205
-11.800000000000004 14.100000000000001 117.17152710425061
-11.800000000000004 14.150000000000002 116.41719757109591
-11.800000000000004 14.200000000000003 115.67263267204716
-11.800000000000004 14.250000000000004 114.932725743952
-11.800000000000004 14.300000000000004 114.1940023907606
-11.800000000000004 14.350000000000005 113.45455269251795
-11.800000000000004 14.400000000000006 112.71378186027482
-11.800000000000004 14.450000000000006 111.97203848416831
-11.800000000000004 14.500000000000007 111.23021500290233
-11.800000000000004 14.550000000000008 110.48941965806955
-11.800000000000004 14.600000000000009 109.75079043366947
-11.800000000000004 14.65000000000001 109.01547446038741
-11.800000000000004 14.70000000000001 108.2847513966341
-11.800000000000004 14.75000000000001 107.56024834810421
-11.800000000000004 14.800000000000011 106.84417760179262
-11.800000000000004 14.850000000000012 106.13952331309468
-11.800000000000004 14.900000000000013 105.45010913329942
-11.800000000000004 14.950000000000014 104.78049891376602
-11.800000000000004 15.000000000000014 104.13571773683101
-11.800000000000004 15.050000000000015 103.52082332185635
-11.800000000000004 15.100000000000016 102.94039432624211
-11.800000000000004 15.150000000000016 102.39801891383966
-11.800000000000004 15.200000000000017 101.89585977772069
-11.800000000000004 15.250000000000018 101.43434761120827
-11.800000000000004 15.300000000000018 101.01202733787501
-11.800000000000004 15.35000000000002 100.62556161446672
-11.800000000000004 15.40000000000002 100.2698873604245
-11.800000000000004 15.45000000000002 99.9385181122698
-11.800000000000004 15.500000000000021 99.62397883982658
-11.800000000000004 15.550000000000022 99.31834381760052
-11.800000000000004 15.600000000000023 99.01382286901803
-11.800000000000004 15.650000000000023 98.7033165665938
-11.800000000000004 15.700000000000024 98.3808521481242
-11.800000000000004 15.750000000000025 98.04183097643131
-11.800000000000004 15.800000000000026 97.68306409011589
-11.800000000000004 15.850000000000026 97.30262751414352
-11.800000000000004 15.900000000000027 96.8996088604215
-11.800000000000004 15.950000000000028 96.47382452076225
-11.800000000000004 16.00000000000003 96.02556393575334
-11.800000000000004 16.05000000000003 95.55538132319596
-11.800000000000004 16.10000000000003 95.06392603932683
-11.800000000000004 16.15000000000003 94.55179101087546
-11.800000000000004 16.20000000000003 94.01936245983124
-11.800000000000004 16.250000000000032 93.46666495875495
-11.800000000000004 16.300000000000033 92.89320622904108
-11.800000000000004 16.350000000000033 92.297832758905
-11.800000000000004 16.400000000000034 91.67861014450116
-11.800000000000004 16.450000000000035 91.03274200993305
-11.800000000000004 16.500000000000036 90.35653946956704
-11.800000000000004 16.550000000000036 89.6454502586028
-11.800000000000004 16.600000000000037 88.89415346540923
-11.800000000000004 16.650000000000038 88.0967221501869
-11.800000000000004 16.70000000000004 87.24685105854938
-11.800000000000004 16.75000000000004 86.33813886215587
-11.800000000000004 16.80000000000004 85.36440369813842
-11.800000000000004 16.85000000000004 84.31999957839422
-11.800000000000004 16.90000000000004 83.20009442491732
-11.800000000000004 16.950000000000042 82.00087328634129
-11.800000000000004 17.000000000000043 80.71964447651841
-11.800000000000004 17.050000000000043 79.35484778846445
-11.800000000000004 17.100000000000044 77.90598393079213
-11.800000000000004 17.150000000000045 76.37349492785782
-11.800000000000004 17.200000000000045 74.75862428623259
-11.800000000000004 17.250000000000046 73.06327796620572
-11.800000000000004 17.300000000000047 71.28990011810954
-11.800000000000004 17.350000000000048 69.4413758444022
-11.800000000000004 17.40000000000005 67.52097608687058
-11.800000000000004 17.45000000000005 65.53236235606144
-11.800000000000004 17.50000000000005 63.47966646567807
-11.800000000000004 17.55000000000005 61.36765032828719
-11.800000000000004 17.60000000000005 59.20193408475018
-11.800000000000004 17.650000000000052 56.98926081856624
-11.800000000000004 17.700000000000053 54.73774767969058
-11.800000000000004 17.750000000000053 52.45706131373258
-11.800000000000004 17.800000000000054 50.158453843325695
-11.800000000000004 17.850000000000055 47.85460636054487
-11.800000000000004 17.900000000000055 45.559250541695356
-11.800000000000004 17.950000000000056 43.28657487707729
-11.800000000000004 18.000000000000057 41.05046712204628
-11.800000000000004 18.050000000000058 38.8636913930856
-11.800000000000004 18.10000000000006 36.73713362475805
-11.800000000000004 18.15000000000006 34.679257152153895
-11.800000000000004 18.20000000000006 32.695880769203015
-11.800000000000004 18.25000000000006 30.790327957862935
-11.800000000000004 18.30000000000006 28.963915856285027
-11.800000000000004 18.350000000000062 27.216680502140772
-11.800000000000004 18.400000000000063 25.548191110760946
-11.800000000000004 18.450000000000063 23.958299326466534
-11.800000000000004 18.500000000000064 22.447696512848147
-11.800000000000004 18.550000000000065 21.018202097490597
-11.800000000000004 18.600000000000065 19.672763597409524
-11.800000000000004 18.650000000000066 18.415199281044014
-11.800000000000004 18.700000000000067 17.249747588141787
-11.800000000000004 18.750000000000068 16.180502031353804
-11.800000000000004 18.800000000000068 15.21081223941901
-11.800000000000004 18.85000000000007 14.34272832346006
-11.800000000000004 18.90000000000007 13.576559314549568
-11.800000000000004 18.95000000000007 12.910603746914418
-11.800000000000004 19.00000000000007 12.341087483899585
-11.800000000000004 19.05000000000007 11.862311794769447
-11.850000000000005 14.0 88.03319934283154
-11.850000000000005 14.05 87.41010408110446
-11.850000000000005 14.100000000000001 86.8062142117543
-11.850000000000005 14.150000000000002 86.21536177626338
-11.850000000000005 14.200000000000003 85.63233184200878
-11.850000000000005 14.250000000000004 85.05309422981739
-11.850000000000005 14.300000000000004 84.47490218280194
-11.850000000000005 14.350000000000005 83.89623934900276
-11.850000000000005 14.400000000000006 83.31662474762524
-11.850000000000005 14.450000000000006 82.73632211847618
-11.850000000000005 14.500000000000007 82.15602776022375
-11.850000000000005 14.550000000000008 81.57661442528209
-11.850000000000005 14.600000000000009 80.9989861260819
-11.850000000000005 14.65000000000001 80.42406178770013
-11.850000000000005 14.70000000000001 79.85287053867351
-11.850000000000005 14.75000000000001 79.28671742838092
-11.850000000000005 14.800000000000011 78.72736592349213
-11.850000000000005 14.850000000000012 78.17717981183009
-11.850000000000005 14.900000000000013 77.63917192160773
-11.850000000000005 14.950000000000014 77.11692290312409
-11.850000000000005 15.000000000000014 76.6143607376111
-11.850000000000005 15.050000000000015 76.13542495845364
-11.850000000000005 15.100000000000016 75.68366786156524
-11.850000000000005 15.150000000000016 75.26185787898638
-11.850000000000005 15.200000000000017 74.87164436745857
-11.850000000000005 15.250000000000018 74.51332385200281
-11.850000000000005 15.300000000000018 74.18572587576384
-11.850000000000005 15.35000000000002 73.88622099925485
-11.850000000000005 15.40000000000002 73.61084670066877
-11.850000000000005 15.45000000000002 73.35454490844845
-11.850000000000005 15.500000000000021 73.11150056941737
-11.850000000000005 15.550000000000022 72.87555867190221
-11.850000000000005 15.600000000000023 72.6406778303551
-11.850000000000005 15.650000000000023 72.4013593855871
-11.850000000000005 15.700000000000024 72.15298395190113
-11.850000000000005 15.750000000000025 71.8920018864512
-11.850000000000005 15.800000000000026 71.6159594488093
-11.850000000000005 15.850000000000026 71.32338513107554
-11.850000000000005 15.900000000000027 71.01359160062717
-11.850000000000005 15.950000000000028 70.68645478570555
-11.850000000000005 16.00000000000003 70.34221397591264
-11.850000000000005 16.05000000000003 69.98130884201491
-11.850000000000005 16.10000000000003 69.60424666949704
-11.850000000000005 16.15000000000003 69.21148406255558
-11.850000000000005 16.20000000000003 68.8033103725562
-11.850000000000005 16.250000000000032 68.37972852421093
-11.850000000000005 16.300000000000033 67.9403369285172
-11.850000000000005 16.350000000000033 67.48422122840954
-11.850000000000005 16.400000000000034 67.00986661644698
-11.850000000000005 16.450000000000035 66.51510115766273
-11.850000000000005 16.500000000000036 65.99707879000107
-11.850000000000005 16.550000000000036 65.45230823271383
-11.850000000000005 16.600000000000037 64.87673145631048
-11.850000000000005 16.650000000000038 64.26585264963038
-11.850000000000005 16.70000000000004 63.61491502684169
-11.850000000000005 16.75000000000004 62.91911730276395
-11.850000000000005 16.80000000000004 62.17385395208107
-11.850000000000005 16.85000000000004 61.37495510352262
-11.850000000000005 16.90000000000004 60.51889678016983
-11.850000000000005 16.950000000000042 59.60295417955166
-11.850000000000005 17.000000000000043 58.62528122862529
-11.850000000000005 17.050000000000043 57.58491568928108
-11.850000000000005 17.100000000000044 56.48172413769084
-11.850000000000005 17.150000000000045 55.31630917930375
-11.850000000000005 17.200000000000045 54.08990068907313
-11.850000000000005 17.250000000000046 52.80424723789471
-11.850000000000005 17.300000000000047 51.46151881087211
-11.850000000000005 17.350000000000048 50.06423089101489
-11.850000000000005 17.40000000000005 48.615202214351555
-11.850000000000005 17.45000000000005 47.11756030117033
-11.850000000000005 17.50000000000005 45.57480644262442
-11.850000000000005 17.55000000000005 43.99094340109215
-11.850000000000005 17.60000000000005 42.37065544870716
-11.850000000000005 17.650000000000052 40.719514341247226
-11.850000000000005 17.700000000000053 39.04417034307163
-11.850000000000005 17.750000000000053 37.35247846684235
-11.850000000000005 17.800000000000054 35.653509695261015
-11.850000000000005 17.850000000000055 33.95740666012264
-11.850000000000005 17.900000000000055 32.27506326286396
-11.850000000000005 17.950000000000056 30.617637070496794
-11.850000000000005 18.000000000000057 28.995939217301373
-11.850000000000005 18.050000000000058 27.419782750581007
-11.850000000000005 18.10000000000006 25.897396446166375
-11.850000000000005 18.15000000000006 24.435015067205917
-11.850000000000005 18.20000000000006 23.036731456270388
-11.850000000000005 18.25000000000006 21.70464399049285
-11.850000000000005 18.30000000000006 20.43926927562722
-11.850000000000005 18.350000000000062 19.240133940613976
-11.850000000000005 18.400000000000063 18.106426612324153
-11.850000000000005 18.450000000000063 17.037587967789012
-11.850000000000005 18.500000000000064 16.033740276352425
-11.850000000000005 18.550000000000065 15.095898779694165
-11.850000000000005 18.600000000000065 14.22595326258309
-11.850000000000005 18.650000000000066 13.426447352613957
-11.850000000000005 18.700000000000067 12.700208018892997
-11.850000000000005 18.750000000000068 12.04988807164846
-11.850000000000005 18.800000000000068 11.477485590999786
-11.850000000000005 18.85000000000007 10.98390204983686
-11.850000000000005 18.90000000000007 10.56859680268181
-11.850000000000005 18.95000000000007 10.22938598159244
-11.850000000000005 19.00000000000007 9.962414740606352
-11.850000000000005 19.05000000000007 9.762304298850301
-11.900000000000006 14.0 64.60600318189253
-11.900000000000006 14.05 64.11847854023858
-11.900000000000006 14.100000000000001 63.64619319569322
-11.900000000000006 14.150000000000002 63.18428904923062
-11.900000000000006 14.200000000000003 62.728657516380245
-11.900000000000006 14.250000000000004 62.276120651716035
-11.900000000000006 14.300000000000004 61.82450826307259
-11.900000000000006 14.350000000000005 61.37261653894868
-11.900000000000006 14.400000000000006 60.920055826463596
-11.900000000000006 14.450000000000006 60.46702389702466
-11.900000000000006 14.500000000000007 60.01406261894674
-11.900000000000006 14.550000000000008 59.56185851055864
-11.900000000000006 14.600000000000009 59.11112972541036
-11.900000000000006 14.65000000000001 58.6626130781402
-11.900000000000006 14.70000000000001 58.217137317598606
-11.900000000000006 14.75000000000001 57.77575030522085
-11.900000000000006 14.800000000000011 57.33985832444554
-11.900000000000006 14.850000000000012 56.91133310656418
-11.900000000000006 14.900000000000013 56.49254607425278
-11.900000000000006 14.950000000000014 56.086301737750446
-11.900000000000006 15.000000000000014 55.695663534556694
-11.900000000000006 15.050000000000015 55.32369126899501
-11.900000000000006 15.100000000000016 54.973131175868545
-11.900000000000006 15.150000000000016 54.64610944109392
-11.900000000000006 15.200000000000017 54.34387511660027
-11.900000000000006 15.250000000000018 54.06662311126477
-11.900000000000006 15.300000000000018 53.81341064261212
-11.900000000000006 15.35000000000002 53.58216824029503
-11.900000000000006 15.40000000000002 53.36980114662108
-11.900000000000006 15.45000000000002 53.17237564599402
-11.900000000000006 15.500000000000021 52.98538192199165
-11.900000000000006 15.550000000000022 52.80405619908057
-11.900000000000006 15.600000000000023 52.62373026627099
-11.900000000000006 15.650000000000023 52.44016170791522
-11.900000000000006 15.700000000000024 52.249792575514014
-11.900000000000006 15.750000000000025 52.04989525081907
-11.900000000000006 15.800000000000026 51.8385913718486
-11.900000000000006 15.850000000000026 51.614762665548575
-11.900000000000006 15.900000000000027 51.37789649966931
-11.900000000000006 15.950000000000028 51.12791372608086
-11.900000000000006 16.00000000000003 50.865012778108785
-11.900000000000006 16.05000000000003 50.58954239948396
-11.900000000000006 16.10000000000003 50.30189795104368
-11.900000000000006 16.15000000000003 50.00242931533337
-11.900000000000006 16.20000000000003 49.69135079275927
-11.900000000000006 16.250000000000032 49.36864991711439
-11.900000000000006 16.300000000000033 49.03399828490341
-11.900000000000006 16.350000000000033 48.686671298705356
-11.900000000000006 16.400000000000034 48.32548508369466
-11.900000000000006 16.450000000000035 47.948758354053936
-11.900000000000006 16.500000000000036 47.55430537789079
-11.900000000000006 16.550000000000036 47.139464081764345
-11.900000000000006 16.600000000000037 46.70116125264081
-11.900000000000006 16.650000000000038 46.236014796907945
-11.900000000000006 16.70000000000004 45.74047055370039
-11.900000000000006 16.75000000000004 45.21096737012818
-11.900000000000006 16.80000000000004 44.644118692395445
-11.900000000000006 16.85000000000004 44.036892925811415
-11.900000000000006 16.90000000000004 43.386770977530205
-11.900000000000006 16.950000000000042 42.69186075599408
-11.900000000000006 17.000000000000043 41.95095612679154
-11.900000000000006 17.050000000000043 41.16353970336296
-11.900000000000006 17.100000000000044 40.32974006051518
-11.900000000000006 17.150000000000045 39.4502600081631
-11.900000000000006 17.200000000000045 38.5262922626784
-11.900000000000006 17.250000000000046 37.55943486219318
-11.900000000000006 17.300000000000047 36.55161516247938
-11.900000000000006 17.350000000000048 35.505030713184794
-11.900000000000006 17.40000000000005 34.42211706760389
-11.900000000000006 17.45000000000005 33.30555375784108
-11.900000000000006 17.50000000000005 32.158317387249305
-11.900000000000006 17.55000000000005 30.98378375280008
-11.900000000000006 17.60000000000005 29.785869811011437
-11.900000000000006 17.650000000000052 28.56919345984165
-11.900000000000006 17.700000000000053 27.33921774429667
-11.900000000000006 17.750000000000053 26.102339449113824
-11.900000000000006 17.800000000000054 24.865882541028576
