eg_uma/chi2_results.ecsv
# %ECSV 1.0
# ---
# datatype:
# - {name: Amplitude, datatype: float64}
# - {name: NH, datatype: float64}
# - {name: Chi2, datatype: float64}
# schema: astropy-2.0
Amplitude NH Chi2
[from data line 9675]
-12.93939393939394 18.272727272727273 75167133397.43575
-12.93939393939394 18.303030303030305 70091678723.41257
-12.93939393939394 18.333333333333332 65026368138.75428
-12.93939393939394 18.363636363636363 60008278022.2038
-12.93939393939394 18.393939393939394 55075754363.18383
-12.93939393939394 18.424242424242426 50267171951.95698
-12.93939393939394 18.454545454545453 45619570033.21903
-12.93939393939394 18.484848484848484 41167266691.75614
-12.93939393939394 18.515151515151516 36940567267.64795
-12.93939393939394 18.545454545454547 32964676087.750202
-12.93939393939394 18.575757575757574 29258895915.464462
-12.93939393939394 18.606060606060606 25836161937.424877
-12.93939393939394 18.636363636363637 22702917084.438953
-12.93939393939394 18.666666666666668 19859303358.027374
-12.93939393939394 18.696969696969695 17299625754.54163
-12.93939393939394 18.727272727272727 15013040946.567158
-12.93939393939394 18.757575757575758 12984425859.195133
-12.93939393939394 18.78787878787879 11195383043.502977
-12.93939393939394 18.81818181818182 9625333872.574776
-12.93939393939394 18.848484848484848 8252636458.67401
-12.93939393939394 18.87878787878788 7055648946.173593
-12.93939393939394 18.90909090909091 6013650793.464711
-12.93939393939394 18.939393939393938 5107544059.138446
-12.93939393939394 18.96969696969697 4320286191.226441
-12.93939393939394 19.0 3637048928.9305263
-12.95959595959596 16.0 176292748904.86542
-12.95959595959596 16.03030303030303 176119857181.87225
-12.95959595959596 16.060606060606062 175937635525.4943
-12.95959595959596 16.09090909090909 175745937899.4017
-12.95959595959596 16.12121212121212 175544687009.26
-12.95959595959596 16.151515151515152 175333886335.41644
-12.95959595959596 16.181818181818183 175113631987.49393
-12.95959595959596 16.21212121212121 174884123420.60825
-12.95959595959596 16.242424242424242 174645671782.346
-12.95959595959596 16.272727272727273 174398704382.96603
-12.95959595959596 16.303030303030305 174143763547.17563
-12.95959595959596 16.333333333333332 173881497983.26025
-12.95959595959596 16.363636363636363 173612644878.59583
-12.95959595959596 16.393939393939394 173338001287.06012
-12.95959595959596 16.424242424242426 173058384082.83423
-12.95959595959596 16.454545454545453 172774578838.56992
-12.95959595959596 16.484848484848484 172487279387.60107
-12.95959595959596 16.515151515151516 172197021393.2561
-12.95959595959596 16.545454545454547 171904114717.90826
-12.95959595959596 16.575757575757574 171608580441.64932
-12.95959595959596 16.606060606060606 171310098715.41873
-12.95959595959596 16.636363636363637 171007973036.84216
-12.95959595959596 16.666666666666668 170701114983.19168
-12.95959595959596 16.696969696969695 170388051120.90427
-12.95959595959596 16.727272727272727 170066951124.08826
-12.95959595959596 16.757575757575758 169735673564.27597
-12.95959595959596 16.78787878787879 169391823841.99075
-12.95959595959596 16.818181818181817 169032817636.76306
-12.95959595959596 16.848484848484848 168655943168.31052
-12.95959595959596 16.87878787878788 168258416394.24133
-12.95959595959596 16.90909090909091 167837424774.6248
-12.95959595959596 16.939393939393938 167390157095.77798
-12.95959595959596 16.96969696969697 166913818752.423
-12.95959595959596 17.0 166405633580.56668
-12.95959595959596 17.03030303030303 165862834632.3624
-12.95959595959596 17.060606060606062 165282647090.54153
-12.95959595959596 17.09090909090909 164662266812.81104
-12.95959595959596 17.12121212121212 163998837823.441
-12.95959595959596 17.151515151515152 163289431533.59235
-12.95959595959596 17.181818181818183 162531029714.18964
-12.95959595959596 17.21212121212121 161720512416.3627
-12.95959595959596 17.242424242424242 160854651266.03705
-12.95959595959596 17.272727272727273 159930107936.98688
-12.95959595959596 17.303030303030305 158943437157.82388
-12.95959595959596 17.333333333333332 157891093306.41522
-12.95959595959596 17.363636363636363 156769439430.2872
-12.95959595959596 17.393939393939394 155574757339.70908
-12.95959595959596 17.424242424242426 154303257211.38535
-12.95959595959596 17.454545454545453 152951084919.10464
-12.95959595959596 17.484848484848484 151514325129.9346
-12.95959595959596 17.515151515151516 149988998176.5068
-12.95959595959596 17.545454545454547 148371048977.39285
-12.95959595959596 17.575757575757574 146656326974.24258
-12.95959595959596 17.606060606060606 144840557296.15866
-12.95959595959596 17.636363636363637 142919305171.23105
-12.95959595959596 17.666666666666668 140887937866.99435
-12.95959595959596 17.696969696969695 138741590874.66837
-12.95959595959596 17.727272727272727 136475147227.13779
-12.95959595959596 17.757575757575758 134083240259.24028
-12.95959595959596 17.78787878787879 131560290344.71312
-12.95959595959596 17.81818181818182 128900584948.72914
-12.95959595959596 17.848484848484848 126098408799.41998
-12.95959595959596 17.87878787878788 123148227501.72119
-12.95959595959596 17.90909090909091 120044924094.27304
-12.95959595959596 17.939393939393938 116784084506.55368
-12.95959595959596 17.96969696969697 113362325055.65045
-12.95959595959596 18.0 109777653172.4114
-12.95959595959596 18.03030303030303 106029851278.56268
-12.95959595959596 18.060606060606062 102120872707.95476
-12.95959595959596 18.09090909090909 98055237212.71835
-12.95959595959596 18.12121212121212 93840411383.50656
-12.95959595959596 18.151515151515152 89487155878.50447
-12.95959595959596 18.18181818181818 85009816642.52213
-12.95959595959596 18.21212121212121 80426531694.8021
-12.95959595959596 18.242424242424242 75759319538.14229
-12.95959595959596 18.272727272727273 71034011410.88211
-12.95959595959596 18.303030303030305 66279989662.00745
-12.95959595959596 18.333333333333332 61529700901.62139
-12.95959595959596 18.363636363636363 56817927218.82792
-12.95959595959596 18.393939393939394 52180822164.218
-12.95959595959596 18.424242424242426 47654748415.61526
-12.95959595959596 18.454545454545453 43274986210.631096
-12.95959595959596 18.484848484848484 39074408536.81605
-12.95959595959596 18.515151515151516 35082233112.32203
-12.95959595959596 18.545454545454547 31322957174.15662
-12.95959595959596 18.575757575757574 27815558788.47316
-12.95959595959596 18.606060606060606 24573013375.135323
-12.95959595959596 18.636363636363637 21602136039.398315
-12.95959595959596 18.666666666666668 18903729057.180576
-12.95959595959596 18.696969696969695 16472995575.810867
-12.95959595959596 18.727272727272727 14300175187.144753
-12.95959595959596 18.757575757575758 12371358803.889532
-12.95959595959596 18.78787878787879 10669441137.387127
-12.95959595959596 18.81818181818182 9175162937.951939
-12.95959595959596 18.848484848484848 7868181405.972531
-12.95959595959596 18.87878787878788 6728091610.845942
-12.95959595959596 18.90909090909091 5735314162.250394
-12.95959595959596 18.939393939393938 4871773540.809843
-12.95959595959596 18.96969696969697 4121319892.746609
-12.95959595959596 19.0 3469888527.935884
-12.97979797979798 16.0 164794821139.7792
-12.97979797979798 16.03030303030303 164635033275.32687
-12.97979797979798 16.060606060606062 164466660007.0476
-12.97979797979798 16.09090909090909 164289569505.63455
-12.97979797979798 16.12121212121212 164103693089.772
-12.97979797979798 16.151515151515152 163909036194.45557
-12.97979797979798 16.181818181818183 163705689167.23688
-12.97979797979798 16.21212121212121 163493837012.07193
-12.97979797979798 16.242424242424242 163273766953.4748
-12.97979797979798 16.272727272727273 163045872440.92822
-12.97979797979798 16.303030303030305 162810651999.5622
-12.97979797979798 16.333333333333332 162568701221.14578
-12.97979797979798 16.363636363636363 162320696256.71463
-12.97979797979798 16.393939393939394 162067367498.79282
-12.97979797979798 16.424242424242426 161809462790.71124
-12.97979797979798 16.454545454545453 161547700493.27954
-12.97979797979798 16.484848484848484 161282714023.57706
-12.97979797979798 16.515151515151516 161014990913.55103
-12.97979797979798 16.545454545454547 160744810783.32626
-12.97979797979798 16.575757575757574 160472187593.5993
-12.97979797979798 16.606060606060606 160196821848.8577
-12.97979797979798 16.636363636363637 159918067876.3227
-12.97979797979798 16.666666666666668 159634919880.5358
-12.97979797979798 16.696969696969695 159346018349.96362
-12.97979797979798 16.727272727272727 159049675926.58038
-12.97979797979798 16.757575757575758 158743919490.50742
-12.97979797979798 16.78787878787879 158426543383.11572
-12.97979797979798 16.818181818181817 158095167686.77606
-12.97979797979798 16.848484848484848 157747295401.09763
-12.97979797979798 16.87878787878788 157380363118.68155
-12.97979797979798 16.90909090909091 156991781184.3251
-12.97979797979798 16.939393939393938 156578961030.9697
-12.97979797979798 16.96969696969697 156139329136.84506
-12.97979797979798 17.0 155670328603.7656
-12.97979797979798 17.03030303030303 155169410550.16437
-12.97979797979798 17.060606060606062 154634018253.63538
-12.97979797979798 17.09090909090909 154061567247.02008
-12.97979797979798 17.12121212121212 153449424413.01074
-12.97979797979798 17.151515151515152 152794888629.926
-12.97979797979798 17.181818181818183 152095174824.91293
-12.97979797979798 17.21212121212121 151347402529.26337
-12.97979797979798 17.242424242424242 150548589324.66937
-12.97979797979798 17.272727272727273 149695648998.0303
-12.97979797979798 17.303030303030305 148785393810.90433
-12.97979797979798 17.333333333333332 147814540013.34534
-12.97979797979798 17.363636363636363 146779715535.50146
-12.97979797979798 17.393939393939394 145677468614.86615
-12.97979797979798 17.424242424242426 144504275925.30048
-12.97979797979798 17.454545454545453 143256548569.16043
-12.97979797979798 17.484848484848484 141930634127.65152
-12.97979797979798 17.515151515151516 140522812933.91626
-12.97979797979798 17.545454545454547 139029286966.8892
-12.97979797979798 17.575757575757574 137446160396.2465
-12.97979797979798 17.606060606060606 135769411942.38615
-12.97979797979798 17.636363636363637 133994860873.41571
-12.97979797979798 17.666666666666668 132118130540.79701
-12.97979797979798 17.696969696969695 130134615601.53806
-12.97979797979798 17.727272727272727 128039461095.80774
-12.97979797979798 17.757575757575758 125827562887.69537
-12.97979797979798 17.78787878787879 123493599231.69342
-12.97979797979798 17.81818181818182 121032102185.6038
-12.97979797979798 17.848484848484848 118437575322.18262
-12.97979797979798 17.87878787878788 115704661055.84904
-12.97979797979798 17.90909090909091 112828357446.41954
-12.97979797979798 17.939393939393938 109804281137.26746
-12.97979797979798 17.96969696969697 106628970538.46097
-12.97979797979798 18.0 103300221603.46672
-12.97979797979798 18.03030303030303 99817447393.0932
-12.97979797979798 18.060606060606062 96182051655.90373
-12.97979797979798 18.09090909090909 92397805346.61345
-12.97979797979798 18.12121212121212 88471212840.60283
-12.97979797979798 18.151515151515152 84411851226.07016
-12.97979797979798 18.18181818181818 80232661392.2293
-12.97979797979798 18.21212121212121 75950164027.60771
-12.97979797979798 18.242424242424242 71584567992.43025
-12.97979797979798 18.272727272727273 67159734362.99267
-12.97979797979798 18.303030303030305 62702958871.17473
-12.97979797979798 18.333333333333332 58244540848.838
-12.97979797979798 18.363636363636363 53817120112.21436
-12.97979797979798 18.393939393939394 49454785121.153854
-12.97979797979798 18.424242424242426 45191984539.46744
-12.97979797979798 18.454545454545453 41062305490.58061
-12.97979797979798 18.484848484848484 37097208500.512505
-12.97979797979798 18.515151515151516 33324823956.573505
-12.97979797979798 18.545454545454547 29768912649.48827
-12.97979797979798 18.575757575757574 26448073037.140446
-12.97979797979798 18.606060606060606 23375245275.19519
-12.97979797979798 18.636363636363637 20557525852.745956
-12.97979797979798 18.666666666666668 17996276373.302128
-12.97979797979798 18.696969696969695 15687491669.252638
-12.97979797979798 18.727272727272727 13622386222.603624
-12.97979797979798 18.757575757575758 11788158578.69326
-12.97979797979798 18.78787878787879 10168893504.76511
-12.97979797979798 18.81818181818182 8746555283.352406
-12.97979797979798 18.848484848484848 7502012135.700892
-12.97979797979798 18.87878787878788 6416016829.212131
-12.97979797979798 18.90909090909091 5470061338.843734
-12.97979797979798 18.939393939393938 4647032342.703893
-12.97979797979798 18.96969696969697 3931621668.0612545
-12.97979797979798 19.0 3310485614.6671376
-13.0 16.0 154211026243.07678
-13.0 16.03030303030303 154063171089.42285
-13.0 16.060606060606062 153907402346.95087
-13.0 16.09090909090909 153743600588.66528
-13.0 16.12121212121212 153571704500.10565
-13.0 16.151515151515152 153391720903.01105
-13.0 16.181818181818183 153203734613.7147
-13.0 16.21212121212121 153007917327.62805
-13.0 16.242424242424242 152804534495.1764
-13.0 16.272727272727273 152593948923.10324
-13.0 16.303030303030305 152376619639.06796
-13.0 16.333333333333332 152153094454.92596
-13.0 16.363636363636363 151923994725.9484
-13.0 16.393939393939394 151689991103.11807
-13.0 16.424242424242426 151451769671.95386
-13.0 16.454545454545453 151209988782.81738
-13.0 16.484848484848484 150965228057.21664
-13.0 16.515151515151516 150717932370.70184
-13.0 16.545454545454547 150468354850.55994
-13.0 16.575757575757574 150216503817.357
-13.0 16.606060606060606 149962098882.06473
-13.0 16.636363636363637 149704540908.30396
-13.0 16.666666666666668 149442899239.86612
-13.0 16.696969696969695 149175917641.88623
-13.0 16.727272727272727 148902038137.49722
-13.0 16.757575757575758 148619439752.59827
-13.0 16.78787878787879 148326087499.1204
-13.0 16.818181818181817 148019786001.70804
-13.0 16.848484848484848 147698232099.5165
-13.0 16.87878787878788 147359061455.72012
-13.0 16.90909090909091 146999885476.82318
-13.0 16.939393939393938 146618316416.05597
-13.0 16.96969696969697 146211980146.36182
-13.0 17.0 145778517520.12384
-13.0 17.03030303030303 145315576331.6772
-13.0 17.060606060606062 144820796581.20288
-13.0 17.09090909090909 144291791986.692
-13.0 17.12121212121212 143726130544.3214
-13.0 17.151515151515152 143121316484.33517
-13.0 17.181818181818183 142474775328.35703
-13.0 17.21212121212121 141783843052.98862
-13.0 17.242424242424242 141045759714.94693
-13.0 17.272727272727273 140257667367.6156
-13.0 17.303030303030305 139416611720.77316
-13.0 17.333333333333332 138519546741.75702
-13.0 17.363636363636363 137563341216.43558
-13.0 17.393939393939394 136544786127.40755
-13.0 17.424242424242426 135460601530.23705
-13.0 17.454545454545453 134307441418.87334
-13.0 17.484848484848484 133081894915.79396
-13.0 17.515151515151516 131780482089.9263
-13.0 17.545454545454547 130399642914.49658
-13.0 17.575757575757574 128935718452.18163
-13.0 17.606060606060606 127384924392.0584
-13.0 17.636363636363637 125743318585.23956
-13.0 17.666666666666668 124006766141.79787
-13.0 17.696969696969695 122170907728.61119
-13.0 17.727272727272727 120231138587.65729
-13.0 17.757575757575758 118182607057.43382
-13.0 17.78787878787879 116020241655.88773
-13.0 17.81818181818182 113738814873.19595
-13.0 17.848484848484848 111333049787.9978
-13.0 17.87878787878788 108797772787.8418
-13.0 17.90909090909091 106128112546.08873
-13.0 17.939393939393938 103319742504.04951
-13.0 17.96969696969697 100369161802.23419
-13.0 18.0 97274008012.37038
-13.0 18.03030303030303 94033393973.1421
-13.0 18.060606060606062 90648260134.48088
-13.0 18.09090909090909 87121732562.15512
-13.0 18.12121212121212 83459474655.80019
-13.0 18.151515151515152 79670017338.3447
-13.0 18.18181818181818 75765047894.34192
-13.0 18.21212121212121 71759632073.08434
-13.0 18.242424242424242 67672338357.91986
-13.0 18.272727272727273 63525228879.00358
-13.0 18.303030303030305 59343680331.243385
-13.0 18.333333333333332 55156002761.748474
-13.0 18.363636363636363 50992836197.43238
-13.0 18.393939393939394 46886325546.01122
