eg_uma/chi2_results.ecsv
# %ECSV 1.0
# ---
# datatype:
# - {name: Amplitude, datatype: float64}
# - {name: NH, datatype: float64}
# - {name: Chi2, datatype: float64}
# schema: astropy-2.0
Amplitude NH Chi2
[from data line 3150]
-11.626262626262626 17.515151515151516 199225664007.86304
-11.626262626262626 17.545454545454547 201701658674.51248
-11.626262626262626 17.575757575757574 204326306046.92722
-11.626262626262626 17.606060606060606 207109364753.3321
-11.626262626262626 17.636363636363637 210061394215.42783
-11.626262626262626 17.666666666666668 213193778327.98465
-11.626262626262626 17.696969696969695 216518726581.42737
-11.626262626262626 17.727272727272727 220049245741.14343
-11.626262626262626 17.757575757575758 223799074483.8558
-11.626262626262626 17.78787878787879 227782572589.99524
-11.626262626262626 17.81818181818182 232014555249.9421
-11.626262626262626 17.848484848484848 236510061548.14423
-11.626262626262626 17.87878787878788 241284043968.15442
-11.626262626262626 17.90909090909091 246350962480.7825
-11.626262626262626 17.939393939393938 251724262051.5004
-11.626262626262626 17.96969696969697 257415705809.7928
-11.626262626262626 18.0 263434527241.4358
-11.626262626262626 18.03030303030303 269786353252.54883
-11.626262626262626 18.060606060606062 276471835688.44666
-11.626262626262626 18.09090909090909 283484912200.8373
-11.626262626262626 18.12121212121212 290810599399.5535
-11.626262626262626 18.151515151515152 298422204556.61505
-11.626262626262626 18.18181818181818 306277831568.25934
-11.626262626262626 18.21212121212121 314316060725.4357
-11.626262626262626 18.242424242424242 322450713482.24384
-11.626262626262626 18.272727272727273 330564693109.2342
-11.626262626262626 18.303030303030305 338503048327.80927
-11.626262626262626 18.333333333333332 346065675626.51184
-11.626262626262626 18.363636363636363 353000494332.3404
-11.626262626262626 18.393939393939394 358998519320.4134
-11.626262626262626 18.424242424242426 363692994612.21484
-11.626262626262626 18.454545454545453 366665511059.264
-11.626262626262626 18.484848484848484 367462519547.7101
-11.626262626262626 18.515151515151516 365625365215.9189
-11.626262626262626 18.545454545454547 360735260652.44415
-11.626262626262626 18.575757575757574 352470976685.5108
-11.626262626262626 18.606060606060606 340671632270.00116
-11.626262626262626 18.636363636363637 325391278632.9485
-11.626262626262626 18.666666666666668 306928853041.47864
-11.626262626262626 18.696969696969695 285819655858.1136
-11.626262626262626 18.727272727272727 262783919350.24136
-11.626262626262626 18.757575757575758 238641509982.24637
-11.626262626262626 18.78787878787879 214213243838.3657
-11.626262626262626 18.81818181818182 190232882032.04535
-11.626262626262626 18.848484848484848 167288065437.19763
-11.626262626262626 18.87878787878788 145796884148.03687
-11.626262626262626 18.90909090909091 126015434827.72682
-11.626262626262626 18.939393939393938 108065044842.5211
-11.626262626262626 18.96969696969697 91966861231.5017
-11.626262626262626 19.0 77674512137.43523
-11.646464646464647 16.0 168152740569.8318
-11.646464646464647 16.03030303030303 168494445567.15936
-11.646464646464647 16.060606060606062 168847247381.77426
-11.646464646464647 16.09090909090909 169210748659.81573
-11.646464646464647 16.12121212121212 169584484593.27106
-11.646464646464647 16.151515151515152 169967933084.03452
-11.646464646464647 16.181818181818183 170360528269.89822
-11.646464646464647 16.21212121212121 170761677975.36765
-11.646464646464647 16.242424242424242 171170785420.73926
-11.646464646464647 16.272727272727273 171587275276.124
-11.646464646464647 16.303030303030305 172010623877.20844
-11.646464646464647 16.333333333333332 172440393123.24112
-11.646464646464647 16.363636363636363 172876267259.57593
-11.646464646464647 16.393939393939394 173318091421.5936
-11.646464646464647 16.424242424242426 173765910507.89713
-11.646464646464647 16.454545454545453 174220006689.32162
-11.646464646464647 16.484848484848484 174680933680.76523
-11.646464646464647 16.515151515151516 175149545838.06015
-11.646464646464647 16.545454545454547 175627020218.88306
-11.646464646464647 16.575757575757574 176114869981.60474
-11.646464646464647 16.606060606060606 176614947892.43124
-11.646464646464647 16.636363636363637 177129439257.97937
-11.646464646464647 16.666666666666668 177660844271.2159
-11.646464646464647 16.696969696969695 178211950511.70465
-11.646464646464647 16.727272727272727 178785797119.0144
-11.646464646464647 16.757575757575758 179385632888.7724
-11.646464646464647 16.78787878787879 180014871140.8461
-11.646464646464647 16.818181818181817 180677044592.3214
-11.646464646464647 16.848484848484848 181375763559.2428
-11.646464646464647 16.87878787878788 182114680564.01685
-11.646464646464647 16.90909090909091 182897463839.0651
-11.646464646464647 16.939393939393938 183727781347.11435
-11.646464646464647 16.96969696969697 184609295895.35492
-11.646464646464647 17.0 185545670856.3753
-11.646464646464647 17.03030303030303 186540585088.65314
-11.646464646464647 17.060606060606062 187597755018.0116
-11.646464646464647 17.09090909090909 188720961589.9917
-11.646464646464647 17.12121212121212 189914079947.80698
-11.646464646464647 17.151515151515152 191181110169.64645
-11.646464646464647 17.181818181818183 192526208089.67847
-11.646464646464647 17.21212121212121 193953715977.4635
-11.646464646464647 17.242424242424242 195468193517.70563
-11.646464646464647 17.272727272727273 197074450013.10535
-11.646464646464647 17.303030303030305 198777578979.00208
-11.646464646464647 17.333333333333332 200582996312.08057
-11.646464646464647 17.363636363636363 202496483032.5076
-11.646464646464647 17.393939393939394 204524233265.45468
-11.646464646464647 17.424242424242426 206672907681.3417
-11.646464646464647 17.454545454545453 208949692073.9205
-11.646464646464647 17.484848484848484 211362360125.10312
-11.646464646464647 17.515151515151516 213919338681.25735
-11.646464646464647 17.545454545454547 216629773046.46228
-11.646464646464647 17.575757575757574 219503588893.40213
-11.646464646464647 17.606060606060606 222551546425.0531
-11.646464646464647 17.636363636363637 225785281422.91965
-11.646464646464647 17.666666666666668 229217326824.0946
-11.646464646464647 17.696969696969695 232861107500.43558
-11.646464646464647 17.727272727272727 236730899959.3697
-11.646464646464647 17.757575757575758 240841747691.13687
-11.646464646464647 17.78787878787879 245209321735.68765
-11.646464646464647 17.81818181818182 249849714550.373
-11.646464646464647 17.848484848484848 254779153174.51016
-11.646464646464647 17.87878787878788 260013614689.9571
-11.646464646464647 17.90909090909091 265568322688.5203
-11.646464646464647 17.939393939393938 271457097448.6366
-11.646464646464647 17.96969696969697 277691524342.989
-11.646464646464647 18.0 284279894227.4823
-11.646464646464647 18.03030303030303 291225855930.29785
-11.646464646464647 18.060606060606062 298526704549.1029
-11.646464646464647 18.09090909090909 306171210845.3183
-11.646464646464647 18.12121212121212 314136878586.22235
-11.646464646464647 18.151515151515152 322386502240.1214
-11.646464646464647 18.18181818181818 330863894170.44604
-11.646464646464647 18.21212121212121 339488670343.6237
-11.646464646464647 18.242424242424242 348150045127.3447
-11.646464646464647 18.272727272727273 356699715898.8867
-11.646464646464647 18.303030303030305 364944152394.8986
-11.646464646464647 18.333333333333332 372636984335.1036
-11.646464646464647 18.363636363636363 379472736647.8179
-11.646464646464647 18.393939393939394 385083892617.87744
-11.646464646464647 18.424242424242426 389044086689.1279
-11.646464646464647 18.454545454545453 390880906529.3845
-11.646464646464647 18.484848484848484 390101875424.91486
-11.646464646464647 18.515151515151516 386236052325.0811
-11.646464646464647 18.545454545454547 378890687195.656
-11.646464646464647 18.575757575757574 367817326225.25555
-11.646464646464647 18.606060606060606 352975611527.07623
-11.646464646464647 18.636363636363637 334578208915.20154
-11.646464646464647 18.666666666666668 313100192693.24164
-11.646464646464647 18.696969696969695 289243168888.11444
-11.646464646464647 18.727272727272727 263857376052.48398
-11.646464646464647 18.757575757575758 237838826685.58463
-11.646464646464647 18.78787878787879 212026533292.2842
-11.646464646464647 18.81818181818182 187123085544.49673
-11.646464646464647 18.848484848484848 163651806792.16006
-11.646464646464647 18.87878787878788 141950965051.00943
-11.646464646464647 18.90909090909091 122195748233.52744
-11.646464646464647 18.939393939393938 104434727972.90416
-11.646464646464647 18.96969696969697 88628790305.52603
-11.646464646464647 19.0 74684636252.16023
-11.666666666666666 16.0 179944728581.56595
-11.666666666666666 16.03030303030303 180317362088.01852
-11.666666666666666 16.060606060606062 180702104039.1151
-11.666666666666666 16.09090909090909 181098521371.42886
-11.666666666666666 16.12121212121212 181506107486.21814
-11.666666666666666 16.151515151515152 181924293388.3781
-11.666666666666666 16.181818181818183 182352462508.66855
-11.666666666666666 16.21212121212121 182789969823.25894
-11.666666666666666 16.242424242424242 183236165632.53564
-11.666666666666666 16.272727272727273 183690424089.68982
-11.666666666666666 16.303030303030305 184152176272.6733
-11.666666666666666 16.333333333333332 184620947267.43835
-11.666666666666666 16.363636363636363 185096396381.44092
-11.666666666666666 16.393939393939394 185578359250.60693
-11.666666666666666 16.424242424242426 186066890267.08322
-11.666666666666666 16.454545454545453 186562303473.36493
-11.666666666666666 16.484848484848484 187065209878.2683
-11.666666666666666 16.515151515151516 187576549087.11926
-11.666666666666666 16.545454545454547 188097613230.5735
-11.666666666666666 16.575757575757574 188630061440.0653
-11.666666666666666 16.606060606060606 189175923554.88583
-11.666666666666666 16.636363636363637 189737592342.60144
-11.666666666666666 16.666666666666668 190317804241.59796
-11.666666666666666 16.696969696969695 190919609447.02667
-11.666666666666666 16.727272727272727 191546332998.5687
-11.666666666666666 16.757575757575758 192201529313.96143
-11.666666666666666 16.78787878787879 192888933257.67105
-11.666666666666666 16.818181818181817 193612411247.16385
-11.666666666666666 16.848484848484848 194375915998.6363
-11.666666666666666 16.87878787878788 195183448248.52734
-11.666666666666666 16.90909090909091 196039028154.28357
-11.666666666666666 16.939393939393938 196946678136.3164
-11.666666666666666 16.96969696969697 197910417792.29242
-11.666666666666666 17.0 198934270359.30035
-11.666666666666666 17.03030303030303 200022279198.92218
-11.666666666666666 17.060606060606062 201178532092.55942
-11.666666666666666 17.09090909090909 202407190859.4303
-11.666666666666666 17.12121212121212 203712523965.8589
-11.666666666666666 17.151515151515152 205098940315.10086
-11.666666666666666 17.181818181818183 206571023158.4727
-11.666666666666666 17.21212121212121 208133563885.7615
-11.666666666666666 17.242424242424242 209791596179.91434
-11.666666666666666 17.272727272727273 211550431544.88376
-11.666666666666666 17.303030303030305 213415697482.72354
-11.666666666666666 17.333333333333332 215393379608.50412
-11.666666666666666 17.363636363636363 217489868787.3472
-11.666666666666666 17.393939393939394 219712014005.6643
-11.666666666666666 17.424242424242426 222067181187.5887
-11.666666666666666 17.454545454545453 224563317557.13242
-11.666666666666666 17.484848484848484 227209020428.5771
-11.666666666666666 17.515151515151516 230013608475.40652
-11.666666666666666 17.545454545454547 232987192578.11514
-11.666666666666666 17.575757575757574 236140742291.3574
-11.666666666666666 17.606060606060606 239486142823.419
-11.666666666666666 17.636363636363637 243036236218.526
-11.666666666666666 17.666666666666668 246804839207.44373
-11.666666666666666 17.696969696969695 250806728959.93134
-11.666666666666666 17.727272727272727 255057586713.65063
-11.666666666666666 17.757575757575758 259573887892.60693
-11.666666666666666 17.78787878787879 264372725718.8622
-11.666666666666666 17.81818181818182 269471553241.59833
-11.666666666666666 17.848484848484848 274887825858.36224
-11.666666666666666 17.87878787878788 280638522414.603
-11.666666666666666 17.90909090909091 286739517410.2721
-11.666666666666666 17.939393939393938 293204769248.20154
-11.666666666666666 17.96969696969697 300045279363.20447
-11.666666666666666 18.0 307267764099.71094
-11.666666666666666 18.03030303030303 314872965245.2944
-11.666666666666666 18.060606060606062 322853506618.92285
-11.666666666666666 18.09090909090909 331191184535.8554
-11.666666666666666 18.12121212121212 339853562591.36584
-11.666666666666666 18.151515151515152 348789732176.0556
-11.666666666666666 18.18181818181818 357925110023.54974
-11.666666666666666 18.21212121212121 367155189795.81586
-11.666666666666666 18.242424242424242 376338271446.5673
-11.666666666666666 18.272727272727273 385287394472.32184
-11.666666666666666 18.303030303030305 393762041145.6009
-11.666666666666666 18.333333333333332 401460693670.3655
-11.666666666666666 18.363636363636363 408016041071.62244
-11.666666666666666 18.393939393939394 412995487282.9265
-11.666666666666666 18.424242424242426 415910430535.4339
-11.666666666666666 18.454545454545453 416238184219.04614
-11.666666666666666 18.484848484848484 413459784131.19916
-11.666666666666666 18.515151515151516 407114564762.26447
-11.666666666666666 18.545454545454547 396867848112.96533
-11.666666666666666 18.575757575757574 382581837729.3095
-11.666666666666666 18.606060606060606 364373801428.8077
-11.666666666666666 18.636363636363637 342643157989.3973
-11.666666666666666 18.666666666666668 318053314398.59705
-11.666666666666666 18.696969696969695 291465567369.9978
-11.666666666666666 18.727272727272727 263837343101.26407
-11.666666666666666 18.757575757575758 236108731682.00644
-11.666666666666666 18.78787878787879 209103938314.88724
-11.666666666666666 18.81818181818182 183467042473.97522
-11.666666666666666 18.848484848484848 159638634511.887
-11.666666666666666 18.87878787878788 137867737669.87512
-11.666666666666666 18.90909090909091 118246304123.46663
-11.666666666666666 18.939393939393938 100752399057.55533
-11.666666666666666 18.96969696969697 85291230622.85501
-11.666666666666666 19.0 71727888565.47498
-11.686868686868687 16.0 192784310444.56305
-11.686868686868687 16.03030303030303 193191505606.13483
-11.686868686868687 16.060606060606062 193611939830.39444
-11.686868686868687 16.09090909090909 194045140083.43893
-11.686868686868687 16.12121212121212 194490553006.6658
-11.686868686868687 16.151515151515152 194947557156.61954
-11.686868686868687 16.181818181818183 195415479290.19885
-11.686868686868687 16.21212121212121 195893615366.35205
-11.686868686868687 16.242424242424242 196381256657.6278
-11.686868686868687 16.272727272727273 196877721065.5129
-11.686868686868687 16.303030303030305 197382389405.85126
-11.686868686868687 16.333333333333332 197894746071.68976
-11.686868686868687 16.363636363636363 198414423097.2054
-11.686868686868687 16.393939393939394 198941246256.64328
-11.686868686868687 16.424242424242426 199475281466.4092
-11.686868686868687 16.454545454545453 200016879454.61914
-11.686868686868687 16.484848484848484 200566716461.5404
-11.686868686868687 16.515151515151516 201125828674.60178
-11.686868686868687 16.545454545454547 201695638212.3455
-11.686868686868687 16.575757575757574 202277968768.7473
-11.686868686868687 16.606060606060606 202875049512.5526
-11.686868686868687 16.636363636363637 203489506488.87665
-11.686868686868687 16.666666666666668 204124341559.4667
-11.686868686868687 16.696969696969695 204782899795.34808
-11.686868686868687 16.727272727272727 205468827136.77002
-11.686868686868687 16.757575757575758 206186020980.07355
-11.686868686868687 16.78787878787879 206938577045.5622
-11.686868686868687 16.818181818181817 207730736325.90866
-11.686868686868687 16.848484848484848 208566836022.9366
-11.686868686868687 16.87878787878788 209451268095.04764
-11.686868686868687 16.90909090909091 210388448353.82193
