eg_uma/chi2_results.ecsv
# %ECSV 1.0
# ---
# datatype:
# - {name: Amplitude, datatype: float64}
# - {name: NH, datatype: float64}
# - {name: Chi2, datatype: float64}
# schema: astropy-2.0
Amplitude NH Chi2
-11.5 14.0 616.7851304060193
-11.5 14.05 613.4500265768966
-11.5 14.100000000000001 610.2116380412157
-11.5 14.150000000000002 607.0378705445489
-11.5 14.200000000000003 603.9016208899918
-11.5 14.250000000000004 600.7820225393396
-11.5 14.300000000000004 597.664976214879
-11.5 14.350000000000005 594.5428629934637
-11.5 14.400000000000006 591.4134896047162
-11.5 14.450000000000006 588.278513342068
-11.5 14.500000000000007 585.141745031454
-11.5 14.550000000000008 582.0077514569682
-11.5 14.600000000000009 578.8810613834328
-11.5 14.65000000000001 575.7660833094486
-11.5 14.70000000000001 572.6676522669026
-11.5 14.75000000000001 569.5919878595594
-11.5 14.800000000000011 566.5477706459053
-11.5 14.850000000000012 563.5470162139242
-11.5 14.900000000000013 560.605446837366
-11.5 14.950000000000014 557.7421442141527
-11.5 15.000000000000014 554.9784162945823
-11.5 15.050000000000015 552.3359954286175
-11.5 15.100000000000016 549.8348441627761
-11.5 15.150000000000016 547.490922132038
-11.5 15.200000000000017 545.3142432848362
-11.5 15.250000000000018 543.3074562523042
-11.5 15.300000000000018 541.4650683992771
-11.5 15.35000000000002 539.7733528853471
-11.5 15.40000000000002 538.2109397658879
-11.5 15.45000000000002 536.7500736955722
-11.5 15.500000000000021 535.3584846678921
-11.5 15.550000000000022 534.0017387806861
-11.5 15.600000000000023 532.6458197360221
-11.5 15.650000000000023 531.2595831701344
-11.5 15.700000000000024 529.8166910810581
-11.5 15.750000000000025 528.2967218595595
-11.5 15.800000000000026 526.6853544232017
-11.5 15.850000000000026 524.9737663613739
-11.5 15.900000000000027 523.1575590569711
-11.5 15.950000000000028 521.2355554462168
-11.5 16.00000000000003 519.2087156550654
-11.5 16.05000000000003 517.0792575395968
-11.5 16.10000000000003 514.8499407247921
-11.5 16.15000000000003 512.5234202024841
-11.5 16.20000000000003 510.1015907822831
-11.5 16.250000000000032 507.58489027627166
-11.5 16.300000000000033 504.97157521077827
-11.5 16.350000000000033 502.2570142412314
-11.5 16.400000000000034 499.433060860252
-11.5 16.450000000000035 496.48757229759093
-11.5 16.500000000000036 493.4041392538716
-11.5 16.550000000000036 490.16208366949206
-11.5 16.600000000000037 486.7367698593019
-11.5 16.650000000000038 483.10025612003074
-11.5 16.70000000000004 479.2222847106359
-11.5 16.75000000000004 475.07156357025895
-11.5 16.80000000000004 470.6172352294219
-11.5 16.85000000000004 465.83037081996855
-11.5 16.90000000000004 460.68529435824206
-11.5 16.950000000000042 455.16055855291404
-11.5 17.000000000000043 449.23946475077673
-11.5 17.050000000000043 442.9101247116438
-11.5 17.100000000000044 436.16515858686705
-11.5 17.150000000000045 429.0011733700464
-11.5 17.200000000000045 421.4181588002151
-11.5 17.250000000000046 413.41889575634184
-11.5 17.300000000000047 405.00843237055244
-11.5 17.350000000000048 396.1936698204191
-11.5 17.40000000000005 386.983111516793
-11.5 17.45000000000005 377.38684557460164
-11.5 17.50000000000005 367.41682840792026
-11.5 17.55000000000005 357.0875051095081
-11.5 17.60000000000005 346.4167416449875
-11.5 17.650000000000052 335.4269667224563
-11.5 17.700000000000053 324.1463446589287
-11.5 17.750000000000053 312.6097423541657
-11.5 17.800000000000054 300.8592282022593
-11.5 17.850000000000055 288.943858847829
-11.5 17.900000000000055 276.9185788378155
-11.5 17.950000000000056 264.84218368739283
-11.5 18.000000000000057 252.7744752217655
-11.5 18.050000000000058 240.77294452709748
-11.5 18.10000000000006 228.88949821861374
-11.5 18.15000000000006 217.1678258814042
-11.5 18.20000000000006 205.64193490218287
-11.5 18.25000000000006 194.33615206864314
-11.5 18.30000000000006 183.2665724608224
-11.5 18.350000000000062 172.44362475314887
-11.5 18.400000000000063 161.8752069752517
-11.5 18.450000000000063 151.56977381182062
-11.5 18.500000000000064 141.53882421500015
-11.5 18.550000000000065 131.79841116070713
-11.5 18.600000000000065 122.36951975312203
-11.5 18.650000000000066 113.27737649081418
-11.5 18.700000000000067 104.54991348384101
-11.5 18.750000000000068 96.21569550683012
-11.5 18.800000000000068 88.30163391402269
-11.5 18.85000000000007 80.83078530811933
-11.5 18.90000000000007 73.82048640370925
-11.5 18.95000000000007 67.28101713085094
-11.5 19.00000000000007 61.21490992636939
-11.5 19.05000000000007 55.616936432696214
-11.55 14.0 474.8443506015671
-11.55 14.05 472.21178921793626
-11.55 14.100000000000001 469.6560155053643
-11.55 14.150000000000002 467.1516285160383
-11.55 14.200000000000003 464.67717504781024
-11.55 14.250000000000004 462.2161324712627
-11.55 14.300000000000004 459.75732737816037
-11.55 14.350000000000005 457.29470934194387
-11.55 14.400000000000006 454.82651918012857
-11.55 14.450000000000006 452.35404707964244
-11.55 14.500000000000007 449.88029496558977
-11.55 14.550000000000008 447.408875288964
-11.55 14.600000000000009 444.9433855343734
-11.55 14.65000000000001 442.4873429136919
-11.55 14.70000000000001 440.0446132887455
-11.55 14.75000000000001 437.62016219351955
-11.55 14.800000000000011 435.22089718070424
-11.55 14.850000000000012 432.85634938028505
-11.55 14.900000000000013 430.53895874191164
-11.55 14.950000000000014 428.28379351666416
-11.55 15.000000000000014 426.10765234522785
-11.55 15.050000000000015 424.02764230429995
-11.55 15.100000000000016 422.0594512874406
-11.55 15.150000000000016 420.21559337499065
-11.55 15.200000000000017 418.5038861907551
-11.55 15.250000000000018 416.926342659511
-11.55 15.300000000000018 415.47857059833296
-11.55 15.35000000000002 414.14970930139884
-11.55 15.40000000000002 412.92290218979423
-11.55 15.45000000000002 411.7762905813068
-11.55 15.500000000000021 410.68448606660985
-11.55 15.550000000000022 409.62041739052563
-11.55 15.600000000000023 408.55735689607155
-11.55 15.650000000000023 407.4708463025856
-11.55 15.700000000000024 406.3402138954178
-11.55 15.750000000000025 405.14944409391074
-11.55 15.800000000000026 403.8873195653393
-11.55 15.850000000000026 402.54694567053247
-11.55 15.900000000000027 401.12490309252667
-11.55 15.950000000000028 399.6203002999932
-11.55 16.00000000000003 398.033918661194
-11.55 16.05000000000003 396.36751876432544
-11.55 16.10000000000003 394.6232756647584
-11.55 16.15000000000003 392.803269617078
-11.55 16.20000000000003 390.90897093333075
-11.55 16.250000000000032 388.94069427069877
-11.55 16.300000000000033 386.89703367242635
-11.55 16.350000000000033 384.7743141415349
-11.55 16.400000000000034 382.5661080624839
-11.55 16.450000000000035 380.2628684671488
-11.55 16.500000000000036 377.85172883508545
-11.55 16.550000000000036 375.3165128322972
-11.55 16.600000000000037 372.63798788179366
-11.55 16.650000000000038 369.7943823436969
-11.55 16.70000000000004 366.7621637592212
-11.55 16.75000000000004 363.51704155922994
-11.55 16.80000000000004 360.0351131457368
-11.55 16.85000000000004 356.29402780307146
-11.55 16.90000000000004 352.2740174416531
-11.55 16.950000000000042 347.9586554671855
-11.55 17.000000000000043 343.3352603030225
-11.55 17.050000000000043 338.3949416283127
-11.55 17.100000000000044 333.1323625288915
-11.55 17.150000000000045 327.5453296385248
-11.55 17.200000000000045 321.6343179046844
-11.55 17.250000000000046 315.40200437217794
-11.55 17.300000000000047 308.85285488716397
-11.55 17.350000000000048 301.9927977190483
-11.55 17.40000000000005 294.8290273915643
-11.55 17.45000000000005 287.36999429946434
-11.55 17.50000000000005 279.6256332709156
-11.55 17.55000000000005 271.607857889069
-11.55 17.60000000000005 263.3312986235284
-11.55 17.650000000000052 254.81420127760185
-11.55 17.700000000000053 246.07934176965992
-11.55 17.750000000000053 237.15476807256798
-11.55 17.800000000000054 228.0741618769244
-11.55 17.850000000000055 218.87662929514406
-11.55 17.900000000000055 209.6057872829085
-11.55 17.950000000000056 200.30811380929302
-11.55 18.000000000000057 191.03067159243548
-11.55 18.050000000000058 181.81847726747793
-11.55 18.10000000000006 172.7119272471936
-11.55 18.15000000000006 163.74475190836574
-11.55 18.20000000000006 154.94290840610506
-11.55 18.25000000000006 146.32463964362313
-11.55 18.30000000000006 137.90167363813643
-11.55 18.350000000000062 129.68129256489811
-11.55 18.400000000000063 121.66883389730309
-11.55 18.450000000000063 113.8701325619805
-11.55 18.500000000000064 106.29347072325436
-11.55 18.550000000000065 98.95074178821756
-11.55 18.600000000000065 91.85771393430929
-11.55 18.650000000000066 85.03344893823343
-11.55 18.700000000000067 78.49905713428451
-11.55 18.750000000000068 72.27603360141109
-11.55 18.800000000000068 66.38443267830061
-11.55 18.85000000000007 60.841118343198126
-11.55 18.90000000000007 55.65829312720813
-11.55 18.95000000000007 50.842461921142174
-11.55 19.00000000000007 46.39392648568621
-11.55 19.05000000000007 42.30683358957409
-11.600000000000001 14.0 364.0158498905481
-11.600000000000001 14.05 361.93953194734047
-11.600000000000001 14.100000000000001 359.9241765189243
-11.600000000000001 14.150000000000002 357.9496892888205
-11.600000000000001 14.200000000000003 355.99909678028877
-11.600000000000001 14.250000000000004 354.05932117105937
-11.600000000000001 14.300000000000004 352.1215103211409
-11.600000000000001 14.350000000000005 350.1808595420609
-11.600000000000001 14.400000000000006 348.2359563089795
-11.600000000000001 14.450000000000006 346.28780206021383
-11.600000000000001 14.500000000000007 344.3387589200417
-11.600000000000001 14.550000000000008 342.3916829250741
-11.600000000000001 14.600000000000009 340.4494318004766
-11.600000000000001 14.65000000000001 338.51481310733016
-11.600000000000001 14.70000000000001 336.59092012137273
-11.600000000000001 14.75000000000001 334.6817195010058
-11.600000000000001 14.800000000000011 332.7927091083936
-11.600000000000001 14.850000000000012 330.9314480328728
-11.600000000000001 14.900000000000013 329.1077742770622
-11.600000000000001 14.950000000000014 327.3335777635514
-11.600000000000001 15.000000000000014 325.622089057624
-11.600000000000001 15.050000000000015 323.98675816592885
-11.600000000000001 15.100000000000016 322.43989587446396
-11.600000000000001 15.150000000000016 320.991297100115
-11.600000000000001 15.200000000000017 319.6470497341708
-11.600000000000001 15.250000000000018 318.40867163346655
-11.600000000000001 15.300000000000018 317.27264791385005
-11.600000000000001 15.35000000000002 316.230389854585
-11.600000000000001 15.40000000000002 315.2686131195376
-11.600000000000001 15.45000000000002 314.37012244894385
-11.600000000000001 15.500000000000021 313.5149690838795
-11.600000000000001 15.550000000000022 312.68189961630935
-11.600000000000001 15.600000000000023 311.8499441590056
-11.600000000000001 15.650000000000023 310.99992486451544
-11.600000000000001 15.700000000000024 310.1156437986177
-11.600000000000001 15.750000000000025 309.18456282428286
-11.600000000000001 15.800000000000026 308.1979127890329
-11.600000000000001 15.850000000000026 307.15031802107706
-11.600000000000001 15.900000000000027 306.039128973393
-11.600000000000001 15.950000000000028 304.8636761966789
-11.600000000000001 16.00000000000003 303.6245970318823
-11.600000000000001 16.05000000000003 302.3232889679364
-11.600000000000001 16.10000000000003 300.96146456800255
-11.600000000000001 16.15000000000003 299.5407506756079
-11.600000000000001 16.20000000000003 298.06228419563996
-11.600000000000001 16.250000000000032 296.5262855604733
-11.600000000000001 16.300000000000033 294.9316192035183
-11.600000000000001 16.350000000000033 293.2753693672731
-11.600000000000001 16.400000000000034 291.552469082408
-11.600000000000001 16.450000000000035 289.7554226012968
-11.600000000000001 16.500000000000036 287.8741592793701
-11.600000000000001 16.550000000000036 285.8960515700744
-11.600000000000001 16.600000000000037 283.8061221716419
-11.600000000000001 16.650000000000038 281.58745447237436
-11.600000000000001 16.70000000000004 279.2218034900723
-11.600000000000001 16.75000000000004 276.6903786298718
-11.600000000000001 16.80000000000004 273.9747355858634
-11.600000000000001 16.85000000000004 271.05768052747334
-11.600000000000001 16.90000000000004 267.92406997900645
-11.600000000000001 16.950000000000042 264.56139913471856
-11.600000000000001 17.000000000000043 260.96011393427887
-11.600000000000001 17.050000000000043 257.1136452675443
-11.600000000000001 17.100000000000044 253.0182218758915
-11.600000000000001 17.150000000000045 248.67254873145512
-11.600000000000001 17.200000000000045 244.07743366000986
-11.600000000000001 17.250000000000046 239.23542032098567
-11.600000000000001 17.300000000000047 234.15046244779901
-11.600000000000001 17.350000000000048 228.82766694832202
-11.600000000000001 17.40000000000005 223.27314080805291
-11.600000000000001 17.45000000000005 217.49398599795396
-11.600000000000001 17.50000000000005 211.49848396452836
-11.600000000000001 17.55000000000005 205.2964896528857
-11.600000000000001 17.60000000000005 198.90001574283298
-11.600000000000001 17.650000000000052 192.3239386710713
-11.600000000000001 17.700000000000053 185.58671024174853
-11.600000000000001 17.750000000000053 178.71092365906696
-11.600000000000001 17.800000000000054 171.7235699369529
-11.600000000000001 17.850000000000055 164.65583607926976
-11.600000000000001 17.900000000000055 157.5423441577162
-11.600000000000001 17.950000000000056 150.41981243185413
-11.600000000000001 18.000000000000057 143.3252323891429
-11.600000000000001 18.050000000000058 136.29378256012055
-11.600000000000001 18.10000000000006 129.3568072273858
-11.600000000000001 18.15000000000006 122.54023175395108
-11.600000000000001 18.20000000000006 115.86373359379566
-11.600000000000001 18.25000000000006 109.34084055783013
-11.600000000000001 18.30000000000006 102.97992670355202
-11.600000000000001 18.350000000000062 96.78588377780252
-11.600000000000001 18.400000000000063 90.7621171377913
-11.600000000000001 18.450000000000063 84.91247655593496
-11.600000000000001 18.500000000000064 79.24278164122877
-11.600000000000001 18.550000000000065 73.76171503633573
-11.600000000000001 18.600000000000065 68.48099893670177
-11.600000000000001 18.650000000000066 63.41490448281975
-11.600000000000001 18.700000000000067 58.57924039494438
-11.600000000000001 18.750000000000068 53.990016018690895
-11.600000000000001 18.800000000000068 49.66198274988922
-11.600000000000001 18.85000000000007 45.60724333435649
-11.600000000000001 18.90000000000007 41.83409265037021
-11.600000000000001 18.95000000000007 38.34621757325533
-11.600000000000001 19.00000000000007 35.14233391656477
-11.600000000000001 19.05000000000007 32.21627698928228
-11.650000000000002 14.0 277.6920140277325
-11.650000000000002 14.05 276.0559264801043
-11.650000000000002 14.100000000000001 274.4682345697148
-11.650000000000002 14.150000000000002 272.91305022913747
-11.650000000000002 14.200000000000003 271.37695102351046
-11.650000000000002 14.250000000000004 269.849590373832
-11.650000000000002 14.300000000000004 268.3239574645552
-11.650000000000002 14.350000000000005 266.7962369868348
-11.650000000000002 14.400000000000006 265.2652934240443
-11.650000000000002 14.450000000000006 263.7319013973565
-11.650000000000002 14.500000000000007 262.1979172540356
-11.650000000000002 14.550000000000008 260.6655976504576
-11.650000000000002 14.600000000000009 259.13721268458056
-11.650000000000002 14.65000000000001 257.6150047275704
-11.650000000000002 14.70000000000001 256.1014509200039
-11.650000000000002 14.75000000000001 254.59972204981662
-11.650000000000002 14.800000000000011 253.11419502616
-11.650000000000002 14.850000000000012 251.65086376929233
-11.650000000000002 14.900000000000013 250.217504201618
-11.650000000000002 14.950000000000014 248.8234902241905
-11.650000000000002 15.000000000000014 247.47923047544054
-11.650000000000002 15.050000000000015 246.19528512361944
-11.650000000000002 15.100000000000016 244.98129879509509
-11.650000000000002 15.150000000000016 243.84492230734713
