eg_uma/wd_removed_eguma.ecsv
# %ECSV 0.9
# ---
# datatype:
# - {name: WAVELENGTH, datatype: float64}
# - {name: FLUX, datatype: float64}
# - {name: ERROR, datatype: float64}
# schema: astropy-2.0
WAVELENGTH FLUX ERROR
[from data line 3497]
1172.5917095628222 2.2146353448215077e-15 1.1487671843510641e-15
1172.601675630667 1.8769238718002696e-15 1.1290886099885913e-15
1172.6116416985117 1.6237667851123328e-15 1.1152225213998443e-15
1172.6216077663564 1.5394827248811228e-15 1.1129072821994009e-15
1172.6315738342014 1.287197124981662e-15 1.1001281604986791e-15
1172.6415399020461 1.1191759889782848e-15 1.0921028485840965e-15
1172.6515059698909 1.0356681327992785e-15 1.0872409336769652e-15
1172.6614720377356 8.684007147835022e-16 1.0766908706565019e-15
1172.6714381055804 6.173289598866067e-16 1.0604413973726389e-15
1172.681404173425 8.709794387778078e-16 1.0730063688155038e-15
1172.6913702412699 1.1247064386254638e-15 1.085580633903866e-15
1172.7013363091148 1.546465242628642e-15 1.1096215126479933e-15
1172.7212684448043 1.8856647955582783e-15 1.1279274701194407e-15
1172.731234512649 2.2236204382787106e-15 1.1462612543172712e-15
1172.741200580494 1.889545075708939e-15 1.128061026886432e-15
1172.7511666483388 1.471641145780025e-15 1.104159695126299e-15
1172.7611327161835 8.859856779572096e-16 1.0688348094773076e-15
1172.7710987840285 5.527242427288052e-16 1.0497408809719522e-15
1172.8109630554075 3.0772054570100675e-16 1.0353584038291092e-15
1172.8209291232522 4.781960247144419e-16 1.0449363813461176e-15
1172.830895191097 7.325280958489023e-16 1.0602214229162368e-15
1172.8408612589417 1.1546741650867951e-15 1.0869282362178934e-15
1172.8508273267867 1.3245153688887014e-15 1.098423232253655e-15
1172.8607933946314 1.3263019833488032e-15 1.1004675835413029e-15
1172.8707594624761 1.1599823225166922e-15 1.0910563800353452e-15
1172.8807255303211 9.935271364130537e-16 1.0816253085245767e-15
1172.9006576660106 6.604246063112984e-16 1.060741660388045e-15
1172.9106237338553 4.940599510890296e-16 1.0493199394784847e-15
1172.9205898017003 5.799161779860946e-16 1.051472470426024e-15
1172.9504880052343 8.369522613005827e-16 1.065102816193023e-15
1172.9803862087688 1.0941672803252433e-15 1.0787598333334651e-15
1172.9903522766137 1.5166310716216844e-15 1.1038727779620096e-15
1173.0003183444585 1.7706729492684158e-15 1.1195010237298292e-15
1173.0102844123032 1.6881963957928107e-15 1.1174158556185187e-15
1173.030216547993 1.438839996245461e-15 1.1038500774790232e-15
1173.0401826158377 1.188211715689693e-15 1.090311350183731e-15
1173.0601147515272 8.551913986057974e-16 1.0710733921960245e-15
1173.070080819372 5.210707077446769e-16 1.0508850835702893e-15
1173.0800468872167 3.5543860896684107e-16 1.039582770589369e-15
1173.0999790229064 5.280083193958655e-16 1.0486281710585935e-15
1173.1099450907511 7.832219315998511e-16 1.0633885604211837e-15
1173.1298772264406 1.2080367831717525e-15 1.0869790107608837e-15
1173.1398432942856 1.8835855318376467e-15 1.1267247883664253e-15
1173.1498093621303 2.4749939154044937e-15 1.1607513148088108e-15
1173.1896736335093 2.5660933153636764e-15 1.1656454881187051e-15
1173.209605769199 2.4861215247622057e-15 1.159116077046555e-15
1173.2195718370438 2.0683462167863326e-15 1.1349236573319003e-15
1173.2295379048885 1.3145079527148491e-15 1.089899715888288e-15
1173.2395039727332 6.449505256863534e-16 1.050624309230884e-15
1173.259436108423 2.2946545255006446e-16 1.0259587843457383e-15
1173.2694021762677 -1.9281305249637352e-17 1.0127002487731344e-15
1173.2793682441127 -9.988084218442389e-17 1.0082696532071404e-15
1173.2993003798022 7.307270122461557e-17 1.0199449791692406e-15
1173.309266447647 3.286076946694488e-16 1.037303255850509e-15
1173.3391646511811 7.542172681795571e-16 1.0649320950084382e-15
1173.349130719026 1.0080724004724407e-15 1.0810722400557328e-15
1173.3590967868709 1.1773083907631698e-15 1.0914456187796628e-15
1173.3690628547156 1.2617614144094512e-15 1.0960338844465905e-15
1173.3889949904053 1.2628538871150865e-15 1.094833926751533e-15
1173.39896105825 9.265820629107892e-16 1.0728594899143182e-15
1173.4188931939395 6.762319412503469e-16 1.0566360713639126e-15
1173.4388253296293 5.943210127117389e-16 1.0518494576857925e-15
1173.4487913974738 5.113413470764195e-16 1.0471077435301405e-15
1173.4587574653187 5.128824405664626e-16 1.047129336094032e-15
1173.4687235331635 8.50667323215992e-16 1.0679750676477128e-15
1173.488655668853 1.3587528572786446e-15 1.0993057186119496e-15
1173.498621736698 1.697929254124286e-15 1.1193373905169467e-15
1173.5085878045427 1.953657803067896e-15 1.133761822895733e-15
1173.5285199402322 1.9584590772956874e-15 1.1330471744218711e-15
1173.5384860080771 1.8779333254009365e-15 1.1260450444262535e-15
1173.548452075922 1.5434184084655046e-15 1.1037294938686522e-15
1173.5584181437666 1.4593819591142355e-15 1.0972839593870709e-15
1173.5783502794561 1.4596623305113291e-15 1.096359321281189e-15
1173.5883163473009 1.963057943043211e-15 1.1240674156179268e-15
1173.6082484829906 2.467684363955898e-15 1.1513362657732726e-15
1173.6182145508353 3.1404151949425046e-15 1.1881849603062427e-15
1173.62818061868 3.730390263237325e-15 1.2188977956031478e-15
1173.638146686525 4.405030840117833e-15 1.25539781749371e-15
1173.6481127543698 4.491079216438951e-15 1.2611725222098566e-15
1173.6680448900593 4.3264928154615926e-15 1.2554725969504256e-15
1173.6780109579042 3.991902631178501e-15 1.240300519082284e-15
1173.687977025749 3.3209175131767503e-15 1.2064892270999274e-15
1173.6979430935937 2.4817269662059797e-15 1.16127073912899e-15
1173.7079091614382 1.9787997240338014e-15 1.133268656596919e-15
1173.7178752292832 1.4757369481197985e-15 1.102639599634761e-15
1173.727841297128 1.3091538431004333e-15 1.0892500111245578e-15
1173.7378073649727 1.3946110158353546e-15 1.0903604476014857e-15
1173.7477734328177 1.6483744483413679e-15 1.1028909143102112e-15
1173.7577395006624 1.650078409326477e-15 1.1003176180520572e-15
1173.777671636352 1.8211097893386417e-15 1.1081122490137848e-15
1173.7876377041969 1.5698499101954581e-15 1.0955549415250266e-15
1173.7976037720416 1.402476311678067e-15 1.088675312822373e-15
1173.8075698398864 1.0664679740126717e-15 1.0703296261175677e-15
1173.817535907731 8.981714822772713e-16 1.0623334013143936e-15
1173.8574001791103 9.02861673571972e-16 1.0648227227261567e-15
1173.867366246955 9.033733048535864e-16 1.0647020747412818e-15
1173.8773323147998 7.35892578304064e-16 1.0531937294662713e-15
1173.8872983826445 7.37048166383828e-16 1.0531593771980624e-15
1173.8972644504895 9.06634849950451e-16 1.0635941793631956e-15
1173.9072305183342 8.236042315080948e-16 1.0588417214416405e-15
1173.9271626540237 9.942173391003214e-16 1.0702185834863143e-15
1173.9470947897134 1.5011377972044633e-15 1.1018372866389901e-15
1173.9570608575582 1.837905846906839e-15 1.1219673939368534e-15
1173.967026925403 1.838288220960703e-15 1.1212296655092448e-15
1173.9769929932477 1.923216307730489e-15 1.1252638022220784e-15
1173.9969251289372 2.01007367094439e-15 1.1283585082456393e-15
1174.0168572646269 2.0133004812496047e-15 1.1240271849410638e-15
1174.0268233324716 2.6890761801480615e-15 1.1532364994871428e-15
1174.0367894003166 3.785849937374267e-15 1.207485710540395e-15
1174.0467554681613 4.882485543526741e-15 1.2617181605056871e-15
1174.056721536006 6.063264877499029e-15 1.3190324178768195e-15
1174.0666876038508 6.73882144897403e-15 1.3533171233496602e-15
1174.0766536716958 6.404086113349806e-15 1.3425551665671112e-15
1174.0866197395405 5.732482344119076e-15 1.313085192878108e-15
1174.096585807385 5.1450457316394504e-15 1.2883415681670934e-15
1174.1065518752298 4.136478686523145e-15 1.2432154609975152e-15
1174.1165179430748 3.54895462636211e-15 1.2187629682867355e-15
1174.1264840109195 3.382182798626805e-15 1.2115827343673649e-15
1174.1364500787643 3.2997832620817995e-15 1.208541642141233e-15
1174.1464161466092 3.4708520330775523e-15 1.2151855619034564e-15
1174.156382214454 4.231902426657327e-15 1.250360153414419e-15
1174.1663482822987 5.3302257544275345e-15 1.2981194081902042e-15
1174.1763143501435 6.344311774177915e-15 1.3411477569507443e-15
1174.1862804179884 7.611172262900636e-15 1.3953859836807365e-15
1174.1962464858332 8.287249039660195e-15 1.4249490530669068e-15
1174.206212553678 9.2165171950087e-15 1.4573331182500625e-15
1174.2161786215227 9.724475719430172e-15 1.4724087834400157e-15
1174.2261446893674 1.0738902788526437e-14 1.5113787500166398e-15
1174.2361107572121 1.1753963082513409e-14 1.5480385019922636e-15
1174.246076825057 1.2938323375325157e-14 1.5908813098797735e-15
1174.2560428929019 1.2942076305234417e-14 1.596161276203956e-15
1174.2660089607466 1.3030116196234837e-14 1.6042199713810559e-15
1174.2759750285913 1.2949130696491978e-14 1.6014993083307386e-15
1174.285941096436 1.2783404056591606e-14 1.5950319271753816e-15
1174.295907164281 1.3376478363843193e-14 1.617920647987731e-15
1174.3058732321258 1.464405788189415e-14 1.6627261430223784e-15
1174.3158392999705 1.5658406193866975e-14 1.6990054721725996e-15
1174.3258053678155 1.65038507829091e-14 1.729419911314714e-15
1174.3357714356603 1.7264687283729036e-14 1.757070651356527e-15
1174.345737503505 1.70975607694174e-14 1.7515015452536015e-15
1174.3557035713495 1.6846145498304686e-14 1.742789479354176e-15
1174.3656696391945 1.7100977221929142e-14 1.7507107146364638e-15
1174.3756357070392 1.668123061887016e-14 1.734990904607046e-15
1174.385601774884 1.541821606224479e-14 1.6891988940156545e-15
1174.3955678427287 1.3902075619617954e-14 1.6293075016330512e-15
1174.4055339105737 1.2132630346809248e-14 1.559155365579712e-15
1174.4154999784184 9.856634434892473e-15 1.4729182703696573e-15
1174.4254660462632 8.08655442947438e-15 1.4036784701156739e-15
1174.4354321141082 7.665461399783138e-15 1.3848045635005654e-15
1174.445398181953 7.750508621736955e-15 1.3879760073210164e-15
1174.4553642497976 8.088774073224145e-15 1.4014036513274738e-15
1174.4653303176424 8.174251045814081e-15 1.4040398143709726e-15
1174.4752963854874 8.259723495248114e-15 1.4060681160783363e-15
1174.4852624533319 7.586642398913383e-15 1.3799738160177618e-15
1174.4952285211766 7.418904394576464e-15 1.375864218833723e-15
1174.5051945890214 7.334987889785564e-15 1.3754139496714898e-15
1174.5151606568663 8.009453321888275e-15 1.4040716560335258e-15
1174.525126724711 9.35838720356044e-15 1.462265475805219e-15
1174.5350927925558 1.0623196991636508e-14 1.5164193617705873e-15
1174.5450588604008 1.1045965380675822e-14 1.5354485498537184e-15
1174.5550249282455 1.1132945718162521e-14 1.5383752587506528e-15
1174.5649909960903 1.0631089655491168e-14 1.5187407267133053e-15
1174.574957063935 9.033618904978823e-15 1.4542548141724918e-15
1174.58492313178 7.941785082193687e-15 1.4087018633838696e-15
1174.5948891996247 7.439582481402956e-15 1.3865166542561916e-15
1174.6048552674695 7.610394618356314e-15 1.3957838248916664e-15
1174.6148213353142 8.286339732314552e-15 1.4239488155764167e-15
1174.624787403159 9.805194132207994e-15 1.4865195866234878e-15
1174.6347534710037 1.1239731653806545e-14 1.5450351840474475e-15
1174.6447195388484 1.2337212099090942e-14 1.5901929431441988e-15
1174.6546856066934 1.2929442507417179e-14 1.613206248950562e-15
1174.6646516745382 1.2847157625251915e-14 1.6094563798829589e-15
1174.674617742383 1.2512095597490228e-14 1.5943136500123739e-15
1174.6845838102277 1.1755884316019747e-14 1.565416826249328e-15
1174.6945498780726 1.108397205738966e-14 1.5396616883452295e-15
1174.7045159459174 1.0833827793095651e-14 1.5285620364672694e-15
1174.714482013762 1.1427518926680057e-14 1.5520868010959756e-15
1174.724448081607 1.2021366930766327e-14 1.5754548239718582e-15
1174.7344141494518 1.2867733142477008e-14 1.6071569530935747e-15
1174.7443802172963 1.371384368576286e-14 1.6388394717084965e-15
1174.754346285141 1.388497678044059e-14 1.6474910289623023e-15
1174.764312352986 1.3211656397298331e-14 1.6214819166992992e-15
1174.7742784208308 1.2707384545839432e-14 1.6002803737095312e-15
1174.7842444886755 1.2203520896498475e-14 1.5791080635208392e-15
1174.7942105565203 1.1531510398987134e-14 1.550898359660869e-15
1174.8041766243653 1.1449509238977917e-14 1.5430354239622747e-15
1174.81414269221 1.1873985974887193e-14 1.5566114545885639e-15
1174.8241087600547 1.1790503422015833e-14 1.554936636670749e-15
1174.8340748278997 1.1284458900004953e-14 1.5341326875582904e-15
1174.8440408957445 1.1283484708442141e-14 1.5334978600812455e-15
1174.8540069635892 1.069255796446602e-14 1.5117688493464316e-15
1174.863973031434 1.0186126619448757e-14 1.4930209507406885e-15
1174.8739390992787 9.680879257085166e-15 1.4730476461820209e-15
1174.8839051671234 1.0441578199754466e-14 1.5045621676703162e-15
1174.8938712349682 1.0696928375305248e-14 1.516877460905385e-15
1174.9038373028131 1.1121027232876129e-14 1.5336413948963559e-15
1174.913803370658 1.1376706870362072e-14 1.5433386820861829e-15
1174.9237694385026 1.1970000423621695e-14 1.5650616619464125e-15
1174.9337355063474 1.1635339770892395e-14 1.551993796878367e-15
1174.9437015741923 1.1974982057494724e-14 1.5614210194714232e-15
1174.953667642037 1.3411202210042996e-14 1.6108664424065166e-15
1174.9636337098818 1.5268785542941222e-14 1.674302748988542e-15
1174.9735997777266 1.7378873022716974e-14 1.745440909319516e-15
1174.9835658455715 1.9488211386554204e-14 1.8164290635036638e-15
1174.9935319134163 2.109191668513447e-14 1.871004077309748e-15
1175.0034979812608 2.1598797135679162e-14 1.8888019471499823e-15
1175.0134640491058 2.1936580901279544e-14 1.8995309340220923e-15
1175.0234301169505 2.210585064686753e-14 1.904125593093706e-15
1175.0333961847953 2.2613279187583504e-14 1.9185400745294277e-15
1175.04336225264 2.3457825824867154e-14 1.941755912689743e-15
1175.053328320485 2.4724094716707792e-14 1.9762502655932925e-15
1175.0632943883297 2.4979035170290925e-14 1.9794501460038486e-15
1175.0732604561745 2.5320602428778752e-14 1.9845231754027533e-15
1175.0832265240192 2.5326006772812865e-14 1.9800896762078165e-15
1175.0931925918642 2.5080774338805003e-14 1.968988821543071e-15
1175.103158659709 2.3993000468330235e-14 1.934155729999519e-15
1175.1131247275537 2.4592909997462555e-14 1.9523506550041085e-15
1175.1230907953986 2.4430827941855943e-14 1.9501806311321424e-15
1175.1330568632432 2.4436418091037328e-14 1.9525912936762916e-15
1175.143022931088 2.4017490912461123e-14 1.944320227010524e-15
1175.1529889989326 2.4357341404571454e-14 1.9585104480031314e-15
1175.1629550667776 2.3937235664352473e-14 1.948039501248073e-15
1175.1729211346224 2.4445473833040748e-14 1.962961585812162e-15
1175.182887202467 2.5121628084243265e-14 1.982011858239416e-15
1175.192853270312 2.5796951565531143e-14 1.9996430048905765e-15
1175.2028193381568 2.613371604556408e-14 2.0063740030279096e-15
1175.2127854060016 2.6300978390829712e-14 2.0090626617853475e-15
1175.2227514738463 2.537079225580486e-14 1.9800579023078994e-15
1175.2327175416913 2.3258877896119073e-14 1.9158911924391925e-15
1175.242683609536 2.173907100842701e-14 1.869272274403373e-15
1175.2526496773808 2.0641935797581825e-14 1.8360568260536968e-15
1175.2626157452253 1.853172607476166e-14 1.7735490471528471e-15
1175.2725818130702 1.6843980404072406e-14 1.720856265916438e-15
1175.282547880915 1.6676629464720666e-14 1.716727468189551e-15
1175.2925139487597 1.5918122711832062e-14 1.6946445196555291e-15
1175.3024800166047 1.4737390295765324e-14 1.6594459029020508e-15
1175.3124460844494 1.4908248295892044e-14 1.6651009997897814e-15
1175.3224121522942 1.5501535856968002e-14 1.6881138210932991e-15
1175.332378220139 1.550372144192123e-14 1.6912698861835594e-15
1175.342344287984 1.567468793002787e-14 1.6986909654511523e-15
1175.3523103558286 1.5845797871634423e-14 1.7055565469594089e-15
1175.3622764236734 1.550982367890144e-14 1.6954493500332194e-15
1175.3722424915181 1.492030975680962e-14 1.6748378603589041e-15
1175.382208559363 1.3739244897251746e-14 1.6343522740128354e-15
1175.3921746272076 1.2558228454097067e-14 1.5928703499159655e-15
1175.4021406950524 1.2053062987688417e-14 1.5727700378490547e-15
1175.4121067628973 1.1716948085842266e-14 1.5581053801501637e-15
1175.422072830742 1.1634618620672261e-14 1.5534023584595423e-15
1175.4320388985868 1.2819964695237624e-14 1.590776586114307e-15
