eg_uma/wd_removed_eguma.ecsv
# %ECSV 0.9
# ---
# datatype:
# - {name: WAVELENGTH, datatype: float64}
# - {name: FLUX, datatype: float64}
# - {name: ERROR, datatype: float64}
# schema: astropy-2.0
WAVELENGTH FLUX ERROR
[from data line 3247]
1169.5819570736958 6.289916189087163e-17 1.0595742050412397e-15
1169.5919231415407 4.896354101848864e-16 1.0811820866764645e-15
1169.6118552772302 9.181466829288725e-16 1.1027963346113209e-15
1169.621821345075 1.5151026892437301e-15 1.1360642549580139e-15
1169.63178741292 1.94196187589971e-15 1.1603652710727702e-15
1169.6417534807647 2.4542884995841147e-15 1.1895081104731485e-15
1169.6517195486094 2.2868065206017514e-15 1.1816552409140997e-15
1169.6616856164542 2.290302360246745e-15 1.1845167418266228e-15
1169.6716516842991 2.1246097383654953e-15 1.1758707817665325e-15
1169.681617752144 1.959781801598081e-15 1.1673024810751782e-15
1169.7015498878334 1.711314832268548e-15 1.1539007698294338e-15
1169.7115159556781 1.885843920376967e-15 1.1647694697039958e-15
1169.7214820235229 1.8892671438873935e-15 1.16491303162416e-15
1169.7314480913676 1.976815139538929e-15 1.1707413907953175e-15
1169.7414141592126 1.8086631736801623e-15 1.1617709324131342e-15
1169.7513802270573 1.470455376086754e-15 1.142218887832322e-15
1169.771312362747 1.0488739205978194e-15 1.1168549232957927e-15
1169.7812784305918 5.410294624644186e-16 1.0867602289268716e-15
1169.7912444984365 2.0325565914219587e-16 1.0672476154238198e-15
1169.8012105662813 2.90519363451167e-16 1.0730473381050966e-15
1169.8211427019708 5.497272985489168e-16 1.0894588420155057e-15
1169.8311087698155 7.225913732370966e-16 1.1001337305873404e-15
1169.8410748376602 1.065298089937382e-15 1.1203490358471705e-15
1169.8510409055052 1.2382001117016375e-15 1.1300138850632494e-15
1169.86100697335 1.0714096327209302e-15 1.118591195147997e-15
1169.8709730411947 9.897530376643897e-16 1.1129645179097127e-15
1169.8809391090397 9.933280995451565e-16 1.1131682090047368e-15
1169.8909051768844 7.425815444237691e-16 1.098140983934971e-15
1169.9008712447292 4.92203584159709e-16 1.0831502592089684e-15
1169.910837312574 5.816483136045652e-16 1.0892377393112179e-15
1169.9208033804189 5.011705343007578e-16 1.0837852831976564e-15
1169.9407355161084 5.069058165787656e-16 1.0840179800889263e-15
1169.9507015839529 8.496815579938847e-16 1.1051662311537847e-15
1169.9606676517978 1.1069166617933132e-15 1.1214927776595843e-15
1169.9805997874873 1.1107209884724555e-15 1.1224883124231513e-15
1169.9905658553323 1.197306930898391e-15 1.1291863372619139e-15
1170.000531923177 1.1138191452890786e-15 1.1243489117713537e-15
1170.0104979910218 7.758786262213919e-16 1.1042811765915942e-15
1170.0204640588665 4.3807328514175736e-16 1.083234393297553e-15
1170.0304301267115 1.847935312752577e-16 1.0668987937036135e-15
1170.0403961945563 -6.884016377862058e-17 1.0505086282472116e-15
1170.060328330246 -6.671675401384914e-17 1.050308738636055e-15
1170.0702943980907 1.0290137758538305e-16 1.0595603204771685e-15
1170.0802604659352 4.4206714656181307e-16 1.0802807250359736e-15
1170.09022653378 7.818509446579169e-16 1.1010745165293285e-15
1170.1101586694697 1.378056582089016e-15 1.1365604773517016e-15
1170.1201247373144 1.803643081324439e-15 1.1616323103891181e-15
1170.1400568730041 2.1467776611967487e-15 1.1820251537546928e-15
1170.1500229408489 2.3186670015297603e-15 1.1909475853687668e-15
1170.1599890086936 2.4055454555928758e-15 1.1941038198656165e-15
1170.1699550765386 2.1532119391724125e-15 1.1784765973135973e-15
1170.1799211443833 1.90038414514587e-15 1.1627998436629544e-15
1170.189887212228 1.5622255743865713e-15 1.1423114482046661e-15
1170.1998532800728 1.5623132125554184e-15 1.1421071438577882e-15
1170.2098193479176 1.8161191007470633e-15 1.1580693069540746e-15
1170.2197854157623 2.0696264437061197e-15 1.1733851635828145e-15
1170.229751483607 2.323211324061167e-15 1.1887089755449955e-15
1170.2397175514518 2.6619151212682037e-15 1.2088218914621614e-15
1170.2496836192968 2.662428605251322e-15 1.2102425520619555e-15
1170.2596496871415 2.324690281418475e-15 1.190751744575098e-15
1170.2696157549863 1.9874570263914156e-15 1.170314042344637e-15
1170.289547890676 1.5673650390173374e-15 1.1451353408543312e-15
1170.3194460942104 1.148947140170666e-15 1.1199528344920265e-15
1170.3294121620552 7.276028189142384e-16 1.0942177780450414e-15
1170.3393782298997 6.44783837823356e-16 1.0894413423148157e-15
1170.3493442977447 6.468970028196706e-16 1.0904498536231342e-15
1170.3593103655894 8.182323243128712e-16 1.1009483628302964e-15
1170.3692764334342 9.895288347564289e-16 1.111445062775083e-15
1170.379242501279 1.3292284038962578e-15 1.1313272706343391e-15
1170.3892085691239 1.4149902821876818e-15 1.1359805105045849e-15
1170.3991746369686 1.6694583045045252e-15 1.151024123967814e-15
1170.4091407048134 1.671180750142891e-15 1.1509857533753035e-15
1170.4390389083478 1.592441257412902e-15 1.145316565247462e-15
1170.4490049761926 1.3423115682552263e-15 1.1303048171637086e-15
1170.4589710440375 1.1775553124095676e-15 1.1201263474972054e-15
1170.468937111882 7.595149617484793e-16 1.0948124121146727e-15
1170.4888692475715 5.11445057570742e-16 1.0798484434654082e-15
1170.4988353154165 3.45558597193234e-16 1.0705165188551817e-15
1170.5088013832612 1.7909015741828613e-16 1.0601431875650965e-15
1170.518767451106 -7.261835033109467e-17 1.0439756223672332e-15
1170.5287335189507 -3.2455111005326223e-16 1.0268007486478361e-15
1170.5386995867957 -2.386958124980851e-16 1.0278616506380084e-15
1170.5486656546404 1.5773047181960176e-17 1.0393152504795718e-15
1170.5685977903302 4.403661680398688e-16 1.062118444681171e-15
1170.578563858175 9.474464359700641e-16 1.0905680892581758e-15
1170.5885299260196 1.707584319046176e-15 1.1351069010515772e-15
1170.5984959938642 1.791851633504185e-15 1.1431299463059933e-15
1170.6184281295539 1.6243023337889316e-15 1.1359898651364542e-15
1170.6283941973986 1.708273254478074e-15 1.1390961992283154e-15
1170.6383602652436 2.129900213889402e-15 1.160487816411447e-15
1170.6483263330883 2.213599618167302e-15 1.1609918179557222e-15
1170.658292400933 2.6350083903617094e-15 1.1797213833803553e-15
1170.6682584687778 3.056952072332637e-15 1.1975169425147096e-15
1170.6782245366228 2.7194235166003153e-15 1.1777189127897511e-15
1170.6881906044675 1.7069443208525872e-15 1.1214048420871322e-15
1170.6981566723123 8.636783877558388e-16 1.0755682504576608e-15
1170.718088808002 1.9054730215827414e-16 1.0401598371956744e-15
1170.7380209436913 -1.4594075377048733e-16 1.0249430359879178e-15
1170.7479870115362 -6.183311349329055e-17 1.0314188468151659e-15
1170.7679191472257 5.3000269021542e-16 1.066602145824826e-15
1170.7878512829154 1.1219224772408874e-15 1.101801087838956e-15
1170.7978173507602 1.4600263298728156e-15 1.1219305242867254e-15
1170.807783418605 1.2932911005215743e-15 1.1130574713053446e-15
1170.8177494864497 1.1262276374329423e-15 1.1041368658943046e-15
1170.8277155542946 8.746646757460272e-16 1.0888881552613589e-15
1170.8376816221394 6.224274758330594e-16 1.0735387357991166e-15
1170.8476476899841 6.217520308811576e-16 1.0716323085803361e-15
1170.8675798256736 8.744923396068283e-16 1.0841313469785867e-15
1170.8775458935183 1.20968820107589e-15 1.1023431719845398e-15
1170.887511961363 1.2081476644342973e-15 1.1018774427769534e-15
1170.897478029208 1.3756409380435171e-15 1.111968017528586e-15
1170.9074440970528 1.291462748984305e-15 1.1091966578623098e-15
1170.9174101648975 1.207440532572001e-15 1.1064505058965435e-15
1170.9273762327425 1.0389317517545183e-15 1.0979574014021147e-15
1170.9373423005873 1.1226493333594678e-15 1.1039628345049616e-15
1170.947308368432 9.532468734902871e-16 1.0947187946452104e-15
1170.9572744362767 8.673778033804487e-16 1.0895283630916844e-15
1170.9672405041217 7.816980451343592e-16 1.0843662461555193e-15
1170.9772065719665 6.964155453404937e-16 1.0792503704420109e-15
1170.987172639811 9.477635645388378e-16 1.0924796969304616e-15
1170.9971387076557 1.4516087002412792e-15 1.119316153706893e-15
1171.0071047755007 1.9560609891603498e-15 1.1462116046340349e-15
1171.0270369111902 2.4629279024926876e-15 1.1732189248965866e-15
1171.0569351147246 2.9716518299788634e-15 1.2002532519576285e-15
1171.0669011825694 2.8887963421590947e-15 1.196473096379963e-15
1171.0768672504144 2.638021163464774e-15 1.1838739996737188e-15
1171.086833318259 2.3862848903664844e-15 1.1711844364605766e-15
1171.0967993861038 2.301316665207038e-15 1.1688101624518412e-15
1171.1067654539486 2.2158585161909014e-15 1.166382809970499e-15
1171.1167315217933 2.6343155140893975e-15 1.1890422423521589e-15
1171.1366636574828 2.8020259630071534e-15 1.197042383835681e-15
1171.1466297253278 2.800755706108739e-15 1.1946136117271193e-15
1171.1565957931725 2.464221702581729e-15 1.171315902750254e-15
1171.1665618610173 2.1283610563664695e-15 1.1480994276211619e-15
1171.176527928862 1.2890259914196904e-15 1.0998231574869e-15
1171.186493996707 7.029286631750981e-16 1.0663186201804574e-15
1171.1964600645517 2.8584479944984944e-16 1.0434460438160826e-15
1171.2064261323965 2.0583320780982852e-16 1.0416769748481606e-15
1171.2163922002412 1.263273456612957e-16 1.0399684348546495e-15
1171.2263582680862 2.1481829673723867e-16 1.045082447095674e-15
1171.236324335931 3.8681543934454955e-16 1.0558577192361537e-15
1171.2462904037754 7.2650478518777e-16 1.077039533134514e-15
1171.2562564716204 7.28990882241203e-16 1.0771324357081689e-15
1171.2662225394652 7.30965727148294e-16 1.077163958886334e-15
1171.27618860731 9.010071892650074e-16 1.0886803916319247e-15
1171.2861546751546 1.0711629415372932e-15 1.0991998767629925e-15
1171.3060868108444 9.062134569877062e-16 1.088703962864781e-15
1171.316052878689 9.91980036703052e-16 1.0944509018409165e-15
1171.3359850143788 1.07925087523102e-15 1.100181028907115e-15
1171.3459510822236 1.0809703989968208e-15 1.1001836208279334e-15
1171.3559171500683 9.145366879638142e-16 1.090714022870592e-15
1171.3658832179133 9.167930866226103e-16 1.0917990381947069e-15
1171.3858153536025 8.369426898836411e-16 1.0871776332107511e-15
1171.3957814214473 7.556982841405399e-16 1.0825863995403765e-15
1171.4057474892923 7.582604871042834e-16 1.0826971948380091e-15
1171.415713557137 1.013657315320211e-15 1.0964523526038516e-15
1171.4256796249817 1.3532903758241237e-15 1.1159563500877639e-15
1171.4356456928267 1.6086978681848948e-15 1.1297105659529693e-15
1171.4456117606715 1.780176575806509e-15 1.1377502638751283e-15
1171.465543896361 1.785613663946401e-15 1.1363775114588312e-15
1171.4854760320507 1.3693885775763201e-15 1.111448450906872e-15
1171.4954420998954 8.66880695731481e-16 1.0807139383427806e-15
1171.50540816774 5.324483588234906e-16 1.0614340454479214e-15
1171.5153742355849 3.659799279100129e-16 1.0535956635404022e-15
1171.5253403034296 1.9874771891762914e-16 1.044666120237703e-15
1171.5353063712744 2.8419289198113883e-16 1.0503552373567273e-15
1171.5452724391193 5.38256473397467e-16 1.0649375499006183e-15
1171.555238506964 7.925880052162923e-16 1.0785427760585335e-15
1171.5652045748088 1.047127907140141e-15 1.0911638143062432e-15
1171.5751706426536 1.6391304786346098e-15 1.1242205252934723e-15
1171.5851367104985 2.3157811267767133e-15 1.1630820648765843e-15
1171.5951027783433 2.6559846470299424e-15 1.1842515391989691e-15
1171.605068846188 2.74373236057595e-15 1.1902338110329064e-15
1171.6250009818777 2.580728146482039e-15 1.1810363410445952e-15
1171.644933117567 1.912151621255876e-15 1.1426049722259438e-15
1171.654899185412 1.2418136302170607e-15 1.1031490459068212e-15
1171.6648652532567 9.078530901368064e-16 1.0813625893975245e-15
1171.6748313211015 9.103714247402533e-16 1.080464029742023e-15
1171.6847973889462 1.1650642918201258e-15 1.0957102331574445e-15
1171.6947634567912 1.840724808744942e-15 1.1360008833410322e-15
1171.704729524636 2.263506985047093e-15 1.1610670886915473e-15
1171.7146955924807 2.2652738828417128e-15 1.1626976677725934e-15
1171.7246616603256 2.0143040131005406e-15 1.1491227687823217e-15
1171.7346277281704 1.5946545538167721e-15 1.1240474595216894e-15
1171.7445937960151 8.375872753569437e-16 1.0779690196569861e-15
1171.7545598638599 4.1665201158891437e-16 1.0527408073968472e-15
1171.7645259317046 2.477069743983184e-16 1.0420032451631794e-15
1171.7744919995494 1.6246918894981808e-16 1.0359361887193539e-15
1171.7944241352388 1.6302026812958277e-16 1.035608102365696e-15
1171.8043902030838 4.991102401132212e-16 1.056262716181422e-15
1171.8143562709286 7.518880080509985e-16 1.0706759846659636e-15
1171.8243223387733 1.0055410574848227e-15 1.0852198690191033e-15
1171.8342884066183 1.1759737805366445e-15 1.0941471016159224e-15
1171.844254474463 1.4314057600959619e-15 1.1089216025474137e-15
1171.8542205423078 1.4350372315173718e-15 1.108569199571906e-15
1171.8641866101525 1.1021844157145483e-15 1.089543674059239e-15
1171.8741526779975 7.693884019412036e-16 1.0705262902272611e-15
1171.8841187458422 5.207041150828908e-16 1.0572417202499903e-15
1171.9040508815317 1.0525007328648512e-16 1.0325170792413895e-15
1171.9140169493764 -1.4326893203282933e-16 1.0172609960336714e-15
1171.933949085066 3.059660780324756e-17 1.0270213532967505e-15
1171.943915152911 2.8780772077600193e-16 1.0425789023066605e-15
1171.9538812207556 5.456079451635358e-16 1.0582243767246271e-15
1171.9638472886004 1.0554581881842504e-15 1.0899357215648098e-15
1171.98377942429 1.482389610207844e-15 1.1168904139762826e-15
1172.0037115599796 1.6566599725004027e-15 1.1286721814866666e-15
1172.0336097635138 1.831275758836157e-15 1.1393005645615652e-15
1172.0435758313586 2.086373389080204e-15 1.155520605144577e-15
1172.0535418992035 2.004762166725078e-15 1.150914761849928e-15
1172.073474034893 2.0087217657769007e-15 1.1504027914196852e-15
1172.0834401027378 2.2637481351390964e-15 1.163427640766537e-15
1172.0934061705827 2.4357505711784407e-15 1.1718633062627467e-15
1172.1033722384275 2.4396419377190568e-15 1.1689622319709277e-15
1172.133270441962 2.9520947737178203e-15 1.1947069310409842e-15
1172.1432365098067 3.2086388058929292e-15 1.2074994290860089e-15
1172.1532025776512 3.0437001159581987e-15 1.1969083798352932e-15
1172.1631686454962 2.792730847610419e-15 1.181417370345588e-15
1172.173134713341 2.6247854617635146e-15 1.1714400947209804e-15
1172.1831007811857 1.8664754758557807e-15 1.1306588023967615e-15
1172.1930668490306 1.19238030924316e-15 1.0930035461507571e-15
1172.2030329168754 7.71030592254038e-16 1.0698765414178177e-15
1172.2129989847201 5.182032978441159e-16 1.056184911123019e-15
1172.2229650525649 2.653204296025238e-16 1.04248561009785e-15
1172.2329311204098 1.8066017662848386e-16 1.035548027400945e-15
1172.2528632560993 2.649018972342486e-16 1.0398745395583801e-15
1172.272795391789 4.323025766850549e-16 1.0497696834802906e-15
1172.2927275274783 3.476036945455259e-16 1.0445573036090353e-15
1172.3026935953233 3.4594484381797533e-16 1.0451239788151437e-15
1172.3325917988575 4.317410771771638e-16 1.051416346022939e-15
1172.3425578667025 3.4709836625546144e-16 1.046412177014514e-15
1172.3525239345472 9.517033284432069e-17 1.0301260136515081e-15
1172.362490002392 1.1844326168761153e-17 1.0243088963016267e-15
1172.3724560702367 -7.117392802607242e-17 1.0175422617941365e-15
1172.3824221380817 1.460893960896229e-17 1.0212867234034046e-15
1172.3923882059264 1.8466264082784133e-16 1.0307652728049328e-15
1172.4023542737712 6.072452900489376e-16 1.056404373971521e-15
1172.412320341616 1.0298178511076315e-15 1.0820419606431993e-15
1172.4222864094606 1.1999105327827444e-15 1.0925144625507487e-15
1172.4322524773054 1.1173969916398609e-15 1.0878071989191276e-15
1172.4422185451501 1.034884763398047e-15 1.083100128411018e-15
1172.452184612995 6.997861667905563e-16 1.063221271414101e-15
1172.4621506808398 3.6462350061089996e-16 1.0433328260042207e-15
1172.4721167486846 1.977836621667516e-16 1.0338866468138051e-15
1172.4820828165296 1.1522129804482372e-16 1.0291773299743196e-15
1172.4920488843743 2.003412861656313e-16 1.0348380342201611e-15
1172.502014952219 4.52599661970483e-16 1.0498197499037367e-15
1172.5119810200638 9.563128294158192e-16 1.07927055693121e-15
1172.5219470879088 1.4591800650567686e-15 1.1085956710455737e-15
1172.541879223598 1.8784087558052104e-15 1.1320585243420994e-15
