eg_uma/wd_removed_eguma.ecsv
# %ECSV 0.9
# ---
# datatype:
# - {name: WAVELENGTH, datatype: float64}
# - {name: FLUX, datatype: float64}
# - {name: ERROR, datatype: float64}
# schema: astropy-2.0
WAVELENGTH FLUX ERROR
[from data line 11043]
1303.0769035007947 1.4862687487487023e-15 1.9044780875487714e-15
1303.0868738930226 4.176461291762516e-16 1.8796141468897974e-15
1303.0968442852507 -3.4757281234691773e-16 1.8619291763770364e-15
1303.1068146774785 -1.1132250281631053e-15 1.8433843454500684e-15
1303.1167850697066 -2.5620584438509878e-15 1.8068220530853554e-15
1303.1267554619342 -3.4045090363528617e-15 1.7847367802929262e-15
1303.1367258541623 -4.323296338703315e-15 1.7605270946586748e-15
1303.14669624639 -5.621813457980129e-15 1.7241699977195003e-15
1303.1566666386182 -6.7681919402821405e-15 1.691256442076621e-15
1303.166637030846 -7.003849000263009e-15 1.6831707163841077e-15
1303.176607423074 -7.845859067869989e-15 1.6577076625452768e-15
1303.1865778153021 -8.535723925526337e-15 1.6364649469780086e-15
1303.1965482075298 -8.314423718884939e-15 1.6435601658945296e-15
1303.2065185997578 -7.71347216444956e-15 1.6612613215128463e-15
1303.2164889919857 -7.794952964997565e-15 1.660181168157849e-15
1303.2264593842137 -6.2072833112992866e-15 1.7038009220984257e-15
1303.2364297764416 -4.3157168030882094e-15 1.7548338880645809e-15
1303.2464001686697 -3.3349061067359416e-15 1.7775583895172486e-15
1303.2563705608975 -2.2786193537722966e-15 1.8014233090250446e-15
1303.2663409531253 -7.674344373999909e-16 1.8378131624223556e-15
1303.2763113453532 -1.4564964772287827e-15 1.8182357339581803e-15
1303.2862817375812 -2.4494483920188732e-15 1.790883593359065e-15
1303.296252129809 -2.380186974108758e-15 1.7957935418105688e-15
1303.3062225220372 -3.221226443602139e-15 1.7771911702414275e-15
1303.316192914265 -4.289906966346857e-15 1.7522065748213147e-15
1303.3261633064928 -3.537866994147017e-15 1.774113797900099e-15
1303.3361336987207 -3.544406893499876e-15 1.776501390654897e-15
1303.3461040909488 -4.4615390934713884e-15 1.7525044322631508e-15
1303.3560744831768 -4.4683278511043e-15 1.753138541456256e-15
1303.3660448754047 -4.399201721296525e-15 1.7558735769616224e-15
1303.3760152676327 -5.544480280494555e-15 1.7271766699147874e-15
1303.3859856598606 -5.931658253262602e-15 1.7185138538990467e-15
1303.3959560520884 -5.9398877122946836e-15 1.7202699022765033e-15
1303.4059264443163 -6.404217918232618e-15 1.7092715928084846e-15
1303.4158968365443 -6.566062900886641e-15 1.7061912727924998e-15
1303.4258672287722 -6.272650239349042e-15 1.7143396619824499e-15
1303.4358376210002 -5.979210404994654e-15 1.7223954128730257e-15
1303.445808013228 -6.0650570844033424e-15 1.7188876868081195e-15
1303.4557784054562 -5.998279133213417e-15 1.7195503240708883e-15
1303.4657487976838 -6.385741166950507e-15 1.7084445295099949e-15
1303.4757191899118 -6.6213489634953145e-15 1.701325929095998e-15
1303.4856895821397 -6.93187519792136e-15 1.692108530116504e-15
1303.4956599743678 -6.179308066296625e-15 1.7133325736894826e-15
1303.5056303665956 -5.1986758906081544e-15 1.7406911957847104e-15
1303.5156007588237 -4.293447197748147e-15 1.765649509466536e-15
1304.004149977992 -4.244933270822447e-15 1.7761794503723046e-15
1304.01412037022 -3.566595091015176e-15 1.7946209026221265e-15
1304.024090762448 -3.571849769091643e-15 1.793753351148758e-15
1304.034061154676 -4.184857227561532e-15 1.776188699972089e-15
1304.0440315469039 -4.267612845331612e-15 1.7731157660834039e-15
1304.054001939132 -3.441167363277222e-15 1.7947617811419137e-15
1304.0639723313595 -3.222068492376929e-15 1.800447547398599e-15
1304.0739427235876 -2.6992303828551245e-15 1.812496658835927e-15
1304.0839131158154 -9.620451825679355e-16 1.8562587922386734e-15
1304.0938835080435 9.27333203615857e-16 1.902383158229777e-15
1304.1038539002714 2.1347919946812297e-15 1.9305512795483e-15
1304.1138242924994 3.950072548502937e-15 1.9747051690772834e-15
1304.123794684727 5.158919931500878e-15 2.006050490652167e-15
1304.1337650769551 5.609076515511037e-15 2.0178647706751982e-15
1304.143735469183 5.60399700384806e-15 2.019077383042488e-15
1304.153705861411 6.432582362177754e-15 2.039316015589685e-15
1304.1636762536389 6.729161572930225e-15 2.0456664181068946e-15
1304.173646645867 6.873087828302013e-15 2.048013248248139e-15
1304.1836170380948 7.016928160651797e-15 2.050320959019747e-15
1304.1935874303226 7.08478692712743e-15 2.0509707755918265e-15
1304.2035578225507 6.1667215691434444e-15 2.029903670283315e-15
1304.2135282147785 6.311366515030473e-15 2.034053630281356e-15
1304.2234986070066 6.608076914245659e-15 2.0410522162911222e-15
1304.2334689992344 6.904882587726914e-15 2.0480214407508045e-15
1304.2434393914625 6.898191816110198e-15 2.047696532464765e-15
1304.2534097836904 7.95374365065235e-15 2.0688463895040912e-15
1304.2633801759182 8.326402208762388e-15 2.073674565394867e-15
1304.273350568146 9.533830032303213e-15 2.098961114508149e-15
1304.283320960374 1.0361743591861784e-14 2.116299743413173e-15
1304.293291352602 1.1872582140766164e-14 2.1498417805622566e-15
1304.30326174483 1.1410588662805174e-14 2.1423188405005586e-15
1304.3132321370579 1.0721002852927972e-14 2.130309038168247e-15
1304.3232025292857 9.044827218457408e-15 2.0950023129056448e-15
1304.3331729215136 7.44453109933148e-15 2.0608737901438823e-15
1304.3431433137416 5.692431022888581e-15 2.0228365626962475e-15
1304.3531137059697 5.5337884358837575e-15 2.019993676179773e-15
1304.3630840981975 5.07146678347785e-15 2.010718916129091e-15
1304.3730544904256 5.6722030572642055e-15 2.0251502501323316e-15
1304.3830248826534 6.956418754282315e-15 2.054889881842291e-15
1304.3929952748813 8.01354125895922e-15 2.0796523276253935e-15
1304.4029656671091 9.147488974325728e-15 2.1048482916471642e-15
1304.4129360593372 1.096541606565047e-14 2.144395094437132e-15
1304.422906451565 1.1644600871829345e-14 2.159350416574071e-15
1304.432876843793 1.1792199997585702e-14 2.162641383519643e-15
1304.442847236021 1.2318869271009409e-14 2.1739649062055623e-15
1304.452817628249 1.2768446891059465e-14 2.1828012826603274e-15
1304.4627880204766 1.2761356387654582e-14 2.182059471533913e-15
1304.4727584127047 1.2602665553653088e-14 2.175421884190003e-15
1304.4827288049325 1.2292460312077599e-14 2.165414081497976e-15
1304.4926991971606 1.1830651216248567e-14 2.1520188043144992e-15
1304.5026695893885 1.0838255532299288e-14 2.1286879865137916e-15
1304.5126399816165 9.922559020536905e-15 2.106902339767992e-15
1304.5226103738441 1.105562040062756e-14 2.1328931120736215e-15
1304.5325807660722 1.2264236577511908e-14 2.160309467934534e-15
1304.5425511583003 1.2789539620672853e-14 2.1736235112702378e-15
1304.5525215505281 1.293507239261388e-14 2.179084034525589e-15
1304.5624919427562 1.2624881313429116e-14 2.173592143946135e-15
1304.572462334984 1.064498500729893e-14 2.131592930052113e-15
1304.582432727212 8.96861001515373e-15 2.096635975186619e-15
1304.5924031194397 7.595806887920288e-15 2.0674104111604796e-15
1304.6023735116678 6.450405001969991e-15 2.0419367558572808e-15
1304.6123439038956 6.898213271837348e-15 2.0521805554809397e-15
1304.6223142961237 7.497499221930101e-15 2.0651772867220745e-15
1304.6322846883515 8.703454156819597e-15 2.0900213390474474e-15
1304.6422550805796 1.0364336528576257e-14 2.1255629973683e-15
1304.6522254728075 1.2632509404025048e-14 2.174851437993213e-15
1304.6621958650353 1.4142197953237593e-14 2.206464259349103e-15
1304.6721662572631 1.6183414042530992e-14 2.247930858925891e-15
1304.6821366494912 1.7011621895216748e-14 2.265212973792674e-15
1304.6921070417193 1.9055056262154903e-14 2.3042887788301237e-15
1304.7020774339471 2.216167540693981e-14 2.3615015040559342e-15
1304.7120478261752 2.458613080782927e-14 2.406327761562185e-15
1304.7220182184028 2.6480261184372736e-14 2.4414622342046334e-15
1304.7319886106309 2.928422190457639e-14 2.4942527765956823e-15
1304.7419590028587 2.996265264814428e-14 2.5081849303661837e-15
1304.7519293950868 2.8819134089130246e-14 2.4895819116638703e-15
1304.7618997873146 2.873715516669149e-14 2.4899562256876574e-15
1304.7718701795427 2.910956916944884e-14 2.4981401631563386e-15
1304.7818405717705 2.9785103331387683e-14 2.5104037704409658e-15
1304.7918109639984 3.1446865736495376e-14 2.5397825864441858e-15
1304.8017813562262 3.295652053991529e-14 2.5654965348301253e-15
1304.8117517484543 3.3403545405950233e-14 2.572614701563253e-15
1304.8217221406821 3.301561072907328e-14 2.565359417136624e-15
1304.8316925329102 3.1034611179469804e-14 2.5308410017211085e-15
1304.841662925138 2.8370668751184987e-14 2.4841091098189156e-15
1304.8516333173661 2.6541378087920344e-14 2.4529349024519052e-15
1304.8616037095937 2.5015573231020017e-14 2.4268998540400565e-15
1304.8715741018218 2.386913261162586e-14 2.4073420055894903e-15
1304.8815444940499 2.45434479947974e-14 2.4188400373913353e-15
1304.8915148862777 2.5521587997511983e-14 2.4357271706304178e-15
1304.9014852785058 2.6120644571082616e-14 2.4453608896916195e-15
1304.9114556707336 2.6871883556291065e-14 2.4577317110185787e-15
1304.9214260629615 2.762347544930667e-14 2.4700916564424945e-15
1304.9313964551893 2.609904427655873e-14 2.4431211448436994e-15
1304.9413668474174 2.442286234016287e-14 2.4131238321586577e-15
1304.9513372396452 2.2746766462314602e-14 2.3830188920792062e-15
1304.9613076318733 2.069115347445339e-14 2.3459652867237686e-15
1304.9712780241011 1.878699119728885e-14 2.311714540495849e-15
1304.9812484163292 1.8779499674605118e-14 2.3114520822549444e-15
1304.9912188085568 1.953055014416098e-14 2.3256821612299173e-15
1305.001189200785 2.0357164437286294e-14 2.3413542223180328e-15
1305.0111595930127 2.1410991751769586e-14 2.3611362227914966e-15
1305.0211299852408 2.2389678163638076e-14 2.3795382236347673e-15
1305.0311003774689 2.2382565269822205e-14 2.379657438439896e-15
1305.0410707696967 2.085839346370314e-14 2.34988726610999e-15
1305.0510411619248 1.9562569949465058e-14 2.3247537046995094e-15
1305.0610115541524 1.9102013078404683e-14 2.314647117637042e-15
1305.0709819463805 1.8109502033708266e-14 2.2940860365874837e-15
1305.0809523386083 1.6281488599624728e-14 2.2523569381122096e-15
1305.0909227308364 1.5666927111887596e-14 2.23555194674022e-15
1305.1008931230642 1.4520290426447397e-14 2.2077389151857125e-15
1305.1108635152923 1.094525385260376e-14 2.1325284000153247e-15
1305.12083390752 8.281170991396886e-15 2.075343681086882e-15
1305.130804299748 7.66678467007325e-15 2.0667317615868758e-15
1305.1407746919758 6.370174702684461e-15 2.0424710371353542e-15
1305.150745084204 5.3780355393332e-15 2.0244666809913703e-15
1305.1607154764317 6.5868679858102375e-15 2.0528762609099694e-15
1305.1706858686598 7.568415336161363e-15 2.0765522344722877e-15
1305.1806562608876 8.018374905448592e-15 2.0858619668192962e-15
1305.1906266531155 9.606277160779632e-15 2.1210921609610483e-15
1305.2005970453436 1.2028483965385107e-14 2.1733823576020228e-15
1305.2105674375714 1.4298346202365662e-14 2.2208368295945947e-15
1305.2205378297995 1.603634723604661e-14 2.2581272518095578e-15
1305.2305082220273 1.709094568932508e-14 2.2815421833700603e-15
1305.2404786142554 1.7689825644725988e-14 2.2940751674607045e-15
1305.2504490064832 1.7150024301353212e-14 2.283919981035856e-15
1305.260419398711 1.5168594769084983e-14 2.2416225505580282e-15
1305.4598272432695 1.3360965696245842e-14 2.2051067365851977e-15
1305.4697976354976 1.2518872998489818e-14 2.185548949121003e-15
1305.4797680277254 1.0918313660545661e-14 2.1506794148319286e-15
1305.4897384199535 9.090450659513386e-15 2.1096623051470622e-15
1305.4997088121813 9.159841307155223e-15 2.1129284912967292e-15
1305.5096792044094 8.925468728202028e-15 2.1094403689623542e-15
1305.519649596637 7.32481608110855e-15 2.076936211447937e-15
1305.529619988865 6.255328308468922e-15 2.0552856088589848e-15
1305.5395903810931 5.94477771976046e-15 2.0507085341913564e-15
1305.549560773321 4.1164152403400125e-15 2.0105071240109595e-15
1305.559531165549 2.364021451892751e-15 1.971119238154424e-15
1305.569501557777 1.8259027902916934e-15 1.95878825448104e-15
1305.579471950005 1.8190826310623825e-15 1.957316063784867e-15
1305.5894423422326 1.5845348856960069e-15 1.9504338465495265e-15
1305.5994127344607 2.5645821679239176e-15 1.9718741613508615e-15
1305.6093831266885 4.152196350357844e-15 2.0082762221870082e-15
1305.6193535189166 6.043861140724844e-15 2.049994404101658e-15
1305.6293239111444 6.721652365625608e-15 2.06658641750939e-15
1305.6392943033725 7.475710708147522e-15 2.084981574326447e-15
1305.6492646956003 7.470595713952749e-15 2.0857264347714713e-15
1305.6592350878282 6.78199506236387e-15 2.0694889554741423e-15
1305.669205480056 5.030441110092224e-15 2.031481719769104e-15
1305.679175872284 3.809670257584594e-15 2.0041204210497627e-15
1305.689146264512 2.816196969527847e-15 1.9819569908332246e-15
1305.69911665674 2.050200545855929e-15 1.96486840605423e-15
1305.709087048968 2.04314320346898e-15 1.9667618092944137e-15
1305.7190574411957 2.112109575315951e-15 1.969157326889466e-15
1305.7290278334237 2.8641512340344165e-15 1.9870755092895286e-15
1305.7389982256516 2.7813911012570915e-15 1.9847582575388027e-15
1305.7489686178797 2.2433891129822623e-15 1.9708574710924042e-15
1305.7589390101075 1.401526726493015e-15 1.9491903479728483e-15
1305.7689094023356 1.3180649793846497e-15 1.9449103514767443e-15
1305.7788797945634 1.0827517733519348e-15 1.936166403257184e-15
1305.7888501867913 2.2895007758968572e-15 1.9623148795450647e-15
1305.798820579019 5.0137159441861556e-15 2.0244522001161037e-15
1305.8087909712472 7.282835014407537e-15 2.0756561346004646e-15
1305.818761363475 9.552370824839113e-15 2.1259174840448576e-15
1305.828731755703 1.1138597160729479e-14 2.1628372785234204e-15
1305.838702147931 1.196569129182306e-14 2.181427137721865e-15
1305.848672540159 1.1123899175186954e-14 2.162804718576928e-15
1305.8586429323866 1.1648568391742468e-14 2.175162549806608e-15
1305.8686133246147 1.0883505872716876e-14 2.159499189440927e-15
1305.8785837168427 9.739672920162158e-15 2.13441733769781e-15
1305.8885541090706 7.912938153083383e-15 2.094348457680473e-15
1305.8985245012987 6.692936609779757e-15 2.067089853235657e-15
1305.9084948935265 3.423480981303565e-15 1.994286036495225e-15
1305.9184652857543 2.3545418687935937e-15 1.9690983056337017e-15
1305.9284356779822 2.1200371387683713e-15 1.962962100808194e-15
1305.9384060702102 2.4926266718417435e-15 1.970269853843708e-15
1305.948376462438 3.0170232115507243e-15 1.9810093642531546e-15
1305.9583468546662 5.2110824232698425e-15 2.030097986417678e-15
1305.968317246894 5.584089035366599e-15 2.041821464508764e-15
1305.978287639122 5.957489958240807e-15 2.0533560881339296e-15
1305.9882580313497 6.862591622493241e-15 2.076808763482561e-15
1305.9982284235778 7.76802532366069e-15 2.100112333927422e-15
1306.0081988158056 8.597546780130565e-15 2.1194738943509235e-15
1306.0181692080337 9.274396375444355e-15 2.133505855707665e-15
1306.0281396002615 9.495130587123136e-15 2.1367307947409327e-15
1306.0381099924896 8.728443526667346e-15 2.1179600973963813e-15
1306.0480803847177 8.568211185553832e-15 2.1104025035227456e-15
1306.0580507769453 6.738623069407769e-15 2.0670226259246993e-15
1306.0680211691733 5.744677408016827e-15 2.042744832065225e-15
1306.0779915614012 5.586350891034787e-15 2.0379645779104728e-15
1306.0879619536292 6.26362318967058e-15 2.051762446465648e-15
1306.097932345857 5.044342640811824e-15 2.028092097202099e-15
1306.1079027380852 5.418672995998395e-15 2.0408421927777842e-15
1306.1178731303128 6.172095792759653e-15 2.0614524627246553e-15
1306.1278435225408 6.469753267661846e-15 2.0714126824938376e-15
1306.1378139147687 6.008056953948264e-15 2.0643909894252705e-15
1306.1477843069968 6.8361511260205275e-15 2.0838647173397794e-15
1306.1577546992246 7.056805513314358e-15 2.0885800887707718e-15
1306.1677250914527 6.670370380893777e-15 2.080145090736525e-15
1306.1776954836805 5.373187534249681e-15 2.0502691206033747e-15
1306.1876658759084 4.455523694972194e-15 2.028876605565319e-15
1306.1976362681362 2.930249647887106e-15 1.9927154341231083e-15
1306.2076066603643 1.3292774860332049e-15 1.9544035918177096e-15
1306.2175770525923 -1.199540765683154e-16 1.919182071293338e-15
