eg_uma/wd_removed_eguma.ecsv
# %ECSV 0.9
# ---
# datatype:
# - {name: WAVELENGTH, datatype: float64}
# - {name: FLUX, datatype: float64}
# - {name: ERROR, datatype: float64}
# schema: astropy-2.0
WAVELENGTH FLUX ERROR
[from data line 21014]
1410.438087011129 5.395916092278334e-15 3.0365725531928888e-15
1410.4480574033569 1.046732930219416e-15 2.956522118866944e-15
1410.458027795585 -1.1350430818172056e-15 2.9142485950470203e-15
1410.4679981878128 -2.526977811197582e-15 2.8874927690309035e-15
1410.4779685800409 -2.1446425193097605e-15 2.8962593499708145e-15
1410.4879389722685 -1.0738193322534103e-15 2.918668202901622e-15
1410.4979093644965 6.853021501143059e-16 2.9543054607490334e-15
1410.5078797567246 2.937208969757637e-15 2.9986267714222395e-15
1410.5178501489524 4.4007242205757275e-15 3.0265303135293584e-15
1410.5278205411803 4.485522316844746e-15 3.027539129769538e-15
1410.5377909334084 3.1902360796245956e-15 2.999921383355086e-15
1410.5477613256364 3.274696311391049e-15 2.9973662983052983e-15
1410.557731717864 1.8805210782217827e-15 2.9677107125924972e-15
1410.5677021100921 2.4498132111770488e-15 2.97717563492797e-15
1410.57767250232 3.799960217081888e-15 3.001095926673594e-15
1410.587642894548 6.524568748482995e-15 3.0545118097726784e-15
1410.5976132867759 6.482612091140355e-15 3.057511722645047e-15
1410.607583679004 7.616462932038152e-15 3.0822574107283208e-15
1410.6175540712316 6.983933084301656e-15 3.0733001525075873e-15
1410.6275244634596 6.259467500196497e-15 3.0624363383190656e-15
1410.6374948556875 6.3273124691954465e-15 3.065482560176726e-15
1410.6474652479155 8.667582307997433e-15 3.1106034699521393e-15
1410.6574356401434 9.930770878658092e-15 3.134966034868975e-15
1410.6674060323714 1.1883168338930295e-14 3.1716237912349753e-15
1410.6773764245993 1.3343229050576298e-14 3.1996252367982695e-15
1410.6873468168271 1.3227811190834737e-14 3.198022535265584e-15
1410.6973172090552 1.173335362639721e-14 3.170681321391488e-15
1410.707287601283 1.2208963508810888e-14 3.1807030560814313e-15
1410.7172579935109 1.2290893077182025e-14 3.1837037956579563e-15
1410.727228385739 1.3555656587022936e-14 3.2064715737179645e-15
1410.737198777967 1.5412218029137353e-14 3.2398292829451985e-15
1410.7471691701949 1.776183396171729e-14 3.2821829564107234e-15
1410.7571395624227 1.7549490325109284e-14 3.2768094064983965e-15
1410.7671099546506 1.68437363086733e-14 3.2620998052313235e-15
1410.7770803468786 1.4165930213309344e-14 3.2147387779134918e-15
1410.7870507391065 1.1092987178284703e-14 3.160227423715592e-15
1410.7970211313345 8.709873467564787e-15 3.1180781155833172e-15
1410.8069915235624 7.409791804136304e-15 3.0955255109969652e-15
1410.8169619157902 6.897878228360822e-15 3.0878327374412108e-15
1410.826932308018 6.5826054519321396e-15 3.081418942978229e-15
1410.8369027002461 6.2673128888132415e-15 3.0748854119378236e-15
1410.8468730924742 4.669954509336742e-15 3.0454455892336104e-15
1410.856843484702 4.751228406444083e-15 3.048429957357331e-15
1410.8668138769299 4.240847892540498e-15 3.039811370013964e-15
1410.876784269158 4.716869907304426e-15 3.050206829192763e-15
1410.8867546613858 5.09406364144036e-15 3.058498448265962e-15
1410.8967250536136 5.2729268471436554e-15 3.061351363652532e-15
1410.9066954458417 2.5887381891155606e-15 3.0100221428308766e-15
1410.9166658380695 9.90540637158114e-16 2.9797804645286844e-15
1410.9266362302976 -1.0027676980837235e-15 2.941577259280969e-15
1410.9366066225255 -3.391999155086569e-15 2.894059646064376e-15
1410.9465770147535 -4.596507448334118e-15 2.870800541461115e-15
1410.9565474069811 -3.925057856453299e-15 2.8836131141869895e-15
1410.9665177992092 -4.6332423831100446e-15 2.869967277881451e-15
1410.976488191437 -5.041540383564339e-15 2.8624541498494146e-15
1410.9864585836651 -3.667164169610425e-15 2.892936737874333e-15
1410.996428975893 -2.783304193309835e-15 2.9132394467699243e-15
1411.006399368121 -2.7851559412422394e-15 2.9156601991705416e-15
1411.0163697603487 -2.39569554372626e-15 2.9249357384915348e-15
1411.0263401525767 -2.6036064197525757e-15 2.921525068849857e-15
1411.0363105448048 -4.595451217586826e-15 2.881361537982862e-15
1411.0462809370326 -5.7991384987387046e-15 2.856383776424567e-15
1411.0562513292607 -6.116957252919499e-15 2.8490695385048093e-15
1411.0662217214885 -5.446309970646864e-15 2.86214158113935e-15
1411.0761921137166 -3.588890382512921e-15 2.9001375750231127e-15
1411.0861625059442 -2.4790627531438434e-16 2.9676114674361337e-15
1411.0961328981723 1.706241222789467e-15 3.0084005422990716e-15
1411.1061032904001 2.670193924077003e-15 3.029419529359916e-15
1411.1160736826282 2.6445210346876423e-15 3.03050738393847e-15
1411.126044074856 1.332201710287791e-15 3.0049308988354744e-15
1411.1360144670841 -1.777646886007902e-16 2.9740912965876835e-15
1411.145984859312 -1.035095097823139e-16 2.973432115219339e-15
1411.1559552515398 8.62114624679381e-16 2.990650722943869e-15
1411.1659256437677 2.6197492592933606e-15 3.0231886330271685e-15
1411.1758960359957 5.763215176535914e-15 3.0839594658375883e-15
1411.1858664282238 7.322891299587149e-15 3.116390676874588e-15
1411.1958368204516 7.496643711774627e-15 3.122956835624122e-15
1411.2058072126795 8.858348925896186e-15 3.148617000806042e-15
1411.2157776049073 9.626475436029375e-15 3.1629402737340033e-15
1411.2257479971354 9.305810481405659e-15 3.1555677667237377e-15
1411.2357183893632 1.0173244625052934e-14 3.169976108864658e-15
1411.2456887815913 1.20308551340796e-14 3.202434018380155e-15
1411.2556591738191 1.0820476258429508e-14 3.1826463800553942e-15
1411.2656295660472 1.0006787984153322e-14 3.1701262708655476e-15
1411.275599958275 9.986053736970557e-15 3.1726788351452844e-15
1411.285570350503 1.0659167138394861e-14 3.1871726937325597e-15
1411.2955407427307 1.0442232413472602e-14 3.185525655107283e-15
1411.3055111349588 1.1413386486899612e-14 3.203267783403324e-15
1411.3154815271866 1.1988500209205697e-14 3.2138260694196393e-15
1411.3254519194147 1.2073431763651725e-14 3.2152211123549766e-15
1411.3354223116426 9.98353886996293e-15 3.177440773059585e-15
1411.3453927038706 7.69843957640099e-15 3.1351984607097015e-15
1411.3553630960982 5.019488935904923e-15 3.0837651497032243e-15
1411.3653334883263 1.650515169964121e-15 3.0188624630710444e-15
1411.3753038805544 -1.82301254827817e-15 2.9519608464459795e-15
1411.3852742727822 -3.517017827826514e-15 2.918183923672491e-15
1411.3952446650103 -4.024579856872915e-15 2.9077922253199772e-15
1411.4052150572381 -2.35240058093115e-15 2.9424249359732635e-15
1411.415185449466 4.0681605617714583e-16 2.9983743081701127e-15
1411.4251558416938 2.670309168122406e-15 3.0446038892057925e-15
1411.435126233922 4.14052407652466e-15 3.075432351276261e-15
1411.4450966261497 3.724598272996197e-15 3.0667683426381306e-15
1411.4550670183778 1.8206047166802875e-15 3.0281034163427353e-15
1411.4650374106056 -3.8098173614104136e-16 2.9833837833438856e-15
1411.4750078028337 -6.954953342139194e-16 2.9738751066744896e-15
1411.4849781950613 -9.015846492789795e-16 2.966542491527908e-15
1411.4949485872894 2.4842149205032405e-15 3.0324389917527064e-15
1411.5049189795172 5.4834731054482286e-15 3.091638903706621e-15
1411.5148893717453 8.691928641674813e-15 3.155162139585957e-15
1412.3125207499795 7.51190391299818e-15 3.1738270526797915e-15
1412.3224911422076 8.331801572429127e-15 3.1939123248296907e-15
1412.3324615344354 5.052771139300291e-15 3.135046584314127e-15
1412.3424319266635 2.1587482159851162e-15 3.08282404866498e-15
1412.352402318891 -7.460733609668122e-16 3.0299606411116757e-15
1412.3623727111192 -3.167638924588851e-15 2.9829932469450925e-15
1412.372343103347 -4.192040040272161e-15 2.9622841994040445e-15
1412.382313495575 -1.7230932381605747e-15 3.0067516808588923e-15
1412.3922838878032 4.460513344680482e-16 3.0454552725142634e-15
1412.402254280031 2.2155074867159043e-15 3.0766805932374438e-15
1412.4122246722588 5.881454686934661e-15 3.1480008758164727e-15
1412.4221950644867 7.650753900918049e-15 3.1846279086034096e-15
1412.4321654567148 6.924746907145588e-15 3.1756798932061973e-15
1412.4421358489426 7.396568370889516e-15 3.1888961144008875e-15
1412.4521062411707 8.468069374599248e-15 3.2132117062586012e-15
1412.4620766333985 9.83930647146003e-15 3.2373928570469254e-15
1412.4720470256266 1.2109374545415537e-14 3.2774551302072743e-15
1412.4820174178542 1.4679319387754578e-14 3.3217358713904385e-15
1412.4919878100823 1.5552797369872874e-14 3.3351605982154257e-15
1412.50195820231 1.6226067391972216e-14 3.3447206321864786e-15
1412.5119285945382 1.3305673419215678e-14 3.293249882323733e-15
1412.521898986766 9.986058859315808e-15 3.234651194355779e-15
1412.531869378994 7.265749518581715e-15 3.1876516671473095e-15
1412.5418397712222 6.242420136745302e-15 3.171256416105092e-15
1412.5518101634498 5.419282180846483e-15 3.158076176870001e-15
1412.5617805556776 8.389642672173462e-15 3.211440065698651e-15
1412.5717509479057 1.1259873027112693e-14 3.2629466348906703e-15
1412.5817213401338 1.4328773130239232e-14 3.3181742808063504e-15
1412.5916917323616 1.6598691042194468e-14 3.3589048155282376e-15
1412.6016621245897 1.7770361755670675e-14 3.380961201109034e-15
1412.6116325168173 1.594734057234163e-14 3.350494659276268e-15
1412.6216029090454 1.4423777113254083e-14 3.3254538039277985e-15
1412.6315733012732 1.4197832350689016e-14 3.3212106432005046e-15
1412.6415436935013 1.2275969334203067e-14 3.2852032590601977e-15
1412.651514085729 1.1152923439108877e-14 3.262969091428168e-15
1412.6614844779572 1.1128081103355076e-14 3.2591869741221964e-15
1412.671454870185 1.1103647240770336e-14 3.255389894826245e-15
1412.6814252624129 7.586586183784237e-15 3.1927849172006317e-15
1412.6913956546407 6.763139501316218e-15 3.181856836928336e-15
1412.7013660468688 5.839333644751496e-15 3.16912075466573e-15
1412.7113364390966 5.314379204491533e-15 3.1641047204197803e-15
1412.7213068313247 4.290217426437195e-15 3.1499590127026175e-15
1412.7312772235528 6.060402433594915e-15 3.1844971131638266e-15
1412.7412476157806 6.2348242598700855e-15 3.188240307611806e-15
1412.7512180080084 5.811039163779639e-15 3.1808049575331178e-15
1412.7611884002363 5.687386165683146e-15 3.1786232310539523e-15
1412.7711587924643 5.564051923024789e-15 3.175903387931528e-15
1412.7811291846922 3.744783434464685e-15 3.1423593111271077e-15
1412.7910995769203 2.824277889312977e-15 3.125544555159302e-15
1412.801069969148 2.3032713002135997e-15 3.115924334415148e-15
1412.811040361376 9.842517966845098e-16 3.091860806010011e-15
1412.8210107536038 3.64464631852129e-16 3.0816772338170334e-15
1412.8309811458319 7.429235491689421e-16 3.0897451481007312e-15
1412.8409515380597 4.2258191130479833e-16 3.084803964462264e-15
1412.8509219302878 1.1019603284433268e-15 3.099154979413314e-15
1412.8608923225156 2.1814771098653673e-15 3.1207196250987792e-15
1412.8708627147437 2.7620096280900086e-15 3.1323780375069887e-15
1412.8808331069715 2.843053458057717e-15 3.1344831786551947e-15
1412.8908034991994 3.623698255460769e-15 3.1494926431381227e-15
1412.9007738914272 3.60523428108829e-15 3.149261613207693e-15
1412.9107442836553 3.1866866946419845e-15 3.1416455266268518e-15
1412.9207146758833 3.468509317072449e-15 3.1476035428253115e-15
1412.9306850681112 4.551593936793593e-15 3.168807257607556e-15
1412.9406554603393 5.136085419251092e-15 3.1809135674857465e-15
1412.9506258525669 6.2218474762377894e-15 3.2016209209609e-15
1412.960596244795 8.308588889049907e-15 3.2404787945854165e-15
1412.9705666370228 9.995637544672589e-15 3.2715560403968887e-15
1412.9805370292509 1.088172344280416e-14 3.287606406728039e-15
1412.9905074214787 1.1366626618910752e-14 3.295982641004537e-15
1413.0004778137068 1.1451357278365392e-14 3.297428072235841e-15
1413.0104482059344 1.073568408655062e-14 3.2845884893233438e-15
1413.0204185981625 1.0020461922838432e-14 3.2717328331136394e-15
1413.0303889903903 9.806466152416324e-15 3.268210355122925e-15
1413.0403593826184 1.0694618810939208e-14 3.2854015189799636e-15
1413.0503297748462 1.0680951346977804e-14 3.2871037299432926e-15
1413.0603001670743 1.0366597215610603e-14 3.2833932919534496e-15
1413.0702705593023 9.2467142093035e-15 3.2644885330102705e-15
1413.08024095153 7.621260682653466e-15 3.2359940871666195e-15
1413.090211343758 4.588717650326662e-15 3.180794440772044e-15
1413.1001817359859 2.5528022573572367e-15 3.1428728841436864e-15
1413.110152128214 8.120823188392913e-16 3.1100268166979126e-15
1413.1201225204418 -2.5132375966582632e-17 3.094460234928653e-15
1413.1300929126699 -5.594310126506858e-16 3.0846517966873555e-15
1413.1400633048977 -1.904095331436714e-16 3.0922313998650936e-15
1413.1500336971255 1.844655538925533e-16 3.099906074020831e-15
1413.1600040893534 6.652091883644182e-16 3.1096480235639003e-15
1413.1699744815814 2.050203726591251e-15 3.135031080223061e-15
1413.1799448738093 2.335259575425936e-15 3.1363265798464364e-15
1413.1899152660374 3.324527774585493e-15 3.150707003781415e-15
1413.1998856582652 3.708756951390145e-15 3.1543168413621787e-15
1413.209856050493 3.388150361620103e-15 3.1437768105999423e-15
1413.2198264427211 1.059823338801128e-15 3.0978898916608764e-15
1413.229796834949 6.323271541995471e-16 3.094240318070492e-15
1413.2397672271768 -7.003347297406675e-16 3.073680172145308e-15
1413.2497376194049 -2.1332723042103278e-15 3.0506152752561924e-15
1413.259708011633 -1.2622325572526826e-15 3.0712768889521946e-15
1413.2696784038608 5.106798959957892e-16 3.1076378314209493e-15
1413.2796487960886 2.383259395778545e-15 3.1428600227954157e-15
1413.2896191883165 4.155935086377579e-15 3.1762378778542673e-15
1413.2995895805445 7.130957104944604e-15 3.2324927375657418e-15
1413.3095599727724 8.503317164205529e-15 3.259043249571707e-15
1413.3195303650004 1.0877594956272756e-14 3.3029245842270548e-15
1413.3295007572283 1.2851253540394129e-14 3.3382188885985182e-15
1413.3394711494564 1.4724962236738927e-14 3.3714721688277515e-15
1413.349441541684 1.5196075174363738e-14 3.378226328233994e-15
1413.359411933912 1.52667843892227e-14 3.3782727591920296e-15
1413.3693823261399 1.3134018571437864e-14 3.339870901001261e-15
1413.379352718368 1.0500769309901621e-14 3.2930262114155487e-15
1413.3893231105958 8.969540270404636e-15 3.266367441822661e-15
1413.3992935028239 8.641563138740165e-15 3.262629614175436e-15
1413.4092638950517 8.915770054061123e-15 3.269052536265457e-15
1413.4192342872796 1.1495307646171209e-14 3.3161746189769996e-15
1413.4292046795076 1.217292599660794e-14 3.3269195639498357e-15
1413.4391750717355 1.1249110788800092e-14 3.308688541789166e-15
1413.4491454639635 9.524773551684231e-15 3.2751939317088656e-15
1413.4591158561914 7.300239100191676e-15 3.2331722477248187e-15
1413.4690862484194 2.2701478906493363e-15 3.139714982685997e-15
1413.479056640647 3.4535156518690925e-16 3.1070841971340968e-15
1413.4890270328751 -9.787639596040055e-16 3.0849968575812767e-15
1413.498997425103 -8.007767344846152e-16 3.0896836738375518e-15
1413.508967817331 1.7790843174406896e-16 3.1079440914296225e-15
1413.5189382095589 4.1627541853603265e-15 3.183315807134268e-15
1413.528908601787 8.047826911679355e-15 3.2526714340615906e-15
1413.5388789940148 1.2032656808838828e-14 3.323929469883393e-15
1413.5488493862426 1.3813522698174115e-14 3.356742049034564e-15
1413.5588197784707 1.459294221159643e-14 3.372660725459338e-15
1413.5687901706985 1.4170574709846504e-14 3.365121129341765e-15
1413.5787605629264 1.1643801691064132e-14 3.322601064724082e-15
1413.5887309551545 9.218025357254713e-15 3.2821533170338322e-15
1413.5987013473825 8.496360322132525e-15 3.271438174068213e-15
1413.6086717396101 7.672128334451278e-15 3.2581027583971843e-15
1413.6186421318382 6.646385020918044e-15 3.2413093205545944e-15
1413.628612524066 6.5218527792999376e-15 3.239289085989021e-15
1413.6385829162941 7.49968607811182e-15 3.2577700574080303e-15
1413.648553308522 7.473663632734132e-15 3.25865833069542e-15
1413.65852370075 8.950503420887339e-15 3.286787928955502e-15
1413.6684940929779 1.0225252531949123e-14 3.3112715585974226e-15
1413.6784644852057 1.2401600046151523e-14 3.3511774626994448e-15
1413.6884348774336 1.3173037843146095e-14 3.365287920293475e-15
1413.6984052696616 1.3848431319639886e-14 3.3774553927267205e-15
