cc_cet/CC_CET_COS_30s_lc.ecsv
# %ECSV 0.9
# ---
# datatype:
# - {name: TIME, unit: MJD, datatype: float64}
# - {name: FLUX, unit: 1 / s, datatype: float64}
# - {name: ERROR, unit: 1 / s, datatype: float64}
# schema: astropy-2.0
TIME FLUX ERROR
58151.01204116156 4.9369471703269336e-11 3.441018525272315e-13
58151.00966829112 4.920751619599675e-11 2.5960157557688484e-13
58151.009841902225 4.922624023173751e-11 2.595971828876752e-13
58321.238617742216 4.97388829775959e-11 2.612645531824503e-13
58321.23879135333 4.9624806802266205e-11 2.6110458570859113e-13
58150.995582922216 4.9355745946977953e-11 2.5975058839356026e-13
58150.996827088915 4.9900523908527856e-11 1.0121266948960159e-12
58151.003881442215 4.9786489648726553e-11 2.6103177278133637e-13
58151.00370783111 4.983964270313156e-11 2.6102115822387377e-13
58321.23896496445 4.9817712404081387e-11 2.615355693361055e-13
58321.239138575555 4.968884205807685e-11 2.6131772410283785e-13
58321.24708987333 5.0305794043146394e-11 2.6292948128303227e-13
58321.247263484445 5.019580799157001e-11 2.627385827603298e-13
58321.24743709555 5.020087054818186e-11 2.626014484420117e-13
58321.24755302155 5.032738339990224e-11 3.4757306241347653e-13
58321.245180151105 5.0220509025606984e-11 2.6266115239534357e-13
58321.24535376222 5.021538444341532e-11 2.626087397559152e-13
58321.245527373336 5.0248656376308456e-11 2.6264287763271765e-13
58150.99575653333 4.920270633402297e-11 2.5949238556479904e-13
58150.99593014445 4.947922104083664e-11 2.6011459792613473e-13
58150.996103755555 4.891837761736576e-11 2.590246575109086e-13
58150.99627736666 4.9352374005200475e-11 2.5980255481278103e-13
58150.99645097778 4.9241898019233694e-11 2.5949856531140554e-13
58150.99662458888 4.9370055960316857e-11 2.5979399680246603e-13
58150.996798199994 4.9395450330598315e-11 2.597852804207307e-13
58150.99384681111 4.924006912477496e-11 2.596995883587231e-13
58151.00266616444 4.975137996895633e-11 2.6081062350563363e-13
58151.01105718 4.947260096883933e-11 2.6002853696505206e-13
58151.01797857111 4.9975058174076523e-11 2.6122970256817984e-13
58150.99540931111 4.925943238987252e-11 2.5969967214273223e-13
58151.00405505333 4.979383370373762e-11 2.6084960676427755e-13
58151.004228664446 4.990202276462399e-11 2.6108607419366006e-13
58151.004402275554 4.983055214893271e-11 2.6102083060049197e-13
58151.00451801629 5.001997302435538e-11 3.459360133454905e-13
58151.002145331106 4.9677073908427055e-11 2.6080719956359667e-13
58151.00231894222 4.982707210886334e-11 2.610705864170432e-13
58151.002492553336 4.960713000397445e-11 2.603772119436056e-13
58151.01140440222 4.928603032389568e-11 2.596990586758831e-13
58151.011578013335 4.9355709205100625e-11 2.5978415407417915e-13
58151.01175162445 4.9418260094568095e-11 2.5981388259144037e-13
58321.246742651114 5.009383743162883e-11 2.625133713045815e-13
58321.246916262215 5.031015165574825e-11 2.6282613412149276e-13
58321.254439592216 4.983090512230745e-11 2.616229768861941e-13
58151.01192523555 4.927568658601941e-11 2.596167218670229e-13
58151.018325793324 4.996934458215263e-11 2.611858898273918e-13
58151.016416071114 4.984274388448124e-11 2.610400801826542e-13
58150.99402042222 4.935340552668754e-11 2.598330897486505e-13
58150.99419403334 4.956996736241633e-11 2.602237712145333e-13
58150.99436764444 4.9444446617599755e-11 2.6007389316363184e-13
58150.99454125555 4.903515771686069e-11 2.593516509180816e-13
58150.99471486667 4.940139068363163e-11 2.5986524516523667e-13
58150.99488847777 4.95924759826228e-11 2.60185580724174e-13
58150.995062088885 4.950999216481269e-11 2.6006180292197395e-13
58150.9952357 4.927493599662639e-11 2.596797859327519e-13
58151.00283977555 4.9793526066186214e-11 2.608111033197647e-13
58151.00301338667 4.9876305255101376e-11 2.6111578310752816e-13
58151.00318699777 4.9799807686377965e-11 2.610093458641802e-13
58151.003360608884 4.974638356118764e-11 2.608785546771625e-13
58151.00353422 4.982052224312298e-11 2.6095827734876516e-13
58151.01123079111 4.9384078204054966e-11 2.598869716701511e-13
58151.01658968223 5.0086791669781823e-11 2.6155997203371723e-13
58151.01815218222 5.0127971577223644e-11 2.6142813066220594e-13
58151.01849940444 5.001904608380891e-11 2.613768894082604e-13
58151.018673015555 4.970328877301953e-11 2.6074300611276766e-13
58151.018788941554 4.982107397635591e-11 3.451817997292325e-13
58151.01001551334 4.942962561838235e-11 2.600444956458645e-13
58151.01018912444 4.939065146902311e-11 2.598525241077317e-13
58151.01036273556 4.93350600455395e-11 2.5977351098259197e-13
58151.010536346665 4.934668861647762e-11 2.5970776692751334e-13
58151.01070995778 4.934426344021559e-11 2.597947244365002e-13
58151.01088356889 4.931555493313694e-11 2.5968527898704324e-13
58321.23844413111 4.98997022745322e-11 2.6164979202018503e-13
58151.01676329333 5.017763841678713e-11 2.6165764637014757e-13
58151.01693690444 5.01389207212285e-11 2.614548019548584e-13
58151.01711051555 5.016497607173572e-11 2.614774372350805e-13
58151.01728412666 5.011861139891126e-11 2.6136892196553125e-13
58151.01745773778 4.997205172770622e-11 2.6126307880710846e-13
58151.01763134889 4.993574399155501e-11 2.611944110529045e-13
58151.01780496 4.9873567965498125e-11 2.6106391507264716e-13
58321.23757607555 4.966869362232672e-11 2.6120580716743726e-13
58321.23774968667 4.983938671924297e-11 2.6154259113035484e-13
58321.23792329777 4.974885729926557e-11 2.6125430708095077e-13
58321.238096908884 4.9626502596841306e-11 2.612191198479232e-13
58321.23827052 4.9825371656511636e-11 2.614947126428419e-13
58321.23931218666 4.979039748301306e-11 2.6142522870739513e-13
58321.23948579778 4.9691461145561385e-11 2.612725688081257e-13
58321.239659408886 4.9605490595943686e-11 2.6104037103573094e-13
58321.239833019994 4.941632798984011e-11 2.6076473378526707e-13
58321.23986209399 4.9937151201893333e-11 1.0115736517107048e-12
58321.23688163111 4.995624410882347e-11 2.617078873525086e-13
58321.23705524222 4.981641644556049e-11 2.6149327112866044e-13
58321.23722885334 4.977360386642958e-11 2.6137622376738404e-13
58321.23740246444 4.997125941426904e-11 2.617123602204508e-13
58321.24570098444 5.0067488486411344e-11 2.6234038640541144e-13
58321.24604820667 4.998587563557132e-11 2.621554949676852e-13
58321.246221817775 5.030796043731208e-11 2.629662656849238e-13
58321.24639542888 5.0047424401469716e-11 2.624095588450312e-13
58321.24656904 5.0361082225047054e-11 2.628864138454706e-13
58321.25426598111 4.943765481368816e-11 2.608434774165536e-13
58321.25478681445 4.962393883730558e-11 2.61352497380368e-13
58321.254960425555 4.935815147436358e-11 2.6082019224177853e-13
58321.25507616629 4.9646908900531167e-11 3.4626744808417765e-13
58321.25270348111 4.968553104850202e-11 2.613471195339243e-13
58321.25287709222 4.946683511936838e-11 2.6089736327152e-13
58321.25305070334 4.955809316399056e-11 2.610897772448629e-13
58321.25322431444 4.9453583699764336e-11 2.6088287160299524e-13
58321.24587459555 5.0558638547772644e-11 2.632831402978169e-13
58321.25461320333 4.961397297519608e-11 2.611747976602271e-13
58321.26014533555 5.0151257516437353e-11 2.6249969080248483e-13
58321.25339792555 4.961608743756999e-11 2.612299473680411e-13
58321.25357153667 4.962129815218279e-11 2.6132917603074246e-13
58321.25374514777 4.988953225176291e-11 2.616872161310135e-13
58321.253918758885 4.970367885667045e-11 2.6139288081473534e-13
58321.25409237 4.950565893780933e-11 2.610097931358617e-13
58321.26101339111 4.9893214816846964e-11 2.621831732707457e-13
58321.26118700222 4.983809116916302e-11 2.6204915759051636e-13
58321.26136061332 5.014079533782056e-11 2.625480257970049e-13
58321.26153422444 4.9894872109123466e-11 2.620747050315853e-13
58321.261707835554 4.9977205004181644e-11 2.622824159450403e-13
58321.26182376155 4.990764332498e-11 3.467884336503466e-13
58321.25945089111 5.0166766614246784e-11 2.626300711058416e-13
58321.259624502214 5.0048030913206515e-11 2.623209359062237e-13
58321.25979811333 5.008783715433193e-11 2.6244172429475313e-13
58321.25997172444 4.98916919096379e-11 2.621484426852482e-13
58321.26031894666 4.9898307201999866e-11 2.621063846090398e-13
58321.260492557776 5.0237850997684185e-11 2.6281286540419044e-13
58321.26066616889 4.976564404638338e-11 2.619393756699826e-13
58321.26083978 5.020735751547297e-11 2.6263022599311236e-13
