eg_uma/half_spectra/.ipynb_checkpoints/oehua2010_59306.611926144-checkpoint.ecsv
# %ECSV 1.0
# ---
# datatype:
# - {name: WAVELENGTH, datatype: float64}
# - {name: FLUX, datatype: float32}
# - {name: ERROR, datatype: float32}
# schema: astropy-2.0
WAVELENGTH FLUX ERROR
[from data line 710]
1232.442826100505 -0.0010956035 0.00013426114
1232.4960650540906 -0.001091733 0.00013429669
1232.5493036634673 0.002293874 0.00059712667
1232.6025419286407 0.00085039 0.00096916506
1232.6557798496183 0.00040045398 0.0016603839
1232.7090174264065 0.0057348846 0.0044132485
1232.762254659012 0.004758947 0.0031353198
1232.8154915474413 0.00522024 0.00040298674
1232.868728091701 -0.0011866712 0.00013412938
1232.9219642917985 0.00042629192 0.0013906339
1232.9752001477395 0.0003674578 0.0013415755
1233.0284356595316 0.0017732201 0.0031493157
1233.0816708271807 -0.0010662053 0.00013289388
1233.1349056506938 0.0017901363 0.0030768733
1233.1881401300777 0.0004718709 0.0017170425
1233.2413742653393 0.0018181542 0.0030546128
1233.2946080564843 0.00016270026 0.0013974819
1233.3478415035202 0.00039361801 0.0013571164
1233.4010746064537 -0.0010523256 0.00013249235
1233.454307365291 0.0017639971 0.0027516282
1233.507539780039 -0.001044304 0.00013275478
1233.5607718507044 -0.0010435218 0.00013223638
1233.6140035772942 0.000363529 0.0015735823
1233.6672349598143 0.00042900292 0.0013695679
1233.720465998272 0.00045001303 0.0016557658
1233.7736966926736 0.0018893458 0.0029090948
1233.826927043026 0.00043055956 0.0016087933
1233.880157049336 -0.00103157 0.00013136608
1233.9333867116097 0.0018725723 0.0028749218
1233.9866160298548 0.00047644335 0.0016443257
1234.0398450040768 0.00053968333 0.0014459965
1234.093073634283 0.0033623287 0.0015739545
1234.1463019204803 0.0017627553 0.0031136624
1234.1995298626746 0.00046523087 0.0016339398
1234.252757460873 -0.0008553012 0.00028914458
1234.3059847150823 0.00047284347 0.0014041886
1234.3592116253092 0.0019131071 0.002925744
1234.4124381915599 -0.0010115921 0.0001290914
1234.4656644138418 0.00043263784 0.0013498842
1234.5188902921607 0.0017095327 0.0026841431
1234.5721158265237 0.0033795452 0.0013155492
1234.6253410169381 -0.0009961027 0.00013055422
1234.6785658634096 0.0004967746 0.0017046164
1234.731790365945 0.003119997 0.0042633293
1234.7850145245513 0.0032471367 0.004575242
1234.8382383392352 0.00045229285 0.0016454634
1234.8914618100032 0.0004109188 0.0015719064
1234.944684936862 0.0004517941 0.001590769
1234.9979077198182 0.0077896025 0.0031896424
1235.0511301588785 0.00046230882 0.0015489787
1235.1043522540497 0.0034444262 0.0017549952
1235.1575740053383 0.00050885335 0.0013852274
1235.210795412751 0.001965265 0.00010233219
1235.2640164762943 -0.0009687867 0.0001294646
1235.3172371959752 -0.0009646512 0.00012932772
1235.3704575718004 0.00047701213 0.0016319619
1235.4236776037762 -0.0009617225 0.00012935515
1235.4768972919096 0.0032301042 0.004727393
1235.5301166362067 0.006585991 0.0014478078
1235.5833356366747 -0.0009559529 0.00012875085
1235.6365542933204 -0.0009556813 0.00012827395
1235.6897726061502 -0.0009503274 0.0001286556
1235.7429905751708 0.00048284783 0.00133136
1235.7962082003887 0.00053386245 0.0016576453
1235.8494254818106 0.0018956017 0.002849643
1235.9026424194433 0.0006053233 0.0016894817
1235.9558590132933 0.00205292 7.851787e-05
1236.0090752633675 0.00045443582 0.0015543568
1236.0622911696726 -0.0009821785 0.00017562411
1236.1155067322152 -0.0011694144 7.7290504e-05
1236.1687219510015 0.001979089 0.002983267
1236.2219368260387 0.00051873317 0.0013297854
1236.2751513573332 0.00051335036 0.0013544484
1236.328365544892 0.0018712722 0.0030904652
1236.381579388721 0.00047330357 0.0015855675
1236.4347928888278 0.0019508252 0.0030567758
1236.4880060452185 -0.00011693189 0.0006731872
1236.5412188578998 -0.0009138389 0.00012710545
1236.5944313268787 0.0021078424 0.0030149492
1236.6476434521617 -0.0009115565 0.0001264075
1236.700855233755 -0.00090822665 0.0001270845
1236.754066671666 0.0019679852 0.0031284888
1236.8072777659004 0.0037145424 0.0012696167
1236.860488516466 -0.00090076163 0.00012691758
1236.9136989233687 0.00068919454 0.001505986
1236.9669089866154 0.00048355115 0.0015440584
1237.0201187062128 0.0020105098 0.0031427199
1237.073328082167 -0.00089834945 0.00012507795
1237.126537114486 0.00058834115 0.0016229217
1237.1797458031751 0.0050001815 0.00016896689
1237.2329541482416 0.0022398327 9.499225e-05
1237.2861621496918 0.0005461606 0.0013386043
1237.3393698075326 0.0037526842 0.0015840796
1237.3925771217707 0.004909869 0.0029087001
1237.4457840924126 0.00059734524 0.001367424
1237.4989907194652 0.0026961747 0.003913689
1237.552197002935 -0.00087745057 0.00012493784
1237.6054029428285 0.0040548304 0.0023694593
1237.6586085391525 0.003541234 0.0014179852
1237.711813791914 0.0024629785 0.0026926901
1237.765018701119 0.0021278756 7.5111995e-05
1237.8182232667743 0.002108366 3.41189e-05
1237.871427488887 -0.0008655825 0.00012461745
1237.924631367464 0.001975208 0.00013218998
1237.9778349025107 0.0036079178 0.0016026396
1238.0310380940346 0.0021753297 0.00014185223
1238.0842409420425 0.0032631566 0.004466889
1238.1374434465406 -0.00085195 0.00012448401
1238.1906456075358 0.0005603107 0.0012930613
1238.2438474250346 0.0033297807 0.0044350694
1238.2970488990438 -0.000851187 0.00012318745
1238.3502500295701 0.0021340118 0.0002004141
1238.4034508166203 0.0004391415 0.0011948374
1238.4566512602005 0.0021092193 0.0028938444
1238.5098513603177 -0.00083636463 0.00012401893
1238.5630511169788 0.0049544144 0.0030210367
1238.6162505301897 0.0064283255 0.0042286157
1238.6694495999582 0.007430679 0.0060156747
1238.7226483262896 0.01808453 0.007915254
1238.7758467091915 0.021259472 0.008675855
1238.8290447486704 0.021321049 0.0039352165
1238.8822424447324 0.018674 0.0019135567
1238.935439797385 0.026627248 0.007539764
1238.9886368066343 0.009062531 0.0045044227
1239.0418334724873 0.007988499 0.003147996
1239.09502979495 0.0020218315 0.002839388
1239.1482257740297 0.0022277934 0.00018206365
1239.2014214097328 0.0019506344 0.0029940538
1239.2546167020662 0.002116415 6.222399e-05
1239.307811651036 0.0021989061 9.326338e-05
1239.3610062566495 -0.0008082854 0.000121983845
1239.414200518913 -0.0008070367 0.00012219744
1239.467394437833 0.0005998445 0.0015587427
1239.5205880134163 0.004881809 0.0026125049
1239.5737812456698 -0.0008345909 0.00016073252
1239.6269741345998 0.0018830035 0.0030846456
1239.6801666802128 0.00059572386 0.0013282866
1239.733358882516 0.0052496605 0.00017036765
1239.7865507415156 0.0007248056 0.0016756348
1239.8397422572186 0.00369701 0.00151176
1239.8929334296313 0.0047307615 0.005844232
1239.9461242587608 0.00059513026 0.0012932223
1239.9993147446132 -0.00078937545 0.00012088985
1240.0525048871953 0.0045327283 0.005839713
1240.1056946865142 0.0021310376 0.0032161751
1240.158884142576 0.00065990724 0.0015912022
1240.2120732553874 -0.00078242685 0.00012079764
1240.2652620249553 -0.0007784679 0.00012061317
1240.318450451286 0.00064487424 0.0013298269
1240.3716385343866 0.004906317 0.0030388006
1240.4248262742638 0.0006699076 0.0013289391
1240.4780136709235 0.0021488166 0.00010207965
1240.531200724373 0.0020958348 0.0031548464
1240.5843874346187 0.0021657634 5.1880146e-05
1240.6375738016673 0.0020484817 0.003005765
1240.6907598255254 -0.0007694177 0.00011922187
1240.7439455061997 0.003357375 0.004506453
1240.7971308436968 -0.00076056574 0.000120441684
1240.850315838023 0.0006413788 0.0015790942
1240.9035004891862 0.0021944097 0.00015140577
1240.9566847971914 -0.0007574077 0.000120043485
1241.0098687620464 0.0006988633 0.0016370805
1241.0630523837572 0.00073859736 0.0016233986
1241.1162356623306 0.0066822856 0.0014622008
1241.1694185977738 0.0008209072 0.0012803562
1241.2226011900923 -0.00074719195 0.0001197832
1241.2757834392937 0.0007125548 0.0016299404
1241.3289653453844 0.007980603 0.003207403
1241.3821469083707 0.005030454 0.00058364955
1241.4353281282597 0.00065261853 0.0015443488
1241.488509005058 0.0022114536 0.0032529654
1241.541689538772 0.000750435 0.0014230174
1241.5948697294086 0.0023239995 0.0031209912
1241.648049576974 0.0021986775 0.0028777374
1241.7012290814753 0.0037302433 0.0012807582
1241.7544082429188 0.004865067 0.0061382283
1241.8075870613116 0.0008004865 0.0014080858
1241.8607655366598 0.0068416237 0.0015097265
1241.9139436689704 0.0047456436 0.0061972463
1241.9671214582497 0.0022186637 0.0030096038
1242.0202989045044 -0.0007258968 0.00011860534
1242.0734760077419 0.00069534185 0.0016039622
1242.1266527679677 0.00078984676 0.0016663302
1242.1798291851892 0.0022786425 0.0033206185
1242.2330052594127 0.0020536033 0.0028301592
1242.2861809906449 0.0037255753 0.0016497425
1242.3393563788927 0.0023440379 0.00012017006
1242.3925314241624 0.003332069 0.0044663604
1242.445706126461 0.000784774 0.0016750826
1242.4988804857942 -0.00071293395 0.00011804388
1242.5520545021698 0.00521091 0.0028460068
1242.605228175594 0.0024474622 0.00012529982
1242.6584015060735 0.008197829 0.00014953771
1242.7115744936145 0.008377942 0.0032067169
1242.764747138224 0.015844062 0.008883238
1242.8179194399088 0.01620022 0.008909434
1242.8710913986752 0.010559024 0.005993258
1242.9242630145302 0.003912386 0.0017013018
1242.9774342874798 0.005039718 3.3772794e-06
1243.0306052175313 0.00075110124 0.0016686997
1243.083775804691 0.0035343675 0.004576082
1243.1369460489655 0.0054569724 0.0030233061
1243.1901159503616 0.0022266998 0.0029666321
1243.2432855088862 -0.00069663883 0.00011669575
1243.296454724545 0.0021684787 0.0028915869
1243.3496235973457 0.00072491146 0.001329631
1243.402792127294 0.0052782367 0.0028756764
1243.4559603143975 0.0008026913 0.001407103
1243.5091281586622 0.002338131 0.00011205646
1243.562295660095 0.0038036834 0.0015823493
1243.615462818702 0.00072597706 0.0015888831
1243.6686296344906 0.0023145995 9.215844e-05
1243.7217961074668 0.0022767878 0.0032656363
1243.7749622376377 0.0037826044 0.0014615873
1243.8281280250098 0.0007353025 0.0015708682
1243.8812934695893 0.003782705 0.0016527337
1243.9344585713834 0.00077153736 0.0013705976
1243.9876233303985 0.0051577436 0.00012195765
1244.0407877466412 0.002121795 0.0028050654
1244.0939518201183 0.0051159025 0.0030431775
1244.1471155508361 0.0043593924 0.0019901174
1244.2002789388014 0.0037985458 0.001430015
1244.2534419840213 0.0037522549 0.0015733008
1244.3066046865017 0.007914184 0.0029645674
1244.3597670462493 0.00075680437 0.0013549286
1244.4129290632713 0.004778201 0.0029060342
1244.466090737574 -0.00066811615 0.00011594184
1244.5192520691637 -0.00066727644 0.00011580181
1244.5724130580475 0.0023205404 0.00010263743
1244.6255737042318 0.002342647 0.00024119884
1244.6787340077235 0.0022342657 0.0031684584
1244.7318939685288 0.0035494328 0.0015348571
1244.7850535866544 0.0047848234 0.005990745
1244.8382128621072 0.0021534362 0.0028178375
1244.8913717948942 -0.00066456787 0.00011492056
1244.9445303850207 0.002127795 0.0030690285
1244.9976886324946 -0.00066141353 0.00011466443
1245.050846537322 0.0036244127 0.0013531225
1245.1040040995097 0.0055207205 0.00016934339
1245.157161319064 0.0007218793 0.0013183996
1245.210318195992 0.0022384275 0.0028994672
1245.2634747303 0.002475 0.00023422003
1245.3166309219946 0.000780846 0.0015719915
1245.3697867710825 0.0022838612 5.7478323e-05
1245.4229422775707 0.0036339331 0.004794598
1245.476097441465 0.0020624134 0.002827509
1245.5292522627728 0.0023980902 0.00025034905
1245.5824067415006 0.0023412898 0.00024713844
1245.6355608776544 0.0052013006 0.0031280436
1245.6887146712415 -0.0006557912 0.00011307023
1245.7418681222682 0.005861738 0.0072505972
1245.7950212307412 0.0055002207 0.00020447317
1245.8481739966671 0.006595621 0.001684492
1245.9013264200528 0.003408705 0.004318205
1245.9544785009045 0.0024022046 0.0029945064
1246.0076302392292 0.0035330066 0.004582174
1246.060781635033 0.007907077 0.0029604004
1246.1139326883233 -0.0006454435 0.00011422243
1246.1670833991059 0.0021120706 0.0030430271
1246.220233767388 -0.00064324937 0.00011397183
1246.2733837931758 0.00232628 0.00016995525
1246.3265334764762 0.00083704485 0.0013705663
1246.3796828172958 0.0023355174 6.103643e-05
1246.432831815641 0.0022143368 0.0031455897
1246.485980471519 0.003721293 0.0015374527
1246.5391287849359 0.0022707323 0.0032076587
1246.5922767558984 -0.00063906977 0.00011383253
1246.6454243844132 0.00080275326 0.0016039336
1246.6985716704867 0.005357912 0.0028164054
1246.7517186141254 0.005305891 0.000117956435
1246.8048652153368 0.00084668817 0.001643496
1246.8580114741267 0.0007912796 0.0015830847
1246.911157390502 0.002165692 0.003012981
1246.9643029644692 0.0023792237 0.0002236018
1247.017448196035 -0.0006363228 0.00011316963
1247.0705930852062 0.0038768903 0.001328021
1247.1237376319891 0.008237556 0.00301539
1247.1768818363903 0.005533405 0.0027921065
1247.2300256984165 0.004787595 0.005768643
1247.2831692180744 0.0068056504 0.0014284251
1247.336312395371 0.0023147152 0.0001471921
1247.389455230312 0.0041093244 0.0014872181
1247.4425977229048 0.003640488 0.004663259
1247.4957398731558 0.006658439 0.00174731
1247.5488816810714 0.006148771 0.007682342
1247.6020231466584 -0.0006322266 0.00011305797
1247.6551642699233 0.0008382906 0.0016571832
1247.708305050873 0.002238202 6.422481e-05
1247.7614454895138 0.006401346 0.00096147525
1247.8145855858525 0.002470438 0.00013954611
1247.8677253398955 0.003917811 0.001545718
1247.9208647516498 0.0023815632 0.00010079728
1247.9740038211214 -0.0006305421 0.0001126097
1248.0271425483177 0.00079745735 0.0015847794
1248.0802809332447 0.0052982448 0.0027951482
1248.133418975909 0.006659192 0.0015027098
1248.1865566763179 0.003910857 0.001454215
1248.2396940344775 0.0022988792 0.0029092056
1248.2928310503944 0.0036930544 0.004501992
1248.345967724075 0.0068153087 0.0010513021
1248.399104055526 0.006621748 0.0045727654
1248.4522400447547 0.0023117068 9.8958844e-05
1248.505375691767 0.0021386864 0.0027573383
1248.55851099657 0.0021425562 0.0028103557
1248.6116459591697 0.0025332314 0.00017812056
1248.664780579573 0.005883337 0.0027133957
1248.7179148577866 0.0029578034 0.0031327417
1248.7710487938173 0.00773248 0.0014463218
1248.8241823876715 0.0029470962 0.0030778039
1248.8773156393556 6.6726616e-06 1.7676156e-06
1248.9304485488765 0.005428321 0.005946009
1248.9835811162404 0.0074340072 0.001492
1249.0367133414543 1.6405608e-06 8.7900844e-08
1249.089845224525 -3.0655112e-05 2.8191469e-05
