eg_uma/half_spectra/.ipynb_checkpoints/oehua2010_59306.611926144-checkpoint.ecsv
# %ECSV 1.0
# ---
# datatype:
# - {name: WAVELENGTH, datatype: float64}
# - {name: FLUX, datatype: float32}
# - {name: ERROR, datatype: float32}
# schema: astropy-2.0
WAVELENGTH FLUX ERROR
[from data line 354]
1213.467834717421 0.0038341414 0.0028144238
1213.5211966354543 -0.00038460412 0.0013973765
1213.574558206887 0.0009872626 0.0028743285
1213.6279194317272 0.0075286017 0.0072394437
1213.6812803099808 -6.6187094e-05 0.0014684413
1213.7346408416547 0.0011525229 0.00012540359
1213.7880010267554 0.0031646872 0.005480017
1213.8413608652902 -0.00035050474 0.0016883555
1213.8947203572652 0.0037792337 0.0024876157
1213.948079502688 0.0024617102 0.0015720559
1214.0014383015646 0.005545014 0.0046735015
1214.0547967539019 0.0067647384 0.002500684
1214.1081548597072 0.00095626735 0.0030040038
1214.1615126189863 0.008847747 0.009093951
1214.2148700317468 0.0028328653 0.0013659655
1214.268227097995 0.005448915 0.0014420473
1214.3215838177377 0.008769159 0.0043268627
1214.374940190982 0.010988244 0.004173002
1214.4282962177342 0.0086811315 0.0013582672
1214.4816518980012 0.010974282 0.004506574
1214.5350072317897 0.007272354 0.0029513172
1214.5883622191068 0.007555497 0.0010444795
1214.641716859959 0.015409487 0.0132765565
1214.6950711543527 0.023239223 0.00096870126
1214.7484251022952 0.017547593 0.0046571614
1214.801778703793 0.015859315 0.0020955375
1214.8551319588528 0.032945644 0.0029538667
1214.9084848674813 0.022228368 0.0054636784
1214.9618374296856 0.022572171 0.0092903115
1215.015189645472 0.043574 0.010804203
1215.0685415148478 0.043556955 0.011535345
1215.121893037819 0.055863615 0.0026805054
1215.1752442143932 0.040138002 0.00035210585
1215.2285950445764 0.06705209 0.011847257
1215.2819455283757 0.080655284 0.01397944
1215.3352956657977 0.05755845 0.0015682193
1215.3886454568496 0.05765344 0.005125836
1215.4419949015373 0.04923417 0.01022754
1215.4953439998683 0.060274433 0.0063352715
1215.5486927518493 0.038144965 0.0028616057
1215.6020411574866 0.023138424 0.014929234
1215.6553892167874 -0.0004617438 0.0094785625
1215.7087369297578 0.00734436 0.0022355516
1215.7620842964054 0.01173166 0.0050670537
1215.815431316736 0.019219782 0.0009826442
1215.8687779907573 0.025711121 0.0041605793
1215.9221243184754 0.04588999 0.018085707
1215.9754702998973 0.025593216 0.00038068657
1216.0288159350296 0.04425104 0.0036274693
1216.0821612238792 0.04446005 0.0021573228
1216.135506166453 0.025279377 0.0029363171
1216.1888507627573 0.04819413 0.004029822
1216.242195012799 0.029613057 0.0007641414
1216.2955389165852 0.018725099 0.006402988
1216.348882474122 0.021080792 0.0090771215
1216.4022256854166 0.031247756 0.00028949967
1216.4555685504758 0.016869798 0.0063491156
1216.5089110693057 0.018895179 0.0057610655
1216.5622532419138 0.012661841 0.003275779
1216.6155950683067 0.021332817 0.0017639823
1216.6689365484908 0.012890725 0.0062135938
1216.7222776824733 0.013219763 1.836565e-05
1216.7756184702603 0.0069533195 0.00038377562
1216.828958911859 0.0044764723 0.00032430855
1216.8822990072765 0.005252024 0.0041909306
1216.9356387565185 0.0098160505 0.005647389
1216.9889781595928 0.00857843 0.004180927
1217.0423172165054 0.005823995 0.0013906498
1217.0956559272631 0.0064927996 0.0057245702
1217.1489942918734 0.00073710666 0.0028525537
1217.2023323103422 0.0025018954 0.0011785001
1217.2556699826766 0.0011658398 0.00021919441
1217.3090073088833 0.0010231539 0.0027160458
1217.362344288969 0.0026204619 0.0013147839
1217.4156809229405 0.007814457 0.00740943
1217.4690172108042 0.0032558676 0.00043669064
1217.5223531525676 0.0010627395 0.0030298154
1217.5756887482366 0.0011851093 5.9944035e-05
1217.6290239978184 0.0041306294 0.0029124653
1217.6823589013195 0.0040778317 0.002752517
1217.7356934587472 0.011498728 0.0015012841
1217.7890276701073 -0.00015586686 0.0017702127
1217.8423615354072 0.0013273519 0.0034085112
1217.8956950546537 0.0046499223 0.0069759474
1217.9490282278532 0.0014418624 0.0002120592
1218.0023610550127 0.0011545261 1.4404481e-05
1218.0556935361385 0.009329739 0.0006010237
1218.1090256712375 0.00513992 0.00125547
1218.1623574603168 -0.00024919517 0.0013629673
1218.2156889033831 0.004063985 0.00012725775
1218.2690200004429 0.0027156735 0.0013974127
1218.3223507515027 0.009572312 0.0030213648
1218.3756811565695 0.0010899319 0.00010375431
1218.42901121565 0.0043395213 0.0002863326
1218.4823409287512 0.0012324003 0.00015172368
1218.5356702958795 0.0032653816 0.0017766327
1218.5889993170417 0.0017313709 7.750947e-05
1218.6423279922446 0.009235542 0.0034557937
1218.6956563214949 0.0011443852 0.0027696432
1218.7489843047995 0.010325307 0.003296281
1218.8023119421646 0.0059449 0.0014581429
1218.8556392335975 0.004419597 6.891979e-05
1218.9089661791047 0.0116018765 0.0014746706
1218.9622927786932 0.0012684562 0.0029400121
1219.0156190323692 0.0014063759 8.906508e-06
1219.0689449401398 0.0038801883 0.00026520286
1219.1222705020118 0.0012678148 0.00012083706
1219.1755957179917 0.0012201407 0.00018093265
1219.228920588086 0.0011391175 0.0028723758
1219.2822451123018 0.0010730148 0.0026868668
1219.3355692906462 0.006528382 0.0010217021
1219.3888931231254 0.0026160765 0.0015994862
1219.442216609746 -0.0016950996 0.00014398286
1219.495539750515 0.00104316 0.0027476798
1219.5488625454393 0.0013546952 0.00024700767
1219.6021849945255 0.0010227105 0.002691117
1219.65550709778 -0.0008416097 0.0010158471
1219.7088288552097 0.001288276 0.0001496054
1219.7621502668217 -0.0016824703 0.00014381773
1219.8154713326223 0.0011800613 0.0001361125
1219.8687920526183 -0.000120261364 0.0017443167
1219.9221124268167 0.0042087357 0.00028040484
1219.9754324552239 0.0010192201 0.0029109654
1220.0287521378466 0.0005554606 0.002462669
1220.082071474692 0.0027097568 0.0017341758
1220.1353904657662 -0.00022287144 0.0015848725
1220.1887091110764 -0.00031950392 0.0015213843
1220.2420274106291 0.002935628 0.0011472593
1220.2953453644311 0.0023955377 0.0042734654
1220.3486629724894 0.0043378295 0.0026910487
1220.40198023481 -0.0016526036 0.00014451401
1220.4552971514001 0.0012385759 0.0001517725
1220.5086137222665 0.004320188 0.0032255575
1220.5619299474158 0.0012118132 0.00042502617
1220.615245826855 -0.00024142727 0.0013955091
1220.6685613605905 -0.0001646118 0.0016532794
1220.7218765486286 -0.00023968505 0.0016163847
1220.7751913909767 0.0040850774 0.006059006
1220.8285058876418 -0.00018014801 0.0013577183
1220.8818200386297 -0.0015807927 9.11175e-05
1220.9351338439478 -0.00021698476 0.0015633096
1220.9884473036025 0.003091122 0.0017042599
1221.0417604176007 0.0030211709 0.0015220514
1221.0950731859489 0.001430134 0.00017316939
1221.1483856086543 0.0014333396 0.00019441414
1221.2016976857228 0.004087713 0.0027414216
1221.255009417162 0.0014752883 0.0001778084
1221.3083208029782 0.0024062316 0.004480116
1221.3616318431782 0.006123152 0.0017721804
1221.4149425377686 -0.0016085476 0.00014526217
1221.468252886756 -0.00013250521 0.0013785157
1221.5215628901478 0.0023429913 0.0043896493
1221.5748725479498 0.0030846535 0.0012985753
1221.6281818601697 0.0014137109 3.281603e-05
1221.6814908268134 0.0028994284 0.0014287031
1221.7347994478876 -0.0015995599 0.00014411709
1221.7881077233997 5.703952e-05 0.0015808423
1221.8414156533559 0.004257699 0.0029165605
1221.8947232377632 0.00131691 0.0029034445
1221.9480304766282 -0.0015841303 0.00014555389
1222.0013373699574 0.0025014153 0.0007697115
1222.054643917758 -0.0015812155 0.00014499518
1222.107950120036 0.0013810638 0.0029363092
1222.161255976799 -0.001579141 0.00014472239
1222.2145614880533 0.0011603244 0.0027154896
1222.2678666538056 -0.00020442993 0.0012834603
1222.3211714740626 -0.00015490151 0.0012567306
1222.3744759488309 0.0047000516 0.00037652245
1222.4277800781174 -0.0015697904 0.00014436133
1222.481083861929 0.0027700418 0.0012493156
1222.534387300272 0.0011263015 0.0031018944
1222.5876903931533 -0.00055012316 0.0008503607
1222.6409931405794 0.002804714 0.0016231121
1222.6942955425575 0.010451179 9.257951e-05
1222.7475975990942 -0.0006279952 0.0007938177
1222.800899310196 -0.0015486396 0.00014492986
1222.8542006758696 0.0045650178 1.6824972e-05
1222.907501696122 -0.00018427838 0.0012491903
1222.9608023709593 7.525433e-09 0.0017568006
1223.014102700389 0.0013768262 0.00017961892
1223.0674026844172 0.0028655417 0.0013143228
1223.1207023230513 0.0013017365 6.977399e-05
1223.1740016162971 -5.1569692e-05 0.0013694422
1223.227300564162 -0.0015345106 0.0001441144
1223.2805991666528 0.001365317 0.00012539093
1223.3338974237754 -0.00038264767 0.0012793827
1223.3871953355374 -0.001527953 0.00014385876
1223.4404929019452 -0.0015231894 0.00014426187
1223.493790123005 1.9285908e-05 0.0014420872
1223.5470869987248 0.0030150048 0.0017610572
1223.6003835291099 0.002071228 0.0005641834
1223.6536797141675 -4.9854665e-05 0.00164626
1223.7069755539046 -0.0015147361 0.00014319891
1223.760271048328 0.0030127505 0.0015065667
1223.8135661974438 -3.3144165e-06 0.0013466988
1223.8668610012592 -6.548431e-05 0.0013438527
1223.9201554597805 0.001448557 2.7148239e-05
1223.973449573015 -0.00013988701 0.0016009397
1224.026743340969 -9.9646655e-05 0.0015288893
1224.0800367636493 0.00057575386 0.0010370439
1224.1333298410625 0.0014061421 0.0001366813
1224.1866225732158 -5.825817e-05 0.0015777552
1224.239914960115 -0.0014901629 0.00014358874
1224.2932070017678 0.0029973225 0.0013998378
1224.34649869818 -0.001477163 0.00014452208
1224.3997900493591 0.001977378 0.0039249538
1224.4530810553115 0.0013850593 0.0029000263
1224.5063717160435 -6.767825e-05 0.0015864004
1224.5596620315625 3.214298e-05 0.0014010265
1224.6129520018749 -0.0014718316 0.00014329035
1224.6662416269874 -0.0007414673 0.0008777157
1224.7195309069066 -0.0014628422 0.00014375108
1224.7728198416394 0.0017244819 0.000114087394
1224.8261084311923 0.0003518525 0.0012648345
1224.8793966755723 -0.0014563826 0.00014372263
1224.932684574786 0.0046416805 0.00023300602
1224.9859721288396 -0.0014532749 0.00014315602
1225.0392593377405 0.005583365 0.0044423994
1225.0925462014955 0.0031385696 0.0018743325
1225.1458327201108 -0.0014471395 0.00014234391
1225.199118893593 -0.0014408615 0.00014402972
1225.2524047219492 -0.0014430983 0.00014220085
1225.3056902051862 -0.0014359788 0.00014375325
1225.3589753433105 0.002915786 0.0016120168
1225.4122601363288 0.0015338189 0.00025313642
1225.4655445842475 -0.0014276974 0.00014319523
1225.5188286870741 1.2643997e-05 0.0013021467
1225.5721124448144 -0.0014179266 0.00014379839
1225.6253958574755 0.003053707 0.001719674
1225.6786789250643 -0.0014162977 0.00014338004
1225.731961647587 3.9886345e-05 0.0013229488
1225.785244025051 -0.001415759 0.00014217728
1225.8385260574628 -2.1291723e-06 0.0013101929
1225.8918077448286 -0.0014095589 0.00014230606
1225.9450890871556 -0.0014052392 0.00014261965
1225.9983700844505 0.003046815 0.0016151852
1226.0516507367195 0.0014392725 0.0028365518
1226.1049310439696 -0.0014003633 0.00014209049
1226.1582110062077 0.003086065 0.0016320468
1226.2114906234403 -0.0013953045 0.00014197023
1226.2647698956744 -0.0013904502 0.00014242706
1226.3180488229164 -0.0013891174 0.0001421191
1226.3713274051731 4.2482094e-05 0.0016218147
1226.424605642451 -0.0013815099 0.00014249813
1226.477883534757 0.0015845394 0.0029811168
1226.5311610820977 6.845227e-05 0.0013337872
1226.5844382844798 8.547152e-05 0.0016631117
1226.6377151419106 3.3305205e-05 0.0012935947
1226.6909916543957 0.00012180523 0.0013929234
1226.7442678219425 0.0060823928 0.004540522
1226.7975436445577 0.00013452698 0.0013983954
1226.8508191222477 0.0015989826 0.00020893308
1226.9040942550193 0.010933128 0.0003319673
1226.9573690428797 0.0014934707 0.003056401
1227.0106434858349 6.3683154e-05 0.0015942792
1227.0639175838917 -0.0013549253 0.00014136519
1227.1171913370572 -0.0013514261 0.00014168961
1227.1704647453378 -0.0013519917 0.00014061312
1227.22373780874 7.699935e-05 0.0013018564
1227.2770105272712 0.0012888997 0.000390764
1227.3302829009374 7.57483e-05 0.0012736728
1227.3835549297457 0.0018352182 0.0028041822
1227.4368266137024 0.001503131 0.002829874
1227.4900979528145 0.0029504483 0.00472591
1227.5433689470888 0.004667385 0.002797896
1227.5966395965318 0.00022427955 0.0013986655
1227.64990990115 -0.0013233676 0.00014106985
1227.7031798609505 0.0018781 0.00020937576
1227.75644947594 0.00017288649 0.0013971082
1227.8097187461249 -0.001316413 0.00014101935
1227.862987671512 0.000113157854 0.0016284545
1227.9162562521078 0.0012480703 0.0005327944
1227.9695244879194 -0.0013083179 0.00014071628
1228.0227923789532 0.0030741454 0.0013932609
1228.0760599252164 0.0015943762 0.002891969
1228.129327126715 -0.0012987065 0.00014065526
1228.1825939834557 0.006125802 0.0016238838
1228.2358604954459 0.0046051494 0.00019710469
1228.2891266626916 -0.0012934365 0.0001400523
1228.3423924852002 0.0016791095 1.9538556e-05
1228.3956579629776 0.00028369462 0.001442447
1228.448923096031 0.00020098932 0.0016660322
1228.5021878843668 -0.0012824106 0.00014018948
1228.5554523279918 0.00017532622 0.0013123829
1228.608716426913 0.0032524443 0.001611123
1228.6619801811366 0.004567022 0.0029136154
1228.7152435906694 0.0017724353 0.003122638
1228.7685066555186 0.00020101083 0.0016550451
1228.82176937569 0.001738641 0.0002476827
1228.8750317511913 0.00026021714 0.0017243965
1228.9282937820283 0.0016050801 0.0031240063
1228.9815554682084 0.0012537335 0.0027464
1229.0348168097378 0.00022736046 0.0013701607
1229.0880778066232 -0.0005942001 0.0005430967
1229.1413384588718 0.0008412752 0.00090116373
1229.1945987664897 0.0015613066 0.0030383938
1229.2478587294838 -0.0012498031 0.00013860666
1229.301118347861 -0.0012460534 0.00013829372
1229.3543776216275 0.00025641985 0.0016399003
1229.4076365507904 0.00023967073 0.0017129286
1229.4608951353566 0.0012969553 0.0027563628
1229.5141533753322 -0.0012349454 0.00013845248
1229.567411270724 0.00011666991 0.0015411058
1229.620668821539 0.00020541386 0.001577814
1229.6739260277836 0.00027169785 0.0017155013
1229.727182889465 0.00011569597 0.0012471199
1229.7804394065895 0.00023257016 0.0016369332
1229.8336955791633 -0.0012207896 0.0001373886
1229.886951407194 0.00018729782 0.0013134485
1229.9402068906875 -0.0005801885 0.00050592655
1229.9934620296513 0.00023286689 0.0013310224
1230.0467168240916 0.00021483986 0.0013228706
1230.099971274015 0.003320755 0.001605062
1230.1532253794282 -0.001203328 0.00013756898
1230.2064791403382 0.0042429403 0.00029840757
1230.2597325567515 8.041799e-05 0.001525062
1230.3129856286744 0.0017457427 0.0029207
1230.3662383561143 -0.0011924624 0.00013745768
1230.4194907390774 -0.0011901024 0.00013756471
1230.4727427775708 0.00026140007 0.0016379999
1230.5259944716006 0.0048017176 0.00024997548
1230.579245821174 -0.0006747021 0.00038760016
1230.6324968262975 -0.0005434259 0.0008002637
1230.6857474869776 -0.0011751674 0.0001372717
1230.738997803221 0.00032662324 0.0016697387
1230.792247775035 0.0017164432 0.0001774122
1230.8454974024255 0.00020036586 0.0013050378
1230.8987466853998 0.0016955239 0.0031051622
1230.951995623964 0.0018341419 0.00017355646
1231.0052442181252 0.0017711067 0.0031503858
1231.05849246789 0.00034741787 0.0013731071
1231.1117403732649 0.0016771086 0.003098379
1231.1649879342567 -0.0011505464 0.00013731155
1231.2182351508723 -0.0011618007 0.00013410219
1231.2714820231176 0.0016278325 0.0027782035
1231.3247285510004 -0.001147801 0.00013595165
1231.3779747345268 0.0003342227 0.0016575978
1231.4312205737035 0.0002907869 0.0015638749
1231.4844660685374 0.00032788093 0.0016875628
1231.5377112190345 0.000293108 0.001600349
1231.590956025202 0.0018088139 0.0032522955
1231.6442004870469 0.00033376185 0.0016340633
1231.6974446045754 0.0018305526 7.243659e-05
1231.7506883777942 0.0017857059 0.0029214513
1231.8039318067104 0.0031082241 0.004739218
1231.8571748913298 0.001631531 0.0003564217
1231.91041763166 0.00033152523 0.0016202462
1231.9636600277072 -0.0011191817 0.00013434996
1232.016902079478 0.00046233292 0.0015114053
1232.07014378698 0.003286397 0.0015243986
1232.1233851502186 -0.0011085912 0.00013506779
1232.1766261692012 0.0047006733 0.002971235
1232.2298668439344 0.0033215345 0.0016876974
1232.2831071744245 0.00046248364 0.0014835915
1232.3363471606785 0.0002927821 0.0012960368
