eg_uma/half_spectra/.ipynb_checkpoints/oehua2010_59306.611926144-checkpoint.ecsv
# %ECSV 1.0
# ---
# datatype:
# - {name: WAVELENGTH, datatype: float64}
# - {name: FLUX, datatype: float32}
# - {name: ERROR, datatype: float32}
# schema: astropy-2.0
WAVELENGTH FLUX ERROR
1194.5558866206907 0.0014597714 0.0014910034
1194.609371661118 0.002986933 5.292241e-07
1194.6628563525412 7.5333764e-07 1.8265564e-07
1194.7163406949667 5.641279e-06 1.9175625e-06
1194.7698246884008 0.00073016447 0.0007148625
1194.8233083328512 0.0014384815 0.0014928617
1194.876791628324 0.0010980283 0.001453473
1194.9302745748264 0.0014878884 0.001516708
1194.9837571723651 0.0013895473 0.0014077674
1195.0372394209471 -5.1219456e-07 5.45333e-08
1195.0907213205794 -0.0014529176 1.1024647e-05
1195.1442028712681 -3.0449346e-05 0.001467407
1195.1976840730206 -0.0014632676 1.2388241e-05
1195.2511649258438 -0.0014693254 1.2035949e-05
1195.3046454297444 -4.8070542e-05 0.0014436404
1195.358125584729 0.0015354523 2.7095353e-05
1195.4116053908047 -5.6888326e-05 0.0014475551
1195.465084847978 -0.0014849082 1.5769112e-05
1195.5185639562562 0.0013729146 0.0029708068
1195.5720427156457 -0.0014933319 1.6666667e-05
1195.6255211261537 -0.0014976147 1.7292406e-05
1195.678999187787 -0.0015004346 1.816874e-05
1195.732476900552 -0.0015055592 1.8553483e-05
1195.7859542644558 -6.48764e-05 0.0014562849
1195.8394312795053 -0.00014867018 0.0014103112
1195.8929079457075 -0.0015162551 2.0182597e-05
1195.9463842630687 -0.0015198827 2.1224856e-05
1195.9998602315961 0.0012360669 0.002895895
1196.0533358512964 -0.0008864619 0.0006320744
1196.1068111221764 0.0012292449 0.0029584512
1196.160286044243 0.0013319787 0.003001642
1196.2137606175033 -0.00016947268 0.0014372761
1196.2672348419637 -0.0015435026 2.5538537e-05
1196.3207087176313 -0.001549064 2.4831052e-05
1196.3741822445127 -8.959208e-05 0.0014738219
1196.4276554226144 0.0012827932 0.0029876337
1196.481128251944 0.0017312248 0.003580637
1196.534600732508 -0.00015011817 0.0014423726
1196.5880728643133 1.7934037e-05 0.0016821873
1196.6415446473663 -0.0015699291 2.873386e-05
1196.6950160816743 0.0025589787 0.004470749
1196.7484871672439 0.0014089466 5.5626588e-06
1196.801957904082 -0.000100743506 0.0015630535
1196.8554282921955 -0.00014072713 0.0015737299
1196.908898331591 -0.0016860627 5.1932097e-06
1196.9623680222755 -0.0015920139 3.2414853e-05
1197.015837364256 -0.0015961095 3.3922635e-05
1197.0693063575388 -0.0016015084 3.300307e-05
1197.1227750021312 0.001268276 0.003028904
1197.1762432980397 -0.0016081274 3.382371e-05
1197.2297112452713 -0.0016099709 3.6112382e-05
1197.283178843833 0.001108616 0.0028131984
1197.336646093731 0.0042997045 0.0029735705
1197.390112994973 -0.0016182865 3.7423215e-05
1197.4435795475652 -0.00012650718 0.0015804067
1197.4970457515144 -0.00029389933 0.0013919622
1197.5505116068275 -0.0016316795 3.8586408e-05
1197.6039771135115 0.0012093975 2.5834279e-05
1197.6574422715732 -0.0016396883 3.912072e-05
1197.7109070810195 0.0011832721 0.002968525
1197.764371541857 -0.00016172699 0.0014731775
1197.8178356540925 0.0019175806 0.0004986134
1197.8712994177329 0.0013199853 7.634639e-05
1197.9247628327848 -0.0016538246 4.3031858e-05
1197.9782258992557 -0.0016580435 4.3040534e-05
1198.0316886171518 0.0027616208 0.0014753186
1198.08515098648 -0.00016373336 0.0015807131
1198.1386130072474 -0.00012167795 0.0014938499
1198.1920746794601 -0.0017799598 0.00015795398
1198.2455360031258 -0.00055768207 0.0015332743
1198.2989969782511 -0.001676442 4.5432167e-05
1198.3524576048424 -0.0002081868 0.0014801247
1198.4059178829068 -0.0016841217 4.6014382e-05
1198.4593778124513 0.001188544 0.0030517136
1198.5128373934822 -0.0016865995 4.9118844e-05
1198.5662966260068 -0.00021492883 0.0014102997
1198.6197555100316 -0.0002693515 0.0014375828
1198.6732140455638 0.0029679483 0.0014636776
1198.7266722326099 0.0010756716 0.0029365728
1198.7801300711767 -0.00024962437 0.0014546466
1198.8335875612713 -0.0017089995 5.0965114e-05
1198.8870447029 -0.00024566022 0.0014452782
1198.9405014960703 -0.0017108415 5.2462834e-05
1198.9939579407885 -0.0017141403 5.309231e-05
1199.0474140370613 -0.00096283224 0.00038243327
1199.100869784896 -0.0002846444 0.0014302307
1199.1543251842993 -0.00023360839 0.0015894012
1199.2077802352778 0.0011425463 0.0029690412
1199.2612349378385 -0.00031511328 0.0013793814
1199.314689291988 -0.0002952854 0.0014206911
1199.3681432977332 -0.0002659559 0.0014453045
1199.4215969550812 -0.001737113 5.706497e-05
1199.4750502640384 -0.0001761433 0.001443271
1199.5285032246115 0.0014619085 8.468812e-05
1199.581955836808 0.002845917 0.0016596445
1199.6354081006345 0.0056102388 0.001408497
1199.6888600160971 0.0012809727 1.4601265e-05
1199.7423115832034 0.0027006583 0.0016717173
1199.7957628019599 -0.00029592938 0.0014318174
1199.8492136723733 0.0058323015 0.0014775184
1199.9026641944508 0.004206916 2.5755338e-05
1199.9561143681988 -0.00027125946 0.0016017797
1200.009564193624 0.0024889575 0.00447208
1200.063013670734 -0.0017669797 6.2449e-05
1200.116462799535 0.004250452 0.00011348793
1200.1699115800336 0.0012108954 2.488349e-05
1200.2233600122372 -0.0016827194 3.0009669e-05
1200.2768080961523 -0.0017747388 6.4791224e-05
1200.3302558317855 -0.0017812989 6.546455e-05
1200.383703219144 -0.0017801257 6.532291e-05
1200.4371502582346 -0.00051399897 0.0013755757
1200.4905969490637 0.002666722 0.0014985104
1200.5440432916387 0.0010965423 0.0029310172
1200.5974892859658 -0.0003865484 0.0013852193
1200.650934932052 -0.000332384 0.0015671094
1200.7043802299042 0.0012725389 0.00020549988
1200.7578251795294 0.004267907 0.0032344128
1200.811269780934 0.0020934395 0.004291135
1200.8647140341254 0.0025119234 0.001337084
1200.9181579391095 -0.00044001982 0.001587989
1200.9716014958938 0.00105614 0.0029289639
1201.025044704485 -0.0018061864 7.1551556e-05
1201.0784875648897 0.002387706 0.0046033952
1201.131930077115 0.0025834695 0.0013199826
1201.1853722411674 -0.00039568116 0.0015292689
1201.2388140570538 -0.0018155447 7.273319e-05
1201.2922555247815 0.0027877297 0.0015400482
1201.3456966443564 -0.001819805 7.372451e-05
1201.3991374157856 0.0011868789 9.507702e-05
1201.4525778390764 0.0011597235 6.019507e-05
1201.5060179142351 0.0011506065 0.00012670725
1201.5594576412689 -0.0018255729 7.6679455e-05
1201.6128970201842 0.0011235601 0.0029368966
1201.666336050988 -5.579796e-05 0.0017815976
1201.7197747336872 0.0026010151 0.0047126175
1201.7732130682882 -0.0018380411 7.6680706e-05
1201.8266510547983 -0.0019815385 0.00010538469
1201.880088693224 0.0014159059 0.00052571716
1201.9335259835723 0.0023359428 0.0043420303
1201.9869629258496 0.004067263 0.00014553203
1202.0403995200631 -0.00044309694 0.001510749
1202.0938357662196 0.0029406548 0.0050289137
1202.147271664326 -0.0018453682 8.1149396e-05
1202.2007072143886 0.005969013 0.0021023871
1202.2541424164144 -0.0018500075 8.114182e-05
1202.3075772704105 -0.0012556784 0.00052805786
1202.3610117763833 -0.00021881999 0.0011227413
1202.41444593434 0.0025495028 0.0015766567
1202.4678797442873 0.0030920955 0.003547531
1202.5213132062318 -0.0018603337 8.298433e-05
1202.57474632018 0.0040221 0.00017256194
1202.6281790861397 -0.00043467354 0.0015388933
1202.6816115041167 -0.00046357745 0.0015147622
1202.7350435741182 0.0016475205 0.00048267364
1202.788475296151 -0.00044955598 0.001360048
1202.8419066702222 -0.0003076832 0.0015117975
1202.8953376963382 0.0008707248 0.0027847628
1202.9487683745053 0.0060176756 0.0028948516
1203.0021987047314 -0.00043732984 0.0015509945
1203.0556286870228 0.0024013761 0.0015051969
1203.109058321386 -0.0018734444 8.81597e-05
1203.1624876078283 0.0016573872 0.0007121126
1203.2159165463563 0.0010484464 0.00012701117
1203.2693451369764 -0.0004966237 0.0014870749
1203.3227733796962 0.0011650695 0.00010533972
1203.376201274522 -0.0018810792 8.929981e-05
1203.4296288214605 0.002528707 0.004662274
1203.4830560205187 0.0021742354 0.0041424767
1203.5364828717031 0.0034788905 0.0024990318
1203.589909375021 -0.00031418883 0.0017186475
1203.6433355304791 0.0009298457 0.0031064525
1203.696761338084 -0.0004849553 0.0013342844
1203.750186797842 -0.00038609334 0.0016431911
1203.8036119097608 0.0037267567 4.157086e-05
1203.8570366738468 0.002981622 0.0019825967
1203.9104610901065 0.0024273028 0.0013398785
1203.9638851585473 -0.0004265499 0.001421417
1204.0173088791757 -0.00046131076 0.0013459777
1204.0707322519984 -0.00040964453 0.0016055924
1204.1241552770223 0.0038272503 0.002996617
1204.1775779542545 0.00094576785 0.0027922438
1204.231000283701 0.0023998583 0.0012397671
1204.2844222653691 0.0009752656 0.0032495633
1204.3378438992656 0.0031110514 0.005219934
1204.3912651853973 0.0036352163 0.0026537688
1204.444686123771 0.006951822 0.0026465522
1204.498106714393 0.0037364783 0.0029030878
1204.5515269572713 0.00086194015 0.0028140326
1204.6049468524113 0.0023706704 0.0014598711
1204.6583663998206 -0.00047491697 0.0013471866
1204.7117855995057 0.00384338 0.0002425724
1204.7652044514737 0.0009973997 0.002931647
1204.8186229557307 0.0036813046 0.003149105
1204.8720411122843 -0.00048178865 0.0013579512
1204.925458921141 -0.0005084241 0.0015636379
1204.9788763823074 0.002171341 0.0044172946
1205.03229349579 0.0011662922 0.0030383458
1205.0857102615967 0.012897437 0.0029055078
1205.1391266797332 0.0019830295 0.004373324
1205.192542750207 -0.00042239577 0.0015623685
1205.2459584730243 0.0023234254 0.0010531205
1205.2993738481923 0.001206166 7.1136084e-05
1205.3527888757176 -0.00021445163 0.0016654824
1205.406203555607 -0.00043333045 0.0013509182
1205.4596178878674 0.00086105644 4.7466518e-05
1205.5130318725055 0.0024652083 0.0015754864
1205.5664455095282 0.0051296274 0.0045771007
1205.619858798942 0.001041768 0.003161932
1205.6732717407538 0.0033927266 0.005979428
1205.7266843349707 0.0043055937 0.00046244258
1205.780096581599 -0.00048707772 0.0015728066
1205.8335084806458 0.004007455 0.0027455648
1205.8869200321183 0.004612482 0.004663715
1205.940331236022 -0.0005034523 0.0015735298
1205.993742092365 0.0021972195 0.0045648627
1206.0471526011536 0.0024597044 0.0016246423
1206.1005627623942 -0.00043717076 0.0013963233
1206.1539725760945 -0.00042516532 0.001677235
1206.2073820422604 0.00097037194 0.0001470587
1206.2607911608989 0.01022835 0.0031193919
1206.314199932017 0.0058568716 0.0018654106
1206.3676083556213 0.007981139 0.0046011414
1206.4210164317187 0.0146411415 0.0013595619
1206.4744241603162 0.010958675 0.0010684034
1206.52783154142 0.007894565 0.0042398307
1206.5812385750373 0.010047989 0.0028951652
1206.634645261175 0.0010255018 0.00012950909
1206.6880515998394 0.0010917792 0.00017089864
1206.7414575910375 -0.00065606507 0.0015127113
1206.7948632347764 0.00082409754 0.0027633905
1206.8482685310626 0.0041698082 2.0128617e-05
1206.901673479903 0.0011566984 0.000120693476
1206.9550780813038 0.0041830116 0.003148293
1207.0084823352727 0.0052451976 0.0013661257
1207.061886241816 0.002524598 0.0015435959
1207.1152898009402 -0.00053284457 0.0015730863
1207.1686930126527 -0.0019396988 0.00011239595
1207.2220958769599 0.0065005478 0.0032243473
1207.2754983938687 0.00263026 0.0014498194
1207.3289005633858 0.0033890856 0.00601009
1207.382302385518 0.0004169494 0.0025779186
1207.4357038602723 0.002376008 0.0016773327
1207.489104987655 0.0055784862 0.0045830524
1207.5425057676734 0.0008693212 0.0016602828
1207.595906200334 -0.00036520846 0.0017491953
1207.6493062856434 -0.0019399417 0.00011424337
1207.702706023609 -7.663933e-05 0.0011619314
1207.7561054142368 -0.0019356159 0.00011587509
1207.8095044575343 -0.00037640528 0.0017665518
1207.8629031535077 -0.0005564636 0.0014957575
1207.916301502164 -0.00043126033 0.0017034325
1207.96969950351 0.0055622524 0.0015989186
1208.0230971575525 0.0060601663 0.0052830954
1208.0764944642983 -0.00015786695 0.00041591606
1208.129891423754 0.0037950089 0.0029561617
1208.1832880359266 0.0052973395 0.00094676693
1208.2366843008226 0.004121117 0.0030414653
1208.290080218449 0.0062836898 0.0057171322
1208.3434757888124 0.005582692 0.0012221745
1208.3968710119198 -0.00060459843 0.0012499304
1208.4502658877782 0.0009358292 0.00011667727
1208.5036604163936 0.0023888648 0.001498855
1208.5570545977732 0.0004918007 0.0026837084
1208.6104484319242 -0.0005143031 0.0015315824
1208.6638419188528 0.0008379397 0.002719286
1208.7172350585658 0.0046050292 0.0075978423
1208.7706278510702 -0.0006529389 0.0013551913
1208.8240202963725 0.002390822 0.0013660268
1208.87741239448 0.0023325242 0.004692884
1208.9308041453987 0.0024913978 0.0016306624
1208.984195549136 -0.001936389 0.00012172495
1209.0375866056988 0.00078878755 4.0012044e-05
1209.0909773150931 0.006893955 0.002620901
1209.1443676773265 -0.0005044431 0.0015747431
1209.197757692405 0.0021991988 0.0046871803
1209.251147360336 0.0026411987 0.0015041437
1209.3045366811261 -0.00043167963 0.0013829067
1209.357925654782 0.008588275 0.0012364689
1209.4113142813105 0.00095154543 0.0030985386
1209.4647025607183 0.002824064 0.001711756
1209.518090493012 -0.0004485619 0.0016405031
1209.5714780781989 0.004170497 0.0028532385
1209.6248653162852 0.0024996186 0.0015660069
1209.6782522072779 0.0039836997 0.0027957326
1209.731638751184 0.0011174179 0.00028712652
1209.78502494801 0.0011076492 8.196211e-05
1209.838410797763 0.00133102 0.00026493717
1209.8917963004492 -0.0020347496 0.00012408257
1209.9451814560757 -0.00013120665 0.0011074555
1209.9985662646493 0.00076149276 0.0029597152
1210.0519507261765 0.002300818 0.0043787844
1210.1053348406645 0.0010847878 5.0769617e-05
1210.1587186081201 0.003909763 0.0001530765
1210.2121020285495 0.002531761 0.0017021195
1210.2654851019597 0.005133105 0.001080997
1210.318867828358 0.006726248 0.0028567105
1210.3722502077503 0.0024873507 0.0014187524
1210.425632240144 0.0032861652 0.003728521
1210.4790139255456 -0.00044531917 0.0013779219
1210.5323952639617 0.010040989 0.0001455248
1210.5857762553997 -0.0004550195 0.0013948502
1210.6391568998656 -0.0019256369 0.00012678541
1210.6925371973666 0.005109839 0.004319337
1210.7459171479095 -0.0019280376 0.00012658912
1210.7992967515008 0.006754661 0.0026062154
1210.8526760081475 -0.0005733779 0.0013640042
1210.9060549178564 0.0010806831 0.00018431748
1210.959433480634 0.004918952 0.001417435
1211.0128116964872 -0.00029893764 0.0015207353
1211.066189565423 0.006025441 0.0056617493
1211.1195670874476 0.005557245 0.00012909646
1211.1729442625683 -0.0006010048 0.00024001636
1211.2263210907915 0.0039361143 0.002827579
1211.2796975721242 0.003963879 2.9852465e-05
1211.3330737065733 0.004965521 0.0019082708
1211.3864494941452 0.00078743073 0.0030247224
1211.4398249348467 0.0014794504 0.0007788977
1211.4932000286847 0.0036266164 0.0003638281
1211.5465747756662 0.0032237235 0.0032469756
1211.5999491757975 0.0009497901 0.00011509608
1211.6533232290853 0.0068887663 0.0029166115
1211.7066969355371 -0.0019126874 0.00013036611
1211.760070295159 -0.00048420375 0.0013318162
1211.8134433079579 0.0025172315 0.0017123852
1211.866815973941 0.0024836175 0.001322059
1211.9201882931143 0.00051255076 0.0024179982
1211.973560265485 0.0023729354 0.0014763941
1212.0269318910596 0.0040100007 0.0031381645
1212.080303169845 0.0023185601 0.0016019883
1212.1336741018483 -0.00044409902 0.0016320533
1212.1870446870757 0.0048646554 0.0019513143
1212.2404149255349 -0.0005221498 0.001550066
1212.2937848172312 0.001823595 0.004031232
1212.3471543621727 -0.00046364407 0.0013155565
1212.4005235603652 0.00240582 0.0012991094
1212.4538924118162 0.0024979077 0.0015878775
1212.5072609165318 0.006056358 0.0005766123
1212.5606290745193 0.0009994713 2.612354e-05
1212.6139968857854 0.0011603332 0.0030709547
1212.6673643503364 0.005640402 0.001196133
1212.7207314681793 0.006380233 0.00020507471
1212.7740982393211 -0.0018901844 0.00013432383
1212.8274646637683 -0.00030452508 0.0014586144
1212.8808307415277 0.00091683987 0.002952675
1212.9341964726063 -0.0004036766 0.0013545925
1212.9875618570106 0.005776362 0.0013382245
1213.0409268947471 0.005031715 0.001175788
1213.0942915858232 0.0041219704 0.00018290419
1213.147655930245 0.0036337988 0.002713774
1213.2010199280194 0.0024011403 0.0043948414
1213.254383579154 0.0036337487 0.0058596437
1213.3077468836543 0.005266446 0.0015725404
1213.3611098415279 0.0071958774 0.0026370957
