eg_uma/.ipynb_checkpoints/oehua2010_expanding_split-checkpoint.escv
# %ECSV 0.9
# ---
# datatype:
# - {name: WAVELENGTH, datatype: float64}
# - {name: FLUX_100, datatype: float32}
# - {name: ERROR_100, datatype: float32}
# - {name: FLUX_300, datatype: float32}
# - {name: ERROR_300, datatype: float32}
# - {name: FLUX_500, datatype: float32}
# - {name: ERROR_500, datatype: float32}
# - {name: FLUX_700, datatype: float32}
# - {name: ERROR_700, datatype: float32}
# - {name: FLUX_900, datatype: float32}
# - {name: ERROR_900, datatype: float32}
# - {name: FLUX_1100, datatype: float32}
# - {name: ERROR_1100, datatype: float32}
# - {name: FLUX_1300, datatype: float32}
# - {name: ERROR_1300, datatype: float32}
# schema: astropy-2.0
WAVELENGTH FLUX_100 ERROR_100 FLUX_300 ERROR_300 FLUX_500 ERROR_500 FLUX_700 ERROR_700 FLUX_900 ERROR_900 FLUX_1100 ERROR_1100 FLUX_1300 ERROR_1300
[from data line 603]
1226.744029959145 -1.4773888e-15 5.6679606e-14 -1.3375271e-15 1.1563928e-16 2.2498347e-15 2.2594475e-15 1.1631406e-15 1.7017678e-15 1.7096505e-15 1.600935e-15 1.9458263e-15 1.4408537e-15 2.72634e-15 1.6728903e-15
1226.7973055015896 7.821698e-15 5.871212e-14 1.6677738e-15 3.0051778e-15 4.4002943e-16 1.7996617e-15 1.1701984e-15 1.66545e-15 1.636742e-15 1.5068668e-15 1.9242016e-15 1.3668291e-15 1.4109398e-15 1.1969183e-15
1226.8505806990954 -1.4682246e-15 5.4733433e-14 -1.3282767e-15 1.1559703e-16 3.2995652e-16 1.7151959e-15 -1.9034718e-16 1.2296836e-15 5.3900666e-16 1.3147171e-15 9.773802e-16 1.2293692e-15 6.1507917e-16 1.0604025e-15
1226.9038555516706 7.582649e-15 5.675548e-14 4.6039714e-15 3.0870552e-15 5.6322118e-15 3.3983788e-15 4.9029443e-15 2.5861045e-15 5.44843e-15 2.5553023e-15 5.0334272e-15 2.1864214e-15 4.724767e-15 1.9293757e-15
1226.9571300593207 -1.4642831e-15 5.746943e-14 -1.3239772e-15 1.1556286e-16 6.621018e-17 1.4502838e-15 8.15288e-16 1.4680923e-15 1.3756848e-15 1.4176001e-15 1.8782435e-15 1.307402e-15 2.0526044e-15 1.2164127e-15
1227.010404222053 -1.4594692e-15 5.627717e-14 -1.318789e-15 1.1557717e-16 3.6505217e-16 1.7414417e-15 -1.6672883e-16 1.2473847e-15 2.4344536e-15 2.153703e-15 2.642075e-15 1.8608888e-15 2.016123e-15 1.6153338e-15
1227.0636780398736 -1.4558693e-15 5.6162492e-14 -1.3153688e-15 1.1553769e-16 -1.3275197e-15 6.457702e-17 -1.3709082e-15 5.353162e-17 -1.3358872e-15 5.4655357e-17 -5.274379e-16 7.914953e-16 -6.5402977e-16 6.705802e-16
1227.11695151279 -1.453843e-15 5.749994e-14 1.9176972e-15 3.2803799e-15 5.879279e-16 1.9568943e-15 1.2472385e-15 1.7231933e-15 3.5255432e-15 3.0801347e-15 3.491308e-15 2.5633745e-15 2.728074e-15 2.2069325e-15
1227.1702246408083 -1.4472849e-15 5.4749862e-14 -1.3063792e-15 1.1549609e-16 -1.3188619e-15 6.490041e-17 -1.3630403e-15 5.426558e-17 -3.6123692e-16 9.770648e-16 -5.137768e-16 7.9818323e-16 -6.417729e-16 6.7680664e-16
1227.2234974239354 -1.4425197e-15 5.3617013e-14 1.4633636e-15 2.9477655e-15 3.4038416e-16 1.7523171e-15 1.0484552e-15 1.602283e-15 5.4481853e-16 1.2671188e-15 9.925865e-16 1.2005408e-15 6.305705e-16 1.0368226e-15
1227.276769862178 1.6303768e-14 5.787809e-14 4.2643874e-15 5.7513342e-15 1.9657767e-15 3.4121117e-15 9.642312e-16 2.429875e-15 4.761749e-16 1.8790537e-15 9.442117e-16 1.6679077e-15 5.887383e-16 1.4191089e-15
1227.3300419555426 -1.4352736e-15 5.3374192e-14 1.4211131e-15 2.737748e-15 1.9115564e-15 2.0277287e-15 9.526606e-16 1.5331889e-15 4.761314e-16 1.2141102e-15 1.734393e-16 1.0040638e-15 -5.917939e-17 8.5854037e-16
1227.3833137040365 -1.4349685e-15 5.619534e-14 -4.7659855e-16 9.386885e-16 -8.253607e-16 5.5136953e-16 -1.0116861e-15 3.9701715e-16 -8.204513e-17 1.0116542e-15 -2.8442707e-16 8.282745e-16 3.1762362e-16 9.409804e-16
1227.4365851076655 7.231286e-15 5.719021e-14 1.5161315e-15 2.7972098e-15 3.9042654e-15 2.1405499e-15 3.5746036e-15 1.7604428e-15 2.4921916e-15 1.5151018e-15 1.8126164e-15 1.3042321e-15 1.3221438e-15 1.1425616e-15
1227.4898561664372 -1.4292703e-15 5.731125e-14 -1.2879265e-15 1.153467e-16 -1.3021521e-15 6.439153e-17 -1.3483101e-15 5.4569317e-17 -1.3128135e-15 5.551293e-17 -4.634911e-16 8.792436e-16 6.941297e-16 1.5004359e-15
1227.5431268803577 1.7182243e-14 5.8571624e-14 1.4149371e-14 3.3915633e-15 7.587882e-15 4.233361e-15 6.131244e-15 3.186462e-15 4.4419526e-15 2.6540888e-15 4.262969e-15 2.2378394e-15 4.128143e-15 1.964668e-15
1227.5963972494337 -1.4179733e-15 5.3436076e-14 1.7530203e-15 3.078181e-15 2.2397368e-15 2.2580823e-15 1.1979029e-15 1.704059e-15 6.723018e-16 1.3499413e-15 3.3746237e-16 1.116749e-15 8.159888e-17 9.548559e-16
1227.6496672736723 7.483109e-15 5.6457545e-14 3.275567e-15 2.468079e-15 1.3990182e-15 1.7526456e-15 1.7618168e-15 1.538685e-15 2.0265822e-15 1.3712816e-15 1.4349126e-15 1.1747769e-15 1.00482e-15 1.0267739e-15
1227.7029369530796 -1.4134192e-15 5.5528593e-14 2.3642434e-15 3.8624482e-15 8.732216e-16 2.2903095e-15 2.0158341e-16 1.6347933e-15 8.1576796e-16 1.481331e-15 1.2832642e-15 1.3790103e-15 1.5207189e-15 1.2745478e-15
1227.7562062876632 -1.4089051e-15 5.4609817e-14 -1.266891e-15 1.1521318e-16 4.758712e-16 1.7713404e-15 -8.1778636e-17 1.2700101e-15 -3.2619212e-16 9.820703e-16 -4.7852597e-16 8.008932e-16 4.7907863e-17 8.978693e-16
1227.809475277429 -1.4074942e-15 5.6453235e-14 -1.2653043e-15 1.1518985e-16 3.5328193e-16 1.6805359e-15 -1.700954e-16 1.2030529e-15 -3.9443066e-16 9.293232e-16 -5.3377846e-16 7.5739066e-16 -6.5387434e-16 6.412691e-16
1227.8627439223837 -1.4028062e-15 5.5339258e-14 -1.26085e-15 1.1512803e-16 -1.27654e-15 6.4681256e-17 -1.1989296e-16 1.1939723e-15 5.7597367e-16 1.2804668e-15 2.5952632e-16 1.0577875e-15 1.3512402e-15 1.532394e-15
1227.9160122225346 -1.3977335e-15 5.388554e-14 -1.255595e-15 1.1510139e-16 1.4215923e-17 1.3351239e-15 -3.9888004e-16 9.614235e-16 -5.689234e-16 7.4419817e-16 5.954091e-17 9.618212e-16 -1.5170167e-16 8.208853e-16
1227.969280177888 -1.3957558e-15 5.520607e-14 -1.2535639e-15 1.1506314e-16 -1.270025e-15 6.4198076e-17 -1.3192422e-15 5.579911e-17 -1.2832773e-15 5.6489454e-17 -4.9609926e-16 7.729817e-16 -6.209642e-16 6.5473e-16
1228.0225477884503 -1.3928665e-15 5.575483e-14 -1.2505123e-15 1.1503307e-16 3.7690285e-16 1.6420334e-15 2.508065e-15 1.8051682e-15 1.6743424e-15 1.4776878e-15 1.933562e-15 1.3524695e-15 1.4264014e-15 1.183725e-15
1228.0758150542292 -1.3882953e-15 5.469737e-14 1.592803e-15 3.0266922e-15 4.3190308e-16 1.7983073e-15 1.115423e-15 1.6380069e-15 6.0530446e-16 1.2936301e-15 2.8479993e-16 1.0677785e-15 3.9105344e-17 9.117404e-16
1228.12908197523 -1.3844112e-15 5.4318136e-14 -1.2422597e-15 1.1492333e-16 -1.2594218e-15 6.405602e-17 -1.3095856e-15 5.6118434e-17 -1.2731853e-15 5.6833515e-17 -1.2473856e-15 5.903939e-17 -7.794603e-16 4.649513e-16
1228.1823485514606 -1.3818664e-15 5.5130634e-14 -1.2394547e-15 1.1490141e-16 3.2182403e-16 1.6203326e-15 1.1063163e-15 1.6120792e-15 1.5089101e-15 1.4583939e-15 1.8927476e-15 1.3579734e-15 3.2159537e-15 1.5985041e-15
1228.235614782927 -1.3784228e-15 5.5137766e-14 1.7072177e-15 3.1355891e-15 4.906544e-16 1.8579536e-15 1.2273322e-15 1.6988539e-15 1.5780712e-15 1.4876319e-15 2.6339353e-15 1.4035142e-15 2.0168276e-15 1.2466891e-15
1228.2888806696362 -1.3737113e-15 5.3981644e-14 1.4106878e-15 2.6626898e-15 3.2718434e-16 1.5966421e-15 -1.7777534e-16 1.147193e-15 -3.93631e-16 8.873e-16 2.2576975e-16 9.921792e-16 -9.142619e-18 8.4803144e-16
1228.3421462115948 -1.3713994e-15 5.4972472e-14 -1.2286015e-15 1.1479182e-16 5.699273e-16 1.8141229e-15 -1.1879936e-17 1.3004967e-15 6.0814753e-16 1.2708376e-15 2.8891365e-16 1.0484764e-15 4.382859e-17 8.950224e-16
1228.3954114088094 7.844351e-15 5.54504e-14 1.7455233e-15 2.9741531e-15 5.4993953e-16 1.7925212e-15 -9.42767e-18 1.2917373e-15 7.5273224e-16 1.332557e-15 4.100802e-16 1.1028849e-15 1.4779792e-16 9.435291e-16
1228.4486762612871 -1.3634633e-15 5.3973488e-14 -1.2208592e-15 1.146744e-16 -1.2392294e-15 6.4241685e-17 -1.2915016e-15 5.737816e-17 -3.031611e-16 1.0145639e-15 -4.5240697e-16 8.2700565e-16 -5.807952e-16 7.001542e-16
1228.501940769034 -1.3616451e-15 5.540815e-14 -1.218834e-15 1.14641e-16 -1.2376087e-15 6.3989554e-17 -1.2901199e-15 5.7228544e-17 -1.2538821e-15 5.7528804e-17 -1.2278329e-15 5.9958445e-17 -1.2353767e-15 5.8153504e-17
1228.5552049320572 6.865807e-15 5.3162532e-14 1.4527737e-15 2.6504455e-15 1.9785127e-15 1.9529274e-15 1.0168996e-15 1.4879549e-15 5.4149747e-16 1.1808717e-15 1.0036897e-15 1.1345148e-15 1.2969205e-15 1.0675937e-15
1228.608468750363 -1.3555428e-15 5.6056146e-14 -1.2127588e-15 1.145331e-16 6.4603584e-16 1.8462064e-15 2.5910503e-15 1.7955498e-15 2.7266835e-15 1.5607177e-15 2.8078674e-15 1.3986646e-15 2.1616713e-15 1.2478446e-15
1228.6617322239588 -1.3491323e-15 5.3400572e-14 1.5556307e-15 2.7917594e-15 2.2312398e-15 2.160611e-15 3.5974527e-15 1.7449562e-15 3.5177204e-15 1.5453025e-15 2.6589055e-15 1.3712584e-15 2.6707425e-15 1.2539068e-15
1228.7149953528506 8.240007e-15 5.8227586e-14 4.9178504e-15 3.0240552e-15 2.3574572e-15 2.2334313e-15 2.6580675e-15 1.8804273e-15 1.7925303e-15 1.5360724e-15 1.2536358e-15 1.2897892e-15 8.5810245e-16 1.1133158e-15
1228.7682581370454 -1.3420807e-15 5.3177592e-14 -1.1992481e-15 1.1437348e-16 -1.2188499e-15 6.4239435e-17 -1.2731151e-15 5.841889e-17 -2.6709183e-16 9.896045e-16 3.475119e-16 1.0993245e-15 9.698201e-17 9.383469e-16
1228.8215205765496 -1.3408975e-15 5.5132768e-14 -1.19764e-15 1.1435317e-16 -1.2175426e-15 6.4249984e-17 -1.3151158e-16 1.1623399e-15 1.6078197e-15 1.4782463e-15 2.5518007e-15 1.7330378e-15 1.9546285e-15 1.50769e-15
1228.8747826713704 -1.3349749e-15 5.2890984e-14 1.5282271e-15 2.7499903e-15 4.1938666e-16 1.6518452e-15 -1.0211886e-16 1.1885809e-15 -3.2729507e-16 9.201382e-16 3.2099637e-16 1.0836884e-15 7.561957e-17 9.250878e-16
1228.9280444215142 -1.3345553e-15 5.554035e-14 -1.19153e-15 1.1421697e-16 5.552719e-16 1.818881e-15 1.1915371e-15 1.6177005e-15 1.6271292e-15 1.4715741e-15 1.1241186e-15 1.2345641e-15 2.093988e-15 1.2348645e-15
1228.981305826988 -1.3282928e-15 5.2974918e-14 1.6199394e-15 2.8404968e-15 2.0711167e-15 2.0512616e-15 3.3876333e-15 1.6619722e-15 3.2996725e-15 1.4607077e-15 2.4820528e-15 1.2966567e-15 1.8947718e-15 1.1558203e-15
1229.0345668877978 -1.3254312e-15 5.343146e-14 -1.1821858e-15 1.1411722e-16 -1.2028382e-15 6.424207e-17 -5.3270607e-17 1.2410918e-15 -2.874531e-16 9.607161e-16 -4.3328088e-16 7.84052e-16 -5.6065127e-16 6.645801e-16
1229.0878276039507 -1.3251788e-15 5.6243293e-14 -1.1821696e-15 1.140352e-16 1.2008781e-15 1.6703204e-15 4.3376338e-16 1.2426214e-15 8.4700343e-17 9.723981e-16 5.9931324e-16 1.0136593e-15 3.0975487e-16 8.7180406e-16
1229.1410879754535 -6.229795e-17 5.1579953e-14 1.9082956e-15 2.4847167e-15 6.7061764e-16 1.5668716e-15 8.716523e-17 1.1485658e-15 -1.7548166e-16 8.958539e-16 1.7180055e-15 1.5677049e-15 1.2580594e-15 1.3525634e-15
1229.1943480023128 -1.3160847e-15 5.413021e-14 1.8158843e-15 3.037203e-15 5.6741324e-16 1.8107964e-15 -4.6797416e-18 1.295862e-15 7.0093e-16 1.3182429e-15 1.9071895e-15 1.3467843e-15 1.4114036e-15 1.1764449e-15
1229.2476076845355 -1.3129306e-15 5.4328653e-14 -1.1699697e-15 1.1384405e-16 4.9085723e-16 1.7191028e-15 -4.8655343e-17 1.2355949e-15 -3.8797193e-17 9.559287e-16 -2.2849984e-16 7.840627e-16 -3.862479e-16 6.674083e-16
1229.3008670221277 -1.3071939e-15 5.2213384e-14 -1.1638329e-15 1.1381402e-16 -1.1854043e-15 6.426981e-17 -7.0221294e-17 1.1566914e-15 -2.9709329e-16 8.966885e-16 -4.3817057e-16 7.3266984e-16 -5.62832e-16 6.2175156e-16
1229.3541260150967 -1.3080818e-15 5.599015e-14 -1.1647956e-15 1.137418e-16 -1.1869945e-15 6.346496e-17 -1.2444572e-15 5.935401e-17 -1.2072796e-15 5.922912e-17 -3.818624e-16 8.341385e-16 -5.148754e-16 7.0571424e-16
1229.4073846634487 -1.2998651e-15 5.1665727e-14 -1.1565538e-15 1.1367917e-16 4.6717636e-16 1.6643326e-15 -5.2945095e-17 1.2019804e-15 6.60471e-16 1.2339984e-15 3.4649955e-16 1.0218439e-15 7.3418084e-16 1.0482354e-15
1229.460642967191 -1.2995166e-15 5.433812e-14 -1.156213e-15 1.136109e-16 -1.1786721e-15 6.36737e-17 2.0808559e-15 2.403475e-15 1.3620977e-15 1.8885324e-15 1.6770774e-15 1.6370774e-15 1.8889288e-15 1.475153e-15
1229.5139009263296 -1.2954471e-15 5.368536e-14 -1.1519833e-15 1.1355598e-16 -1.1745026e-15 6.393023e-17 -1.2331559e-15 6.0527585e-17 -5.234105e-16 6.827231e-16 -6.2087293e-16 5.5714836e-16 -8.9721396e-17 7.4176724e-16
1229.5671585408716 -1.2913691e-15 5.3071215e-14 -1.1480363e-15 1.1347691e-16 -1.170535e-15 6.419717e-17 -1.2296044e-15 6.108784e-17 -1.1967317e-15 5.912187e-17 -4.8793285e-16 7.5255145e-16 5.5128124e-17 8.6715056e-16
1229.6204158108233 -1.2891942e-15 5.407171e-14 1.6543661e-15 2.8354582e-15 4.7973977e-16 1.691518e-15 -6.263257e-17 1.2113759e-15 -2.903072e-16 9.347406e-16 3.3356247e-16 1.0502129e-15 7.3170597e-16 1.0355967e-15
1229.6736727361922 -1.2850168e-15 5.3323014e-14 -1.1414849e-15 1.1335205e-16 -1.1643314e-15 6.427914e-17 -4.2761247e-17 1.2408274e-15 -2.7084366e-16 9.61253e-16 -4.1322606e-16 7.8498773e-16 -5.3946544e-16 6.6563343e-16
1229.7269293169843 6.943988e-15 5.4885946e-14 1.5269794e-15 2.6519924e-15 2.007872e-15 1.9742597e-15 2.2159403e-15 1.6535156e-15 1.4684342e-15 1.3491018e-15 1.0030778e-15 1.1321688e-15 6.552083e-16 9.777173e-16
1229.7801855532061 -1.2796341e-15 5.4463182e-14 1.5770827e-15 2.739584e-15 4.631719e-16 1.6451424e-15 -6.28617e-17 1.1839722e-15 6.3653615e-16 1.2623693e-15 3.2856347e-16 1.0417204e-15 8.804162e-17 8.897084e-16
1229.8334414448652 -1.2729715e-15 5.1503747e-14 -1.1296021e-15 1.1312171e-16 -1.1530035e-15 6.411407e-17 -1.2135983e-15 6.189816e-17 -1.1810173e-15 5.9596835e-17 -4.2098115e-16 7.3197866e-16 -5.4454626e-16 6.2115033e-16
1229.8866969919675 -1.2724388e-15 5.3975413e-14 -1.1292065e-15 1.1303616e-16 5.016012e-16 1.6435235e-15 -4.1269523e-17 1.1816156e-15 -2.700493e-16 9.132539e-16 -4.1004362e-16 7.4452057e-16 -2.223037e-16 6.716911e-16
1229.93995219452 -1.2686314e-15 5.355291e-14 -1.125538e-15 1.1294962e-16 -1.1495455e-15 6.353553e-17 -3.3049656e-16 8.712199e-16 -4.9313644e-16 6.7334154e-16 -5.915883e-16 5.493391e-16 -6.8772754e-16 4.663362e-16
1229.9932070525292 -1.2643936e-15 5.2705195e-14 1.554691e-15 2.7009003e-15 2.097778e-15 2.0229199e-15 1.1009507e-15 1.533366e-15 6.1829334e-16 1.2126197e-15 3.1650596e-16 1.0017523e-15 7.969475e-17 8.5637175e-16
1230.0464615660019 -1.261538e-15 5.311779e-14 1.5496148e-15 2.8445e-15 4.4388912e-16 1.6895972e-15 -7.626282e-17 1.2103316e-15 -2.9447598e-16 9.347013e-16 -4.2835965e-16 7.617362e-16 -5.4914157e-16 6.4507086e-16
1230.099715734945 -1.2597014e-15 5.4401308e-14 -1.1163832e-15 1.1273637e-16 5.7041734e-16 1.758526e-15 1.7847393e-17 1.2641904e-15 2.5246097e-15 2.098645e-15 1.8692914e-15 1.7507286e-15 1.3895011e-15 1.5038061e-15
1230.1529695593647 7.143568e-15 5.4058452e-14 1.6085975e-15 2.7085623e-15 4.8449967e-16 1.6283444e-15 -4.4982353e-17 1.172257e-15 1.5160599e-15 1.964568e-15 1.0482473e-15 1.617545e-15 6.9750437e-16 1.3774666e-15
1230.206223039268 6.581699e-15 5.4937e-14 3.889547e-15 2.901092e-15 1.5894414e-15 2.092411e-15 5.752133e-16 1.5755719e-15 1.0813559e-15 1.4756054e-15 1.3606786e-15 1.3226678e-15 1.5474855e-15 1.2358678e-15
1230.2594761746618 -1.2467517e-15 5.1670965e-14 -1.1036253e-15 1.1248263e-16 -1.1486517e-15 7.0616806e-17 9.972739e-16 2.280467e-15 1.4002139e-15 1.8978762e-15 9.457342e-16 1.5640082e-15 6.036053e-16 1.3328307e-15
1230.3127289655522 -1.2460394e-15 5.3985862e-14 4.6282914e-15 3.0209193e-15 4.0253098e-15 2.199662e-15 2.4671378e-15 1.811764e-15 1.6770627e-15 1.4754359e-15 1.1818419e-15 1.2377751e-15 8.119852e-16 1.068523e-15
1230.3659814119464 -1.2418272e-15 5.3187703e-14 1.600014e-15 2.726724e-15 2.1111426e-15 2.0204516e-15 1.1044758e-15 1.5296368e-15 6.21946e-16 1.2079708e-15 1.1067451e-15 1.1757765e-15 7.478248e-16 1.0154252e-15
1230.419233513851 -1.2397303e-15 5.4196244e-14 -1.0966422e-15 1.1223126e-16 -1.1222041e-15 6.3253754e-17 -1.1857086e-15 6.2734853e-17 -1.1504884e-15 6.0932116e-17 -1.1233565e-15 6.4356776e-17 -1.1336237e-15 6.0825026e-17
1230.4724852712725 -1.2348503e-15 5.2758064e-14 -1.0919298e-15 1.1213393e-16 -1.1174072e-15 6.3610805e-17 -1.1813736e-15 6.344347e-17 -1.1483292e-15 6.079724e-17 -3.899415e-16 7.996186e-16 1.1822006e-16 8.787757e-16
1230.5257366842177 1.4442508e-14 5.348228e-14 3.8648233e-15 5.0811787e-15 1.873963e-15 3.048373e-15 2.126148e-15 2.3340637e-15 2.3353778e-15 1.9479545e-15 2.447942e-15 1.6937084e-15 2.5388197e-15 1.4919009e-15
1230.5789877526934 2.1140532e-15 5.639634e-14 2.5644143e-15 2.1696158e-15 1.7283257e-15 1.3771392e-15 8.1725095e-16 1.1022643e-15 3.9627256e-16 8.815023e-16 1.386696e-16 7.3213483e-16 3.1058461e-16 6.804878e-16
1230.6322384767059 -1.2245996e-15 5.234207e-14 1.6967472e-15 2.8102973e-15 5.6943394e-16 1.6933809e-15 2.9889523e-17 1.2225563e-15 7.323396e-16 1.2452696e-15 8.2642527e-16 1.0719602e-15 5.155691e-16 9.247889e-16
