eg_uma/.ipynb_checkpoints/oehua2010_expanding_split-checkpoint.escv
# %ECSV 0.9
# ---
# datatype:
# - {name: WAVELENGTH, datatype: float64}
# - {name: FLUX_100, datatype: float32}
# - {name: ERROR_100, datatype: float32}
# - {name: FLUX_300, datatype: float32}
# - {name: ERROR_300, datatype: float32}
# - {name: FLUX_500, datatype: float32}
# - {name: ERROR_500, datatype: float32}
# - {name: FLUX_700, datatype: float32}
# - {name: ERROR_700, datatype: float32}
# - {name: FLUX_900, datatype: float32}
# - {name: ERROR_900, datatype: float32}
# - {name: FLUX_1100, datatype: float32}
# - {name: ERROR_1100, datatype: float32}
# - {name: FLUX_1300, datatype: float32}
# - {name: ERROR_1300, datatype: float32}
# schema: astropy-2.0
WAVELENGTH FLUX_100 ERROR_100 FLUX_300 ERROR_300 FLUX_500 ERROR_500 FLUX_700 ERROR_700 FLUX_900 ERROR_900 FLUX_1100 ERROR_1100 FLUX_1300 ERROR_1300
[from data line 301]
1210.6390030478012 8.9688355e-15 7.171795e-14 1.2335455e-15 3.7818954e-15 1.9473112e-15 2.7367662e-15 7.3094195e-16 2.0434863e-15 2.3922165e-15 2.6285946e-15 1.5272253e-15 2.200865e-15 9.741957e-16 1.8841636e-15
1210.6923830691057 -2.5614014e-15 7.629536e-14 -2.4987546e-15 7.9263914e-17 -7.3943766e-17 2.344485e-15 -7.3459425e-16 1.6591884e-15 2.1509244e-16 1.6986919e-15 1.7856947e-15 2.2781186e-15 2.1106627e-15 2.0412999e-15
1210.7457627434387 -2.5519938e-15 7.0171984e-14 4.143433e-15 6.8791976e-15 3.7965986e-15 4.1819605e-15 2.0656988e-15 3.098148e-15 1.0994372e-15 2.451781e-15 4.814374e-16 2.0269465e-15 9.4057245e-17 1.7228944e-15
1210.799142070807 9.5797775e-15 7.69206e-14 5.535282e-15 4.115595e-15 5.0475845e-15 3.1661918e-15 3.70895e-15 2.4253107e-15 6.431477e-15 2.705826e-15 7.0760108e-15 2.645663e-15 5.610351e-15 2.4175182e-15
1210.8525210512175 -2.5451083e-15 6.84923e-14 4.9187428e-15 3.8433108e-15 2.9179275e-15 2.5526323e-15 1.3990549e-15 2.0109411e-15 5.589234e-16 1.6305584e-15 2.2983744e-17 1.3664324e-15 4.2500474e-17 1.1700562e-15
1210.9058996846766 -2.5744112e-15 7.48102e-14 -2.5467852e-15 7.896222e-17 -1.7611596e-16 2.4026975e-15 8.7570713e-16 2.1953294e-15 1.4906452e-15 2.0032393e-15 7.857215e-16 1.6839449e-15 1.3229979e-15 1.6248854e-15
1210.9592779711913 8.414455e-15 7.361582e-14 4.724273e-15 3.5970423e-15 7.0954967e-15 5.061677e-15 8.445326e-15 4.098446e-15 7.299584e-15 3.3559278e-15 6.1502596e-15 2.8484195e-15 4.8492094e-15 2.536541e-15
1211.0126559107687 -2.542841e-15 7.3348466e-14 1.5810678e-15 4.2600756e-15 -7.005594e-18 2.5293943e-15 -6.543667e-16 1.7958282e-15 -1.0143349e-15 1.3922032e-15 -1.2473972e-15 1.1374322e-15 -4.503492e-16 1.2792643e-15
1211.066033503415 2.054115e-14 7.3859504e-14 8.802726e-15 6.6046225e-15 1.2617178e-14 4.3323944e-15 9.8415665e-15 3.6321035e-15 8.3326544e-15 3.0943744e-15 7.525817e-15 2.7228594e-15 6.894852e-15 2.4094007e-15
1211.1194107491372 3.982431e-16 7.479386e-14 4.765408e-15 2.5336962e-15 7.749541e-15 3.4802602e-15 4.8701692e-15 3.0301388e-15 4.524181e-15 2.5361575e-15 4.5823436e-15 2.138588e-15 4.3245216e-15 1.805559e-15
1211.1727876479422 -2.5320839e-15 7.075997e-14 -2.468542e-15 8.172801e-17 -2.432549e-15 4.9608073e-17 -1.5567611e-15 8.172964e-16 -1.7150307e-15 6.3125517e-16 -1.8212212e-15 5.1502393e-16 -1.8492686e-15 4.3379858e-16
1211.2261641998364 9.3305295e-15 7.600601e-14 1.6859391e-14 7.741921e-15 1.6097524e-14 4.698245e-15 1.5562026e-14 5.0866387e-15 1.1364332e-14 4.6887073e-15 9.889045e-15 3.984012e-15 7.980762e-15 3.5632677e-15
1211.279540404827 -2.5264477e-15 7.0439145e-14 -2.4623193e-15 8.23567e-17 1.8953095e-15 4.6053685e-15 3.7185746e-15 4.177219e-15 3.590733e-15 3.327522e-15 4.5398785e-15 2.7739298e-15 4.3936094e-15 2.4093075e-15
1211.3329162629204 1.0094063e-14 7.460276e-14 5.324787e-15 4.0553147e-15 2.1960125e-15 2.9074457e-15 2.5112354e-15 2.358279e-15 3.9567704e-15 2.8314783e-15 4.3789918e-15 2.3381116e-15 4.269862e-15 2.0846933e-15
1211.3862917741237 4.969771e-15 7.323218e-14 -1.6178834e-16 2.5305503e-15 -1.1162395e-15 1.4904826e-15 -1.4815789e-15 1.0504869e-15 -4.147966e-16 1.4440187e-15 1.2477419e-15 1.6280803e-15 2.0134183e-15 1.5103479e-15
1211.4396669384432 -2.5189163e-15 7.090206e-14 1.1033478e-15 3.7264927e-15 -3.1412156e-16 2.224559e-15 -8.972396e-16 1.5837899e-15 3.4916215e-16 1.6340691e-15 -1.4980539e-16 1.3637632e-15 3.983171e-16 1.3875781e-15
1211.4930417558862 -3.7358947e-15 7.0284964e-14 2.0414657e-17 3.7362543e-15 9.591573e-16 2.8619367e-15 1.5448644e-15 2.4617395e-15 2.0217935e-15 2.1566185e-15 3.1374518e-15 1.905721e-15 3.1152273e-15 1.7685667e-15
1211.5464162264593 -2.517662e-15 7.461639e-14 9.1522435e-15 7.0884884e-15 6.626652e-15 4.4806374e-15 3.797081e-15 3.5508758e-15 2.2625283e-15 2.8791152e-15 3.4971032e-15 2.482441e-15 2.5239615e-15 2.1783665e-15
1211.599790350169 8.662643e-15 7.223356e-14 1.1774663e-15 3.666259e-15 2.0590748e-15 2.7840165e-15 2.4152734e-15 2.304845e-15 1.3681431e-15 1.8865306e-15 7.0141263e-16 1.5882481e-15 1.0995517e-15 1.5117299e-15
1211.6531641270221 -2.5122417e-15 7.467747e-14 4.934603e-15 7.816993e-15 6.625018e-15 4.4013755e-15 1.0702088e-14 4.9534436e-15 1.0308135e-14 4.250135e-15 1.1029884e-14 4.258043e-15 8.922171e-15 3.8186007e-15
1211.7065375570257 2.2440056e-15 7.074252e-14 3.3175507e-15 3.6755474e-15 1.0446365e-15 2.4431293e-15 1.0669934e-16 1.790969e-15 -4.1308132e-16 1.410152e-15 2.9317817e-16 1.4720922e-15 -6.1137925e-17 1.2590523e-15
1211.7599106401863 9.423235e-15 7.359951e-14 1.4142168e-15 3.9113305e-15 2.09847e-15 2.8202877e-15 2.455272e-15 2.3036564e-15 1.3943423e-15 1.8862382e-15 1.7445479e-15 1.7348124e-15 1.160424e-15 1.5067327e-15
1211.8132833765105 -2.499829e-15 7.106229e-14 -2.4337294e-15 8.510797e-17 1.9933855e-15 2.7663965e-15 7.6552344e-16 2.0575074e-15 9.298993e-17 1.6292691e-15 1.6238837e-15 2.2991644e-15 2.7598544e-15 2.4791998e-15
1211.8666557660054 -2.4978648e-15 7.178961e-14 4.594467e-15 7.43996e-15 6.2545633e-15 5.568609e-15 3.783644e-15 4.1385225e-15 3.6712267e-15 3.3060916e-15 2.576607e-15 2.7670485e-15 1.8639254e-15 2.3697799e-15
1211.920027808678 8.6241515e-15 7.2609534e-14 8.211752e-15 3.7332538e-16 3.780158e-15 2.638206e-15 1.9760654e-15 2.1382296e-15 9.945551e-16 1.7481853e-15 3.7180654e-16 1.4705351e-15 -1.390503e-17 1.2608045e-15
1211.9733995045344 9.144174e-15 7.406561e-14 5.3886305e-15 3.8549753e-15 2.198164e-15 2.8456495e-15 8.803747e-16 2.13205e-15 1.4725417e-15 1.9587224e-15 1.7737451e-15 1.7560915e-15 1.1671482e-15 1.5279238e-15
1212.0267708535819 -2.491083e-15 7.333674e-14 4.897358e-15 3.802866e-15 4.2389438e-15 2.8330059e-15 5.6671824e-15 3.3133712e-15 3.8458197e-15 2.7762106e-15 4.8781424e-15 2.3548198e-15 4.739212e-15 2.0931063e-15
1212.0801418558267 -2.4836397e-15 6.921761e-14 -2.4165138e-15 8.641521e-17 -4.3908512e-16 1.9929129e-15 5.4123844e-16 1.917566e-15 1.0808745e-15 1.7671461e-15 1.4447193e-15 1.6285044e-15 9.128689e-16 1.4131612e-15
1212.133512511276 -2.4820342e-15 7.031709e-14 4.6888576e-15 7.405661e-15 1.8398087e-15 4.384999e-15 6.663965e-16 3.1097417e-15 1.2498863e-15 2.5793771e-15 6.083441e-16 2.127279e-15 1.068057e-15 1.9393279e-15
1212.1868828199363 -2.4785141e-15 6.9750974e-14 4.578257e-15 7.421376e-15 1.7820955e-15 4.3845127e-15 2.2782419e-15 3.2973868e-15 2.4855644e-15 2.6796476e-15 4.3817167e-15 2.5853324e-15 4.2597876e-15 2.2558086e-15
1212.2402527818147 -2.4758195e-15 6.9950224e-14 1.2904684e-15 3.7475033e-15 -1.5944019e-16 2.2297249e-15 -7.472119e-16 1.583022e-15 -1.070539e-15 1.2268457e-15 -1.2819322e-15 1.0022194e-15 -5.866214e-16 1.1622482e-15
1212.2936223969177 -2.4758366e-15 7.254638e-14 -2.4080334e-15 8.7378384e-17 -2.366951e-15 5.420847e-17 -2.3209717e-15 5.4115565e-17 -2.291286e-15 4.7874517e-17 -2.2800657e-15 4.1515573e-17 8.0701244e-16 2.3980902e-15
1212.3469916652518 8.49521e-15 7.093024e-14 1.152328e-15 3.595577e-15 -2.1909592e-16 2.147181e-15 7.8218765e-16 2.0349092e-15 1.2019363e-16 1.6140759e-15 -3.053849e-16 1.3367138e-15 -5.6282126e-16 1.1364243e-15
1212.4003605868247 -2.4660888e-15 6.9074134e-14 1.0353453e-15 3.601181e-15 6.0141364e-15 4.0739058e-15 5.2156223e-15 3.107639e-15 3.5367532e-15 2.6078001e-15 4.4528645e-15 2.6772607e-15 4.282535e-15 2.3454488e-15
1212.453729161642 -2.4669297e-15 7.243058e-14 1.2932909e-15 3.875814e-15 -1.7180021e-16 2.2855386e-15 -7.619046e-16 1.6157906e-15 -1.0823419e-15 1.2489263e-15 -2.686386e-16 1.3719359e-15 3.2026011e-16 1.3869575e-15
1212.5070973897114 1.6615935e-14 7.4466956e-14 7.567216e-15 5.5959003e-15 8.0172295e-15 4.7371215e-15 8.215621e-15 4.1094227e-15 7.5050355e-15 3.1731186e-15 8.235011e-15 2.7680615e-15 6.6109613e-15 2.5556892e-15
1212.5604652710392 -2.459024e-15 7.0639864e-14 -2.3901078e-15 8.8612444e-17 -2.3097422e-15 7.907671e-17 7.5897635e-16 3.0733072e-15 9.118115e-17 2.3785596e-15 -3.3605632e-16 1.9408748e-15 2.7559273e-16 1.8003975e-15
1212.6138328056322 9.205924e-15 7.474092e-14 9.677376e-15 2.4209464e-16 4.7597102e-15 2.9461714e-15 4.5185756e-15 2.444078e-15 2.998752e-15 2.1084952e-15 2.0349352e-15 1.8187295e-15 1.4106979e-15 1.5821072e-15
1212.667199993497 -2.4498817e-15 6.7802595e-14 1.1844817e-15 3.6020648e-15 3.854337e-15 4.4228694e-15 3.654603e-15 3.3013804e-15 3.557895e-15 2.7122393e-15 3.4953443e-15 2.3312905e-15 2.6484478e-15 2.0384856e-15
1212.7205668346407 -2.5718874e-15 7.111057e-14 1.1078042e-15 3.7898893e-15 3.8622653e-15 4.3141705e-15 2.0553835e-15 3.1736067e-15 4.240559e-15 2.901772e-15 3.0123242e-15 2.4760181e-15 3.0685513e-15 2.179368e-15
1212.77393332907 -2.446466e-15 7.015703e-14 -2.3768464e-15 8.950841e-17 -2.3780712e-16 2.1819581e-15 -8.014505e-16 1.5434609e-15 6.638123e-17 1.5916162e-15 -3.520354e-16 1.3151314e-15 -6.003692e-16 1.1162369e-15
1212.827299476791 -2.4409541e-15 6.792767e-14 -2.3707237e-15 8.98587e-17 1.9966286e-15 2.8159945e-15 8.162845e-16 2.0917887e-15 1.5844617e-16 1.6574901e-15 -2.6581813e-16 1.3720187e-15 -5.260283e-16 1.166576e-15
1212.8806652778117 9.062326e-15 7.549873e-14 1.3522308e-15 3.773159e-15 2.1600143e-15 2.802547e-15 2.458021e-15 2.3441431e-15 1.390747e-15 1.9075658e-15 1.7567504e-15 1.7152892e-15 2.050766e-15 1.5876338e-15
1212.934030732138 -2.435374e-15 6.835155e-14 4.789973e-15 3.708462e-15 4.232899e-15 2.7149587e-15 2.4042029e-15 2.2138985e-15 2.6014718e-15 1.9096229e-15 1.7268802e-15 1.6511556e-15 1.995597e-15 1.5114021e-15
1212.9873958397766 2.0943918e-14 7.447228e-14 4.93314e-15 7.625108e-15 2.0083441e-15 4.5132e-15 4.1108427e-15 3.4216637e-15 2.6888123e-15 2.76508e-15 3.80185e-15 2.832217e-15 2.8986005e-15 2.449589e-15
1213.0407606007345 -2.433175e-15 7.1852924e-14 1.4576406e-15 3.8604475e-15 4.300732e-15 4.4003137e-15 6.726351e-15 5.0107606e-15 6.851388e-15 3.8299836e-15 6.1888767e-15 3.2045562e-15 5.796703e-15 2.7799662e-15
1213.0941250150183 8.986419e-15 7.0792486e-14 4.6247326e-15 3.6510796e-15 1.8855538e-15 2.6155719e-15 2.2505236e-15 2.1904316e-15 3.771515e-15 1.9728554e-15 3.695733e-15 1.7602047e-15 2.817234e-15 1.5910255e-15
1213.147489082635 8.541417e-15 6.969203e-14 1.1872002e-15 3.5897104e-15 5.911241e-15 6.214658e-15 5.0921224e-15 4.480111e-15 5.9441435e-15 3.4715614e-15 6.3453762e-15 3.1961719e-15 5.023284e-15 2.8147117e-15
1213.2008528035915 -2.422584e-15 7.065237e-14 8.508016e-15 6.6028315e-15 6.4006574e-15 4.2491586e-15 3.9051704e-15 3.3269762e-15 2.5434968e-15 2.6883223e-15 1.6766583e-15 2.2477605e-15 1.1145282e-15 1.923894e-15
1213.2542161778942 6.7310456e-15 7.029124e-14 5.4675527e-16 3.0312025e-15 -6.0143304e-16 1.799389e-15 4.5434106e-15 4.2513066e-15 3.0144446e-15 3.386686e-15 3.1062875e-15 2.8539964e-15 2.3075066e-15 2.4520638e-15
1213.3075792055497 9.657613e-15 7.261866e-14 9.212427e-15 2.215279e-16 4.3641035e-15 2.8417828e-15 3.9944596e-15 2.3558258e-15 6.2410967e-15 2.5156165e-15 5.6974163e-15 2.18447e-15 4.4689335e-15 2.0002054e-15
1213.3609418865653 2.0091576e-14 7.403948e-14 1.6166752e-14 3.607889e-15 1.0795632e-14 4.1475917e-15 6.9727308e-15 3.7268734e-15 7.233565e-15 3.3434764e-15 5.4784532e-15 2.9348887e-15 6.0534997e-15 2.8526206e-15
1213.4143042209473 -2.4095464e-15 7.0167417e-14 -2.3366367e-15 9.238235e-17 -2.369549e-16 2.1591293e-15 8.1409194e-16 2.0747297e-15 2.504289e-15 2.7443078e-15 1.6495223e-15 2.2903743e-15 1.9524372e-15 2.057526e-15
1213.4676662087027 -2.4039259e-15 6.795579e-14 -2.330764e-15 9.260368e-17 -1.7706153e-16 2.1847046e-15 3.4327342e-15 4.4980575e-15 2.180793e-15 3.524557e-15 2.358067e-15 2.9481939e-15 2.5082913e-15 2.54326e-15
1213.5210278498382 -2.4053269e-15 7.2032515e-14 -2.3318347e-15 9.284524e-17 2.07257e-15 2.7532393e-15 2.462453e-15 2.305602e-15 2.6199078e-15 1.9759894e-15 1.7365339e-15 1.6998288e-15 1.9865267e-15 1.5509248e-15
1213.5743891443606 8.935745e-15 7.064303e-14 7.590789e-15 1.490893e-15 5.7863557e-15 2.1995987e-15 5.0896118e-15 2.0294208e-15 3.4441147e-15 1.8773653e-15 4.2836764e-15 2.1811306e-15 4.178202e-15 1.9318992e-15
1213.6277500922763 -1.1354806e-15 6.9757066e-14 1.6881476e-15 3.4126271e-15 9.168633e-17 2.0883811e-15 9.957282e-16 1.9341303e-15 3.9546897e-15 2.6338555e-15 4.756807e-15 2.6296979e-15 5.3389143e-15 2.567472e-15
1213.6811106935925 -1.2246286e-15 6.983831e-14 1.5910535e-15 3.3501227e-15 2.7775286e-15 2.6082127e-15 1.5658541e-15 1.963587e-15 3.2206082e-15 1.8756319e-15 2.2324998e-15 1.6516391e-15 1.585323e-15 1.45261e-15
1213.734470948316 -2.3880065e-15 6.796008e-14 -2.3134354e-15 9.372247e-17 -1.7993263e-16 2.2218422e-15 -7.276149e-16 1.5776149e-15 -1.0301263e-15 1.2232104e-15 -2.7678416e-16 1.3244211e-15 2.6797203e-16 1.3489724e-15
1213.787830856453 9.350365e-15 7.3159896e-14 1.20636465e-14 9.86762e-15 5.989596e-15 6.3565045e-15 3.554778e-15 4.6001893e-15 2.2526583e-15 3.5939455e-15 1.4294806e-15 2.947767e-15 9.039432e-16 2.4944976e-15
1213.8411904180107 -2.3851868e-15 7.1201095e-14 -2.310033e-15 9.4162244e-17 -2.8596987e-17 2.3290975e-15 2.5173726e-15 3.4916547e-15 2.7638734e-15 2.8452571e-15 1.8545213e-15 2.374116e-15 1.3800069e-15 2.0166995e-15
1213.894549632996 -2.3781646e-15 6.775724e-14 1.0235331e-15 3.4946314e-15 1.4939748e-15 2.4167932e-15 2.095722e-15 2.1492955e-15 1.1612263e-15 1.7523822e-15 3.444027e-15 2.2354843e-15 2.6271462e-15 1.9541023e-15
1213.9479085014152 8.117652e-15 6.913389e-14 1.0958144e-15 3.4342754e-15 1.9111217e-15 2.5927363e-15 2.2427505e-15 2.145154e-15 2.654402e-15 1.831306e-15 2.721042e-15 1.6476656e-15 3.6207584e-15 1.5195322e-15
1214.0012670232752 -2.376326e-15 7.191549e-14 1.5081444e-15 4.0008665e-15 -3.308871e-18 2.3581594e-15 9.293067e-16 2.138829e-15 3.990187e-15 2.8374403e-15 3.8380808e-15 2.401929e-15 5.4704225e-15 2.3907973e-15
1214.0546251985827 8.619579e-15 6.838946e-14 8.557408e-15 1.9446736e-16 6.4302095e-15 2.182323e-15 7.0747017e-15 2.9491163e-15 7.425618e-15 2.2690878e-15 5.6395598e-15 2.1754648e-15 6.1164126e-15 1.8615203e-15
1214.1079830273447 8.838986e-15 7.2917035e-14 1.3086132e-15 3.6636568e-15 1.9136198e-15 2.6549977e-15 2.2482535e-15 2.2278008e-15 2.498763e-15 1.9261519e-15 2.689339e-15 1.7757943e-15 4.439103e-15 2.01974e-15
1214.1613405095682 2.9791768e-14 7.172881e-14 1.1215279e-14 9.285347e-15 8.198029e-15 5.7207928e-15 6.750678e-15 4.215514e-15 9.338923e-15 4.1295897e-15 9.112399e-15 3.664722e-15 9.848019e-15 3.19955e-15
1214.214697645259 -2.3639336e-15 7.252367e-14 -2.2866972e-15 9.565967e-17 2.1163408e-15 4.4929507e-15 2.5409858e-15 3.3816988e-15 4.1145333e-15 2.7952318e-15 2.95155e-15 2.381531e-15 3.8688234e-15 2.4560737e-15
1214.2680544344248 -2.3526878e-15 6.5463104e-14 1.1824146e-14 9.5724455e-15 6.050031e-15 6.226363e-15 6.520642e-15 4.8474904e-15 6.9962274e-15 3.7227107e-15 7.228369e-15 3.018555e-15 5.778236e-15 2.7047924e-15
1214.321410877072 2.0850324e-14 7.602017e-14 1.6905992e-14 3.984496e-15 1.129378e-14 4.3420645e-15 1.06367e-14 3.8969254e-15 8.930063e-15 3.2936853e-15 8.039542e-15 2.850133e-15 6.444456e-15 2.6059458e-15
1214.3747669732072 7.785942e-15 6.7858384e-14 1.3596625e-14 3.3199598e-15 1.4948417e-14 6.965851e-15 9.862554e-15 5.728547e-15 8.449181e-15 4.5614795e-15 8.536034e-15 3.694726e-15 8.471117e-15 3.3435152e-15
1214.4281227228369 3.153659e-14 7.599268e-14 1.978126e-14 6.5974473e-15 1.0410877e-14 6.493152e-15 1.0394627e-14 5.3560693e-15 9.9367375e-15 4.486785e-15 7.633167e-15 3.9113974e-15 1.0275798e-14 3.8374806e-15
1214.4814781259688 -2.3403876e-15 6.634428e-14 4.552842e-15 3.5559824e-15 1.01885815e-14 4.0710673e-15 1.224611e-14 5.6375574e-15 1.4572014e-14 5.2431386e-15 1.3378306e-14 4.545325e-15 1.3334621e-14 4.245906e-15
1214.5348331826087 -2.341229e-15 7.003576e-14 5.0623394e-15 3.798457e-15 9.061366e-15 3.7253153e-15 1.0463162e-14 3.0383593e-15 1.0012799e-14 2.3388234e-15 9.846727e-15 1.8960746e-15 8.99176e-15 1.8616224e-15
1214.588187892764 1.8655899e-14 7.0834384e-14 1.87475e-14 6.012299e-15 1.6338456e-14 3.69911e-15 1.3760188e-14 3.809226e-15 1.1344695e-14 3.4133427e-15 1.1518458e-14 2.8131275e-15 1.0160655e-14 2.5801816e-15
