eg_uma/.ipynb_checkpoints/oehua2010_expanding_split-checkpoint.escv
# %ECSV 0.9
# ---
# datatype:
# - {name: WAVELENGTH, datatype: float64}
# - {name: FLUX_100, datatype: float32}
# - {name: ERROR_100, datatype: float32}
# - {name: FLUX_300, datatype: float32}
# - {name: ERROR_300, datatype: float32}
# - {name: FLUX_500, datatype: float32}
# - {name: ERROR_500, datatype: float32}
# - {name: FLUX_700, datatype: float32}
# - {name: ERROR_700, datatype: float32}
# - {name: FLUX_900, datatype: float32}
# - {name: ERROR_900, datatype: float32}
# - {name: FLUX_1100, datatype: float32}
# - {name: ERROR_1100, datatype: float32}
# - {name: FLUX_1300, datatype: float32}
# - {name: ERROR_1300, datatype: float32}
# schema: astropy-2.0
WAVELENGTH FLUX_100 ERROR_100 FLUX_300 ERROR_300 FLUX_500 ERROR_500 FLUX_700 ERROR_700 FLUX_900 ERROR_900 FLUX_1100 ERROR_1100 FLUX_1300 ERROR_1300
[from data line 528]
1222.7473807117924 -1.7583521e-15 5.9801224e-14 5.3377032e-17 1.8247076e-15 -6.121258e-16 1.0781061e-15 -9.142576e-16 7.686388e-16 -1.0402486e-15 5.9317866e-16 -1.1231408e-15 4.8337343e-16 -1.1871673e-15 4.093954e-16
1222.8006821437054 -1.7530549e-15 5.847355e-14 -1.6274664e-15 1.1457101e-16 -1.6166229e-15 6.516865e-17 8.089661e-16 2.5733448e-15 2.9341965e-16 1.9892118e-15 -3.4721098e-17 1.6215351e-15 -2.6717095e-16 1.3693516e-15
1222.8539832301778 -1.7506372e-15 5.978996e-14 -1.624973e-15 1.145849e-16 1.9741522e-15 3.797495e-15 9.279035e-16 2.7017323e-15 3.9098466e-16 2.0920579e-15 4.7383152e-17 1.7072384e-15 1.8617714e-15 1.9998376e-15
1222.9072839712153 7.187487e-15 5.902821e-14 1.268815e-15 2.8926158e-15 1.10412366e-16 1.7273089e-15 2.0036522e-15 2.5981844e-15 1.2197261e-15 2.0450418e-15 7.226691e-16 1.685079e-15 3.726703e-16 1.4333145e-15
1222.9605843668253 -1.742582e-15 5.945613e-14 -1.6164739e-15 1.1465666e-16 3.3768355e-16 2.008166e-15 1.1460507e-15 1.8518654e-15 5.625324e-16 1.4651886e-15 2.8273354e-16 1.2007572e-15 2.2304352e-18 1.0261431e-15
1223.013884417014 -1.7369163e-15 5.786727e-14 -1.6103649e-15 1.1472591e-16 1.9715253e-15 2.2369342e-15 2.2541054e-15 1.8580367e-15 2.4859888e-15 1.634873e-15 1.751689e-15 1.4066203e-15 1.2393421e-15 1.2286265e-15
1223.0671841217882 -1.7350738e-15 5.963652e-14 4.5951487e-15 3.2370823e-15 2.0821798e-15 2.3265534e-15 2.2910642e-15 1.89577e-15 1.4473981e-15 1.5479322e-15 9.10905e-16 1.3011212e-15 1.4780459e-15 1.2235531e-15
1223.1204834811551 7.612016e-15 6.075407e-14 1.4195839e-15 3.028894e-15 2.034553e-15 2.281472e-15 2.2707988e-15 1.8922966e-15 2.4309219e-15 1.6324795e-15 3.3698844e-15 1.4670602e-15 2.5973268e-15 1.3324033e-15
1223.1737824951208 7.627713e-15 6.0385026e-14 4.6487705e-15 3.0865857e-15 2.1159211e-15 2.272577e-15 1.0289198e-15 1.7125991e-15 1.5176353e-15 1.5536853e-15 9.693968e-16 1.30764e-15 5.827085e-16 1.127968e-15
1223.2270811636924 -1.722124e-15 5.837551e-14 -1.5946376e-15 1.14865e-16 -1.5861498e-15 6.5469605e-17 -1.6024382e-15 4.6518533e-17 -1.5682747e-15 4.9240282e-17 -1.5488504e-15 4.6718873e-17 -1.5442208e-15 5.043099e-17
1223.2803794868764 -1.7161165e-15 5.6458002e-14 4.0209073e-15 5.81854e-15 1.7807756e-15 3.4666227e-15 3.1959402e-15 3.2548046e-15 2.1569383e-15 2.575969e-15 1.4951293e-15 2.1290254e-15 1.0286377e-15 1.8146684e-15
1223.3336774646798 -1.7184094e-15 6.1937346e-14 -1.590432e-15 1.1493389e-16 -1.5826832e-15 6.463956e-17 9.063128e-16 2.6625422e-15 1.3723593e-15 2.1838561e-15 8.4575075e-16 1.7953765e-15 4.766999e-16 1.5247515e-15
1223.386975097109 -1.709967e-15 5.784138e-14 4.255476e-15 6.038778e-15 1.9125527e-15 3.595316e-15 8.963633e-16 2.5648433e-15 3.7713816e-16 1.9887664e-15 4.4707752e-17 1.6244511e-15 5.139016e-16 1.4879964e-15
1223.4402723841708 -1.7065002e-15 5.818372e-14 3.8212399e-16 1.9383938e-15 -4.0016587e-16 1.1614646e-15 -7.539321e-16 8.3256457e-16 -9.04851e-16 6.439681e-16 -1.7869711e-16 9.421586e-16 3.1940805e-16 9.965689e-16
1223.493569325872 -1.7059631e-15 6.112967e-14 1.8436945e-15 3.4688038e-15 2.4515783e-15 2.4885066e-15 1.2611006e-15 1.8707974e-15 6.540746e-16 1.4803945e-15 2.6807243e-16 1.2233877e-15 -7.347664e-18 1.0433556e-15
1223.5468659222195 7.4927535e-15 5.7227816e-14 1.388334e-15 2.9721596e-15 1.9911377e-15 2.1763756e-15 9.734431e-16 1.6464292e-15 1.418561e-15 1.5399042e-15 1.7047128e-15 1.4322603e-15 1.2096308e-15 1.2491182e-15
1223.6001621732194 -1.6949975e-15 5.821969e-14 1.4255874e-15 3.1805187e-15 2.0100174e-16 1.8743785e-15 7.111407e-16 1.5402206e-15 1.2603699e-15 1.4590999e-15 7.606756e-16 1.2231216e-15 4.0808629e-16 1.0525313e-15
1223.6534580788789 -1.6919241e-15 5.892854e-14 4.4464148e-15 6.2241116e-15 2.0006247e-15 3.6926524e-15 9.507875e-16 2.6283604e-15 1.4460466e-15 2.1747656e-15 9.169855e-16 1.792166e-15 1.2521906e-15 1.6238585e-15
1223.7067536392049 -1.6846737e-15 5.58756e-14 1.4864197e-15 3.0753958e-15 2.9145424e-16 1.8464139e-15 -2.471724e-16 1.3249787e-15 -5.052387e-16 1.0282519e-15 -6.7219693e-16 8.405393e-16 -7.9938724e-16 7.122469e-16
1223.7600488542034 -1.6870282e-15 6.138878e-14 -1.5571603e-15 1.1516899e-16 4.8293287e-16 1.9489318e-15 1.3225615e-15 1.7804895e-15 1.7613652e-15 1.6207046e-15 2.030644e-15 1.4824734e-15 2.241929e-15 1.3707993e-15
1223.8133437238819 -1.677929e-15 5.668777e-14 -1.5477762e-15 1.1520174e-16 1.4678798e-16 1.8121463e-15 -3.4556112e-16 1.297008e-15 -5.792708e-16 1.0058654e-15 -7.312853e-16 8.2183986e-16 -8.4901495e-16 6.961958e-16
1223.8666382482465 -1.9013236e-15 5.9227776e-14 1.4155114e-15 3.2236198e-15 4.029732e-15 2.3957247e-15 2.332495e-15 1.9610937e-15 1.4565075e-15 1.5981559e-15 9.040538e-16 1.3414671e-15 5.1368954e-16 1.1555924e-15
1223.919932427304 -1.6731823e-15 5.929786e-14 1.7299623e-15 3.4832195e-15 3.5151505e-16 2.0645653e-15 -2.5494665e-16 1.470208e-15 -5.3886685e-16 1.1354397e-15 1.5086561e-16 1.2191117e-15 5.886333e-16 1.1904411e-15
1223.9732262610619 -1.6638406e-15 5.438004e-14 -1.5330798e-15 1.1526136e-16 1.8548449e-16 1.7445963e-15 -3.1298812e-16 1.2539293e-15 3.345092e-16 1.307165e-15 2.0618678e-17 1.0805048e-15 -2.1059335e-16 9.223434e-16
1224.0265197495255 -1.6642987e-15 5.822158e-14 -1.5333741e-15 1.1527478e-16 2.1499217e-16 1.8237731e-15 -3.2235138e-16 1.2952274e-15 4.3658106e-16 1.3362513e-15 9.582809e-17 1.101528e-15 -1.4897421e-16 9.38086e-16
1224.0798128927029 -1.6616722e-15 5.929139e-14 1.487395e-15 3.0395347e-15 1.0770803e-15 1.7935088e-15 3.0451663e-16 1.3315071e-15 -7.486128e-17 1.0467121e-15 -3.171311e-16 8.6204724e-16 1.9145012e-16 9.754475e-16
1224.1331056906001 -1.6528991e-15 5.4894423e-14 1.2440252e-15 2.77795e-15 1.8584108e-15 2.1177943e-15 8.728531e-16 1.5949587e-15 3.7136217e-16 1.2633701e-15 8.127367e-16 1.2356199e-15 4.5914e-16 1.0650134e-15
1224.1863981432236 -1.652354e-15 5.781651e-14 -1.5209551e-15 1.1530756e-16 -1.5180798e-15 6.4540026e-17 -1.5413144e-15 4.6777242e-17 -1.504022e-15 5.0735047e-17 -6.6634764e-16 8.40929e-16 -7.9004865e-16 7.108123e-16
1224.239690250581 -1.6498636e-15 5.901462e-14 -1.5180062e-15 1.1535828e-16 -1.5152738e-15 6.514041e-17 -1.5389244e-15 4.7549763e-17 -1.5046248e-15 5.01986e-17 -1.4839961e-15 4.8836915e-17 -1.482429e-15 5.1446432e-17
1224.2929820126778 -1.6434176e-15 5.6685285e-14 -1.5117739e-15 1.1531656e-16 3.7154067e-15 3.6866702e-15 2.1849037e-15 2.7227086e-15 1.3861562e-15 2.1426836e-15 1.6697482e-15 1.859071e-15 1.1823865e-15 1.5944774e-15
1224.3462734295217 -1.6410982e-15 5.80386e-14 -1.5089495e-15 1.1537199e-16 -1.5070139e-15 6.44636e-17 -1.5314043e-15 4.696253e-17 -1.4939366e-15 5.0946984e-17 -6.919012e-16 8.0521615e-16 -1.288746e-16 9.266473e-16
1224.399564501119 -1.6367786e-15 5.759842e-14 -1.5045141e-15 1.153738e-16 -1.5024405e-15 6.5591465e-17 -1.5272426e-15 4.8323445e-17 5.70939e-16 2.305969e-15 2.1770915e-16 1.8825635e-15 -4.150259e-17 1.5918608e-15
1224.4528552274767 8.58264e-15 6.057071e-14 1.7816012e-15 3.3090168e-15 2.7373909e-15 2.187274e-15 2.864434e-15 1.8327625e-15 1.8972384e-15 1.5288822e-15 1.2886178e-15 1.2975289e-15 8.5832766e-16 1.1253558e-15
1224.5061456086007 -1.6278675e-15 5.646816e-14 -1.4950334e-15 1.1542036e-16 -1.6010398e-16 1.3709364e-15 6.689695e-16 1.4597377e-15 2.1402671e-16 1.153409e-15 -7.535314e-17 9.526263e-16 -2.8898482e-16 8.129688e-16
1224.5594356444988 -1.6266893e-15 5.8830294e-14 -1.4936141e-15 1.15437e-16 -1.492755e-15 6.4818554e-17 1.0873805e-15 1.7033326e-15 1.5724202e-15 1.546896e-15 1.0303993e-15 1.3005436e-15 6.4330877e-16 1.1217984e-15
1224.612725335177 -1.6212664e-15 5.741851e-14 -1.4881004e-15 1.1543251e-16 -1.4874076e-15 6.507793e-17 -1.5137359e-15 4.8143894e-17 -1.4795506e-15 5.060293e-17 8.575143e-17 1.6015522e-15 -1.522171e-16 1.3544288e-15
1224.666014680642 -1.6181946e-15 5.8065294e-14 -1.4850847e-15 1.1540846e-16 -1.4847466e-15 6.479613e-17 -1.5114134e-15 4.792685e-17 -1.4759981e-15 5.089549e-17 -9.61059e-16 5.279969e-16 -1.0363165e-15 4.471998e-16
1224.719303680901 -1.6131012e-15 5.694718e-14 -1.4796311e-15 1.1543843e-16 2.1127514e-16 1.7466142e-15 -3.048136e-16 1.2469808e-15 4.6124327e-16 1.3172348e-15 1.2780604e-16 1.0874588e-15 6.09654e-16 1.1037816e-15
1224.7725923359606 8.3132345e-15 5.934511e-14 7.501632e-15 5.0662125e-15 3.840544e-15 3.530943e-15 2.2744385e-15 2.6290437e-15 1.4613526e-15 2.0753838e-15 1.7907545e-15 1.825855e-15 1.5296086e-15 1.5494586e-15
1224.825880645827 -1.6055853e-15 5.704553e-14 -1.4716375e-15 1.1546387e-16 -1.4723023e-15 6.459727e-17 -8.006187e-16 6.8922097e-16 -9.212083e-16 5.323281e-16 -1.8746014e-16 9.114065e-16 -3.8157368e-16 7.762589e-16
1224.8791686105073 -1.6028966e-15 5.8025104e-14 -1.4688381e-15 1.1545909e-16 -1.4697508e-15 6.463264e-17 -2.3606485e-16 1.2854148e-15 -4.832983e-16 9.939711e-16 -6.4042176e-16 8.106119e-16 -7.6367643e-16 6.859758e-16
1224.9324562300083 7.6632816e-15 5.865298e-14 1.5270671e-15 2.996693e-15 2.102227e-15 2.211849e-15 1.0464897e-15 1.6680642e-15 5.134782e-16 1.3207857e-15 1.7542128e-15 1.8755817e-15 1.2570933e-15 1.6087688e-15
1224.9857435043364 -1.5940535e-15 5.6788833e-14 -1.4596398e-15 1.1547482e-16 -1.4610192e-15 6.4898764e-17 -1.4899983e-15 4.8685988e-17 -1.4553962e-15 5.115169e-17 -1.4339746e-15 5.0547856e-17 -1.4344659e-15 5.2357482e-17
1225.0390304334983 -1.591514e-15 5.7692024e-14 1.5335204e-15 3.0215272e-15 3.091485e-16 1.8002715e-15 3.611337e-15 2.7554994e-15 2.4794723e-15 2.2199143e-15 4.266459e-15 2.2428136e-15 4.7208013e-15 2.1683527e-15
1225.092317017501 -1.5884854e-15 5.821509e-14 -1.4534244e-15 1.1554707e-16 -1.4555105e-15 6.472595e-17 -2.6232497e-16 1.2366624e-15 -4.998425e-16 9.571753e-16 2.0579658e-16 1.1355694e-15 6.809314e-16 1.1626578e-15
1225.1456032563515 -1.5804918e-15 5.4207673e-14 -1.4456177e-15 1.1551733e-16 1.7184066e-15 3.2893885e-15 7.905001e-16 2.3519257e-15 3.224479e-16 1.824661e-15 8.342957e-16 1.6234413e-15 1.7312968e-15 1.7455317e-15
1225.1988891500557 -1.5839262e-15 6.03987e-14 -1.4489233e-15 1.155281e-16 -1.4516665e-15 6.422854e-17 -1.4820636e-15 4.8350884e-17 -1.444244e-15 5.207848e-17 -1.4206004e-15 5.1971348e-17 -7.4523134e-16 6.813001e-16
1225.2521746986208 -1.574018e-15 5.4753138e-14 -1.4384823e-15 1.1559607e-16 -1.4411295e-15 6.52832e-17 -1.4720604e-15 4.9698573e-17 -1.4394456e-15 5.1167778e-17 -1.4190707e-15 5.0610774e-17 -1.4214409e-15 5.2204755e-17
1225.3054599020531 7.94308e-15 6.09872e-14 4.656634e-15 3.007109e-15 3.981226e-15 2.2679902e-15 2.3428298e-15 1.8646306e-15 1.5092336e-15 1.5188448e-15 1.88003e-15 1.4226935e-15 1.3613148e-15 1.2417451e-15
1225.35874476036 -1.5678122e-15 5.5528105e-14 1.4557348e-15 2.9118007e-15 2.8161109e-16 1.7397123e-15 9.897817e-16 1.6062197e-15 1.4405754e-15 1.4524455e-15 2.494818e-15 1.3797521e-15 2.577076e-15 1.2811733e-15
1225.4120292735477 -1.5654831e-15 5.6607473e-14 1.3671906e-15 2.975569e-15 2.4823328e-16 1.7702085e-15 -2.620215e-16 1.266654e-15 -4.943347e-16 9.805122e-16 1.5555656e-16 1.1195239e-15 -8.765702e-17 9.547712e-16
1225.4653134416228 -1.5615658e-15 5.6265715e-14 -1.4254061e-15 1.1563804e-16 -1.4295061e-15 6.459575e-17 -1.4618711e-15 4.937227e-17 -4.326841e-16 1.020705e-15 -5.918671e-16 8.322848e-16 -7.1865203e-16 7.0431594e-16
1225.5185972645927 -1.5579664e-15 5.6213108e-14 -1.4216308e-15 1.1564665e-16 2.2354107e-16 1.727217e-15 -2.757897e-16 1.2377216e-15 -5.0306197e-16 9.588151e-16 -6.4853125e-16 7.828992e-16 -7.668969e-16 6.633326e-16
1225.571880742463 -1.5549059e-15 5.6648147e-14 -1.4184875e-15 1.1564852e-16 -1.4233731e-15 6.406307e-17 -1.4563905e-15 4.9002332e-17 -1.4180382e-15 5.272038e-17 -3.5902608e-16 1.0826228e-15 -5.21169e-16 9.145439e-16
1225.6251638752415 -1.5511525e-15 5.6454902e-14 1.4665445e-15 3.065565e-15 3.1366853e-16 1.8242936e-15 -2.1271349e-16 1.3054836e-15 -4.531993e-16 1.0106824e-15 9.055304e-16 1.7662553e-15 5.4710006e-16 1.5025726e-15
1225.678446662934 -1.5483867e-15 5.7128605e-14 1.5412666e-15 2.9819338e-15 2.0978164e-15 2.2164705e-15 1.0299592e-15 1.6638191e-15 5.0355786e-16 1.3125437e-15 1.7251741e-16 1.0825666e-15 6.012145e-16 1.0737219e-15
1225.731729105548 -1.5423763e-15 5.4924594e-14 -1.405361e-15 1.1570097e-16 2.38577e-16 1.7216322e-15 -2.6341361e-16 1.2337415e-15 -4.906937e-16 9.555101e-16 -6.358336e-16 7.8005826e-16 -9.709863e-17 8.794989e-16
1225.7850112030899 -1.5384443e-15 5.4570104e-14 -1.4013065e-15 1.1569413e-16 -1.4068668e-15 6.500272e-17 -1.4415396e-15 5.0602556e-17 -1.4077828e-15 5.2214658e-17 -1.3861827e-15 5.225688e-17 -1.3893095e-15 5.327742e-17
1225.8382929555662 -1.5357277e-15 5.530742e-14 -1.3986474e-15 1.156438e-16 -1.4047075e-15 6.446254e-17 -2.1669136e-16 1.2214802e-15 -4.5571865e-16 9.44496e-16 -6.063012e-16 7.703055e-16 -7.281549e-16 6.5224613e-16
1225.8915743629839 -1.5314485e-15 5.4628617e-14 1.3887331e-15 2.806046e-15 2.6910726e-16 1.682803e-15 -2.430563e-16 1.2076511e-15 -4.7364844e-16 9.352153e-16 -6.201462e-16 7.634703e-16 -7.3993775e-16 6.4695207e-16
1225.944855425349 -1.5285002e-15 5.514857e-14 1.365938e-15 2.7760834e-15 1.9185644e-15 2.0678317e-15 9.211588e-16 1.5590204e-15 4.27647e-16 1.2323957e-15 1.1595267e-16 1.0179618e-15 -1.1776556e-16 8.691537e-16
1225.9981361426694 -1.526061e-15 5.615297e-14 1.5685638e-15 3.1477117e-15 3.5739388e-16 1.862897e-15 2.2737873e-15 1.7989847e-15 1.4702937e-15 1.4672627e-15 1.804185e-15 1.3732063e-15 1.3039959e-15 1.1992606e-15
1226.051416514951 -1.5225497e-15 5.6142547e-14 -1.3845675e-15 1.1571344e-16 5.1932003e-16 1.7784134e-15 3.601446e-15 2.5697067e-15 2.4937165e-15 2.0851272e-15 1.7970708e-15 1.7457981e-15 1.2991544e-15 1.5017248e-15
1226.1046965422006 -1.5181608e-15 5.5377364e-14 -1.3798719e-15 1.1573251e-16 -1.3872146e-15 6.4832954e-17 -1.424115e-15 5.121347e-17 -1.3897661e-15 5.2854422e-17 -1.367349e-15 5.3267606e-17 -1.3709031e-15 5.393503e-17
1226.157976224425 -1.5174315e-15 5.7861356e-14 -1.3790849e-15 1.1572352e-16 2.196023e-15 2.2264754e-15 2.4480745e-15 1.8608238e-15 3.657761e-15 1.6377861e-15 3.836734e-15 1.4073027e-15 3.011383e-15 1.3009625e-15
1226.2112555616307 -1.5109006e-15 5.518827e-14 4.1984895e-15 5.7958263e-15 3.6588274e-15 3.4731394e-15 2.163254e-15 2.575394e-15 1.3951883e-15 2.0285749e-15 1.7417036e-15 1.7627705e-15 1.2552889e-15 1.5148498e-15
1226.264534553825 -1.5081783e-15 5.5902274e-14 -1.3696653e-15 1.1568944e-16 3.864499e-16 1.8212763e-15 -1.6175448e-16 1.3020733e-15 -4.071191e-16 1.0064985e-15 -5.6177e-16 8.206179e-16 -1.9570741e-17 9.183165e-16
1226.317813201014 -1.5041492e-15 5.5443348e-14 -1.365388e-15 1.1570272e-16 -1.3738521e-15 6.4692386e-17 -2.1488817e-16 1.2019035e-15 -4.4678897e-16 9.305452e-16 1.3968679e-15 2.1554653e-15 9.648248e-16 1.831477e-15
1226.3710915032043 -1.5014523e-15 5.618201e-14 -1.3624904e-15 1.1571518e-16 -1.3711922e-15 6.478894e-17 -1.4099304e-15 5.1857706e-17 -4.3648105e-16 9.516571e-16 1.0264008e-15 1.268675e-15 1.3770511e-15 1.2049901e-15
1226.424369460403 -1.4977828e-15 5.603972e-14 4.3793314e-15 5.967473e-15 2.0069819e-15 3.5330805e-15 9.807881e-16 2.5127e-15 4.7736114e-16 1.9423842e-15 1.6077221e-16 1.5831648e-15 -7.728838e-17 1.3378106e-15
1226.4776470726167 8.02556e-15 5.9085474e-14 4.8770594e-15 3.2413897e-15 2.3118858e-15 2.3382688e-15 1.2017003e-15 1.75642e-15 6.49865e-16 1.3868992e-15 3.0196425e-16 1.1445446e-15 4.2097375e-17 9.764796e-16
1226.5309243398524 7.36108e-15 5.7511674e-14 1.5021746e-15 2.8572782e-15 3.3978295e-16 1.7121952e-15 -1.8845428e-16 1.2284008e-15 -4.2316067e-16 9.511005e-16 -5.7160134e-16 7.7610246e-16 -6.9475723e-16 6.5747396e-16
1226.5842012621163 -1.4874916e-15 5.637813e-14 -1.347819e-15 1.157084e-16 -1.357598e-15 6.48455e-17 -1.3978436e-15 5.250333e-17 -4.169538e-16 1.0219847e-15 2.284417e-16 1.0955958e-15 -1.8649422e-17 9.352596e-16
1226.637477839415 -1.4842278e-15 5.6511826e-14 1.4407309e-15 2.9620037e-15 3.0599346e-16 1.7581606e-15 -2.1217983e-16 1.2567001e-15 5.059053e-16 1.2821845e-15 1.8771372e-16 1.0583718e-15 -5.293481e-17 9.033115e-16
