eg_uma/.ipynb_checkpoints/oehua2010_expanding_split-checkpoint.escv
# %ECSV 0.9
# ---
# datatype:
# - {name: WAVELENGTH, datatype: float64}
# - {name: FLUX_100, datatype: float32}
# - {name: ERROR_100, datatype: float32}
# - {name: FLUX_300, datatype: float32}
# - {name: ERROR_300, datatype: float32}
# - {name: FLUX_500, datatype: float32}
# - {name: ERROR_500, datatype: float32}
# - {name: FLUX_700, datatype: float32}
# - {name: ERROR_700, datatype: float32}
# - {name: FLUX_900, datatype: float32}
# - {name: ERROR_900, datatype: float32}
# - {name: FLUX_1100, datatype: float32}
# - {name: ERROR_1100, datatype: float32}
# - {name: FLUX_1300, datatype: float32}
# - {name: ERROR_1300, datatype: float32}
# schema: astropy-2.0
WAVELENGTH FLUX_100 ERROR_100 FLUX_300 ERROR_300 FLUX_500 ERROR_500 FLUX_700 ERROR_700 FLUX_900 ERROR_900 FLUX_1100 ERROR_1100 FLUX_1300 ERROR_1300
[from data line 150]
1202.5746340215135 -2.7229985e-15 8.518898e-14 1.8050554e-15 4.5588325e-15 -1.2071448e-16 2.749585e-15 2.7503763e-15 3.992905e-15 1.5361136e-15 3.1450812e-15 3.3092787e-15 2.8268371e-15 2.4332944e-15 2.4412887e-15
1202.6280665132822 1.1499478e-14 9.107575e-14 1.9719776e-15 4.6579443e-15 -2.670849e-17 2.8137395e-15 1.0567173e-15 2.5361556e-15 1.7229426e-15 2.2831525e-15 9.43352e-16 1.9155902e-15 4.4140014e-16 1.6420075e-15
1202.6814986570553 -2.7249628e-15 8.548957e-14 -2.6284614e-15 4.824383e-17 -2.7564426e-15 1.2225527e-16 -2.779941e-15 8.7720426e-17 -2.7463097e-15 7.069921e-17 -3.5715602e-16 1.6402211e-15 -6.5445704e-16 1.3911711e-15
1202.7349304528393 -2.7266126e-15 8.627788e-14 -2.6309788e-15 4.7830273e-17 -6.129323e-17 2.6476965e-15 1.1342128e-15 2.5295013e-15 2.8622898e-16 2.0065658e-15 2.6220233e-16 1.6544838e-15 9.4967e-16 1.6920574e-15
1202.7883619006416 -2.727325e-15 8.628593e-14 1.6897778e-15 4.4426065e-15 -1.7673436e-16 2.6819003e-15 8.993121e-16 2.432375e-15 1.6323834e-15 2.2491363e-15 2.0745446e-15 2.069623e-15 1.3967816e-15 1.7949244e-15
1202.8417930004687 -2.7287325e-15 8.693099e-14 -2.6344529e-15 4.709733e-17 2.83157e-15 3.4486574e-15 1.1959218e-15 2.5952346e-15 3.392167e-16 2.0584673e-15 1.0693127e-15 1.995755e-15 2.628643e-15 2.5414514e-15
1202.8952237523272 1.07288285e-14 8.671241e-14 1.335999e-14 1.0674318e-14 9.355061e-15 6.65888e-15 7.779029e-15 4.927714e-15 5.393711e-15 4.052946e-15 3.9221378e-15 3.411139e-15 4.0487726e-15 2.9716431e-15
1202.948654156224 -2.7285915e-15 8.565816e-14 2.1426003e-15 4.9383846e-15 8.082551e-15 5.2416766e-15 9.298266e-15 4.521735e-15 6.5704888e-15 3.867961e-15 6.131234e-15 3.265825e-15 5.5185764e-15 2.8255725e-15
1203.0020842121658 -2.7318293e-15 8.8053656e-14 -2.6397932e-15 4.6084442e-17 -2.7558617e-15 1.131663e-16 -2.7730548e-15 8.029342e-17 -1.3243952e-15 1.4697145e-15 -1.5399201e-15 1.1974473e-15 -6.382826e-16 1.4219388e-15
1203.05551392016 -2.7277586e-15 8.387488e-14 -2.636595e-15 4.576262e-17 -2.4307185e-16 2.4540827e-15 8.570964e-16 2.3454181e-15 7.700559e-17 1.860903e-15 7.985449e-16 1.8076924e-15 1.2915888e-15 1.7317194e-15
1203.1089432802128 -2.7316683e-15 8.691516e-14 2.4006862e-15 5.211348e-15 2.0385521e-16 3.1116266e-15 -6.7986597e-16 2.2068474e-15 -1.1204711e-15 1.7046574e-15 -1.3771442e-15 1.3875875e-15 -1.5136845e-15 1.1676868e-15
1203.162372292331 -2.7293134e-15 8.436744e-14 -2.6392913e-15 4.5238554e-17 -2.8501507e-16 2.6304367e-15 -9.961681e-16 1.87757e-15 -1.3532731e-15 1.4555173e-15 -3.4239518e-16 1.6562638e-15 7.23107e-16 1.9327644e-15
1203.2158009565214 -2.7314667e-15 8.589554e-14 1.6647923e-15 4.4348104e-15 -2.0069203e-16 2.6632522e-15 2.8798601e-15 2.7311866e-15 2.5293778e-15 2.2044113e-15 2.8409462e-15 2.0490767e-15 2.039706e-15 1.7990853e-15
1203.2692292727913 1.1309121e-14 8.767673e-14 6.3715292e-15 4.588749e-15 5.3181967e-15 3.351736e-15 2.9289218e-15 2.7496792e-15 6.1571846e-15 3.314207e-15 4.5300313e-15 2.87792e-15 3.4576001e-15 2.5144198e-15
1203.3226572411472 -2.7311603e-15 8.483241e-14 2.1311345e-15 4.9412794e-15 1.03852235e-16 2.971756e-15 1.1693133e-15 2.612027e-15 3.219542e-16 2.069354e-15 9.531499e-16 1.9236207e-15 4.543752e-16 1.6489932e-15
1203.3760848615955 -2.728654e-15 8.224327e-14 1.7341168e-15 4.5022575e-15 -1.3923803e-16 2.70865e-15 -8.994841e-16 1.9293437e-15 -1.281574e-15 1.4938855e-15 -1.5038409e-15 1.2175998e-15 -1.619613e-15 1.0255978e-15
1203.4295121341436 -2.733809e-15 8.6613984e-14 1.9843782e-15 4.7807696e-15 5.494422e-15 5.7691054e-15 3.078304e-15 4.2510106e-15 1.792471e-15 3.3466157e-15 1.0008683e-15 2.75454e-15 4.938586e-16 2.3358553e-15
1203.482939058798 1.0138412e-14 8.20143e-14 1.5229507e-15 4.2131677e-15 4.4429614e-15 5.0603264e-15 4.154489e-15 3.790963e-15 5.44693e-15 3.6981145e-15 5.170274e-15 3.1264875e-15 4.010566e-15 2.735321e-15
1203.5363656355653 2.5402542e-14 9.2217534e-14 1.1111466e-14 8.086972e-15 1.0182268e-14 4.467285e-15 8.410186e-15 3.583872e-15 5.8205885e-15 3.1778112e-15 4.2344316e-15 2.7595004e-15 3.2009362e-15 2.4084679e-15
1203.5897918644525 -2.7319208e-15 8.415287e-14 -2.64664e-15 4.3728255e-17 -2.743374e-15 9.804624e-17 -2.7502256e-15 6.847731e-17 -1.1636481e-15 1.6204127e-15 7.94623e-16 2.567268e-15 3.216894e-16 2.1776235e-15
1203.6432177454667 -2.7306995e-15 8.283247e-14 1.4702651e-15 4.220669e-15 -2.612305e-16 2.552266e-15 7.679399e-16 2.3657802e-15 2.3088543e-15 2.1784497e-15 2.676503e-15 2.0186866e-15 2.9704882e-15 1.8600246e-15
1203.6966432786144 1.03266615e-14 8.318205e-14 1.5681183e-15 4.2740906e-15 -2.1637245e-16 2.5815258e-15 -9.427049e-16 1.8418147e-15 -1.3114622e-15 1.4275913e-15 -1.5269274e-15 1.1644644e-15 -1.6379351e-15 9.812348e-16
1203.7500684639024 1.0806686e-14 8.771293e-14 6.333593e-15 4.570285e-15 2.5817547e-15 3.364335e-15 1.0382332e-15 2.5180523e-15 3.1075299e-15 3.2911878e-15 3.3198578e-15 2.8380216e-15 4.574998e-15 2.539634e-15
1203.803493301337 -2.7291065e-15 8.100461e-14 1.5404268e-15 4.3202894e-15 2.2353775e-15 3.0964115e-15 2.6482409e-15 2.5732586e-15 2.882119e-15 2.2591156e-15 3.0640153e-15 2.0092473e-15 3.2094777e-15 1.8448992e-15
1203.8569177909262 -2.735731e-15 8.68562e-14 1.8493486e-15 4.626045e-15 2.5962875e-15 3.3144954e-15 5.0210665e-15 2.7848112e-15 6.9032135e-15 3.0153685e-15 5.135528e-15 2.6945128e-15 5.6943547e-15 2.6425247e-15
1203.910341932676 -2.72984e-15 8.149049e-14 1.5267543e-15 4.308896e-15 -2.252048e-16 2.5975062e-15 2.6950615e-15 2.6490352e-15 1.5116781e-15 2.1664875e-15 3.0948805e-15 2.0659587e-15 3.2563872e-15 1.870007e-15
1203.9637657265928 1.1081863e-14 8.951168e-14 1.8158934e-15 4.5309537e-15 5.3769927e-15 3.3265972e-15 2.9972108e-15 2.73703e-15 1.7276612e-15 2.2429792e-15 2.180719e-15 2.0824953e-15 1.4888759e-15 1.806768e-15
1204.017189172684 -2.727862e-15 7.9424585e-14 -2.6473966e-15 4.3134286e-17 -3.0380102e-16 2.5983437e-15 -9.900275e-16 1.8516346e-15 -1.3430354e-15 1.4351954e-15 -1.5499934e-15 1.1709353e-15 2.0267786e-16 2.0860577e-15
1204.0706122709566 -2.735187e-15 8.576665e-14 -2.6551364e-15 4.3148262e-17 -2.735486e-15 8.6525474e-17 -2.7343757e-15 5.9822575e-17 -2.7031953e-15 5.0049327e-17 -1.4479699e-15 1.2227727e-15 -1.5696491e-15 1.0297097e-15
1204.1240350214168 -2.7318286e-15 8.262935e-14 6.3963147e-15 4.696839e-15 2.6672818e-15 3.3832126e-15 1.0885965e-15 2.5298054e-15 3.1813969e-15 2.3908274e-15 4.5037923e-15 2.1364517e-15 4.51848e-15 1.9694977e-15
1204.1774574240717 1.01629656e-14 8.376022e-14 1.5133776e-15 4.224258e-15 2.3785517e-15 3.087763e-15 4.541269e-15 2.586997e-15 2.955302e-15 2.2367042e-15 3.1677361e-15 2.026455e-15 2.3308742e-15 1.7928016e-15
1204.2308794789283 1.02694656e-14 8.469236e-14 1.4446448e-15 4.3032285e-15 -3.571455e-16 2.566358e-15 7.7440024e-16 2.356509e-15 2.0254277e-15 2.1292483e-15 1.1643101e-15 1.808671e-15 1.5866459e-15 1.6999808e-15
1204.284301185993 -2.7335754e-15 8.385349e-14 -2.6552298e-15 4.3329395e-17 -2.7559507e-15 7.960222e-17 -2.765061e-15 5.696915e-17 -2.742158e-15 4.7952792e-17 -4.430234e-16 2.4288822e-15 -7.302139e-16 2.0494938e-15
1204.3377225452725 2.1936044e-15 8.3315536e-14 3.4576632e-15 4.0030006e-15 8.5080023e-16 2.66325e-15 3.55114e-15 2.5443525e-15 7.2141246e-15 3.5091768e-15 5.3688624e-15 3.072039e-15 5.1294265e-15 2.6743886e-15
1204.391143556774 -2.7342723e-15 8.439153e-14 -2.657066e-15 4.344053e-17 3.8075375e-17 2.850384e-15 -7.094727e-16 2.0218649e-15 2.6227757e-15 2.8261568e-15 2.1218385e-15 2.3369182e-15 3.4635872e-15 2.1716216e-15
1204.4445642205042 -2.730217e-15 8.0783714e-14 5.563696e-15 8.665441e-15 6.8505814e-15 6.257631e-15 4.0851565e-15 4.6558716e-15 2.5888887e-15 3.6845743e-15 2.8195694e-15 3.1103562e-15 3.0792583e-15 2.7505015e-15
1204.4979845364699 -2.85733e-15 8.2491536e-14 5.309201e-15 8.5060065e-15 1.9400472e-15 5.0546628e-15 4.3776585e-15 3.852044e-15 4.217623e-15 3.1384229e-15 4.117414e-15 2.6723386e-15 3.100499e-15 2.340559e-15
1204.5514045046775 1.0092723e-14 8.36407e-14 5.9398613e-15 4.4078303e-15 4.933343e-15 3.185395e-15 4.521989e-15 2.604605e-15 4.6843133e-15 2.4111121e-15 3.3446936e-15 2.1374292e-15 2.4702551e-15 1.884597e-15
1204.6048241251342 -2.7316677e-15 8.2249e-14 -2.656231e-15 4.387501e-17 -1.7614831e-16 2.6250095e-15 -9.002116e-16 1.867547e-15 1.5552617e-15 2.1931244e-15 1.9420676e-15 2.0026324e-15 2.2516999e-15 1.8524405e-15
1204.658243397847 9.887326e-15 8.0588795e-14 5.4712746e-15 4.123562e-15 2.1353277e-15 3.0358205e-15 7.577002e-16 2.2756967e-15 1.862574e-17 1.8060265e-15 -4.3799632e-16 1.4933055e-15 -6.386529e-16 1.2615833e-15
1204.711662322822 -2.735873e-15 8.622716e-14 5.3377577e-15 4.2293515e-15 4.850151e-15 3.259219e-15 4.6453747e-15 2.6960898e-15 2.9894806e-15 2.3138736e-15 3.1276166e-15 2.037671e-15 3.335718e-15 1.8874706e-15
1204.7650809000666 -2.7293913e-15 8.062583e-14 1.4770213e-15 4.2705847e-15 2.4488898e-15 3.3170276e-15 9.731244e-16 2.4744278e-15 1.8154922e-16 1.9593615e-15 -3.08022e-16 1.6181105e-15 -6.034841e-16 1.3732243e-15
1204.818499129587 -2.732846e-15 8.384996e-14 1.6893122e-15 4.4969445e-15 4.9843277e-15 5.2991906e-15 6.4180745e-15 4.7930016e-15 4.35608e-15 3.8811918e-15 4.2550366e-15 3.2453246e-15 3.23455e-15 2.8029095e-15
1204.8719170113907 -2.7307798e-15 8.221621e-14 1.4554527e-15 4.245954e-15 2.3725702e-15 3.1568863e-15 9.176786e-16 2.3662854e-15 1.3775452e-16 1.8773266e-15 -3.4430574e-16 1.5521454e-15 -6.3391565e-16 1.3178059e-15
1204.925334545484 -2.730316e-15 8.208836e-14 1.7261308e-15 4.488518e-15 -8.151419e-17 2.6999658e-15 -8.1747563e-16 1.9250111e-15 1.4619897e-16 1.933136e-15 8.0526946e-16 1.8505675e-15 3.3773332e-16 1.5855368e-15
1204.9787517318741 -2.7308903e-15 8.28691e-14 -2.6582992e-15 4.502069e-17 -2.7132697e-15 6.838488e-17 1.0518613e-15 2.4859693e-15 2.0876677e-15 2.1572682e-15 3.502381e-15 2.6013934e-15 2.6012674e-15 2.2607157e-15
1205.032168570567 -2.7325704e-15 8.464572e-14 -2.6605756e-15 4.5185836e-17 -2.5668643e-15 1.8140391e-16 -2.1732712e-15 4.2871906e-16 2.0886412e-15 3.1203116e-15 1.2409893e-15 2.582587e-15 7.031054e-16 2.1964464e-15
1205.0855850615703 -2.7277235e-15 8.056432e-14 -2.6561117e-15 4.5402266e-17 2.3036696e-15 5.2912386e-15 4.4081776e-15 4.8236637e-15 4.272952e-15 3.841294e-15 6.355966e-15 4.2965026e-15 7.7644e-15 4.3325087e-15
1205.1390012048905 -2.7263147e-15 7.967172e-14 -1.3921788e-15 1.2649034e-15 4.2447775e-16 2.2548968e-15 -4.4397052e-16 1.6592562e-15 1.6106316e-15 2.8233931e-15 8.658559e-16 2.3386652e-15 2.2621648e-15 2.1956604e-15
1205.1924170005345 -2.7350472e-15 8.7828264e-14 -2.6641272e-15 4.584066e-17 -2.7104104e-15 6.464204e-17 9.341896e-16 2.3367242e-15 1.2335903e-16 1.8484942e-15 -3.746872e-16 1.5254077e-15 2.4651877e-16 1.5180766e-15
1205.245832448509 -2.7245802e-15 7.885349e-14 -2.654205e-15 4.6050233e-17 -4.1458327e-16 2.4625124e-15 2.3053607e-15 3.8015186e-15 1.2278508e-15 2.9910205e-15 5.5415267e-16 2.4625787e-15 1.286839e-16 2.0885967e-15
1205.2992475488206 -2.728172e-15 8.245191e-14 1.9385816e-15 4.720133e-15 2.7837316e-15 3.4408052e-15 1.5330987e-15 2.5061583e-15 1.960057e-15 2.199922e-15 2.3865384e-15 2.008291e-15 1.6648689e-15 1.7506787e-15
1205.3526623014764 -2.7289608e-15 8.360064e-14 2.7413963e-15 5.61142e-15 4.9136477e-16 3.340539e-15 -4.1796123e-16 2.3700996e-15 5.276302e-16 2.2153122e-15 1.1406003e-15 2.0622917e-15 6.1917383e-16 1.7647441e-15
1205.4060767064827 -2.721648e-15 7.750637e-14 1.3199054e-15 4.1099788e-15 -2.629391e-16 2.486831e-15 -9.169829e-16 1.7811131e-15 -1.2702336e-15 1.3862596e-15 6.307059e-16 2.335737e-15 1.272081e-15 2.1412053e-15
1205.459490763847 -2.726487e-15 8.231868e-14 5.9843212e-15 4.464732e-15 2.30564e-15 3.2297538e-15 8.3500116e-16 2.3943654e-15 5.8798036e-17 1.8882952e-15 7.2485564e-16 1.7690337e-15 2.663419e-16 1.5135206e-15
1205.5129044735756 -2.7248773e-15 8.136091e-14 -2.656122e-15 4.7316246e-17 -2.6997413e-15 5.957632e-17 6.5544447e-16 3.5401566e-15 1.3425922e-15 2.9577253e-15 2.8734248e-15 3.1494947e-15 2.0822378e-15 2.6947017e-15
1205.5663178356751 -2.7199903e-15 7.754315e-14 -2.651505e-15 4.7590867e-17 2.1610023e-15 3.0618096e-15 7.944665e-16 2.2895413e-15 1.3775581e-15 2.079291e-15 1.8704897e-15 1.942474e-15 4.048978e-15 2.3448176e-15
1205.6197308501532 -2.7282027e-15 8.5383937e-14 1.8884015e-15 4.6470023e-15 -2.5846947e-17 2.7665369e-15 1.1256231e-15 2.5637108e-15 2.900839e-16 2.025776e-15 -2.281456e-16 1.6713486e-15 2.4822224e-15 2.4672761e-15
1205.673143517016 -2.7221636e-15 8.0622276e-14 -2.6540833e-15 4.817428e-17 -2.6942333e-15 5.723016e-17 8.679855e-16 2.3710635e-15 1.7410611e-15 2.275566e-15 2.204361e-15 2.0851488e-15 5.2780643e-15 2.7915853e-15
1205.7265558362697 -2.723625e-15 8.247497e-14 1.7651455e-15 4.5273348e-15 2.413836e-15 3.221981e-15 6.4208765e-15 3.770306e-15 7.3718895e-15 2.952556e-15 8.135481e-15 2.4508435e-15 7.486057e-15 2.210796e-15
1205.7799678079225 -2.7216515e-15 8.1277114e-14 -2.654318e-15 4.873004e-17 -2.8081906e-16 2.4203325e-15 -9.539741e-16 1.7213373e-15 -1.3087169e-15 1.3337173e-15 -3.876835e-16 1.4955405e-15 -6.670862e-16 1.2691868e-15
1205.8333794319801 9.478268e-15 8.102777e-14 1.3922912e-14 3.945619e-15 8.866227e-15 3.956268e-15 7.316457e-15 3.223543e-15 6.5564014e-15 2.7597852e-15 6.0337536e-15 2.4155438e-15 4.7442544e-15 2.201787e-15
1205.8867907084493 -2.7186577e-15 7.994639e-14 1.150034e-15 3.8533007e-15 1.6399291e-15 2.720296e-15 4.1264113e-16 2.0304494e-15 2.4604802e-15 2.9987277e-15 5.803482e-15 3.7037697e-15 5.5329344e-15 3.2042947e-15
1205.9402016373379 -2.7170032e-15 7.909823e-14 -2.6504148e-15 4.9639234e-17 -2.683895e-15 5.3626605e-17 -9.305877e-16 1.7851683e-15 -1.2865144e-15 1.383296e-15 -1.5050252e-15 1.128843e-15 -1.6098737e-15 9.50962e-16
1205.9936122186514 -2.7164666e-15 7.932018e-14 1.4975454e-15 4.231776e-15 -2.0250723e-16 2.5360293e-15 -8.871261e-16 1.8042674e-15 1.3639023e-15 2.9438598e-15 1.8065146e-15 2.5471983e-15 2.1034498e-15 2.2440344e-15
1206.0470224523976 9.899322e-15 8.4264674e-14 1.4284408e-15 4.141185e-15 1.233476e-15 2.5569883e-15 9.6791686e-17 1.8905784e-15 3.6724807e-15 3.029149e-15 2.5076141e-15 2.5572244e-15 2.8063754e-15 2.2844476e-15
1206.1004323385828 -2.7142987e-15 7.888948e-14 1.4597825e-15 4.2582396e-15 -2.0394149e-16 2.5525361e-15 8.969993e-16 2.3481905e-15 1.3815064e-16 1.8630939e-15 -3.3664552e-16 1.5412844e-15 -6.214322e-16 1.3090669e-15
1206.1538418772136 -2.7140045e-15 7.933305e-14 -2.6483648e-15 5.0900294e-17 -2.6779343e-15 5.099239e-17 -9.252589e-16 1.7743773e-15 -1.2786571e-15 1.3762259e-15 7.432088e-16 1.7876128e-15 2.9035064e-16 1.5315336e-15
1206.2072510682972 -2.7122435e-15 7.859683e-14 3.544341e-15 6.419526e-15 9.984079e-16 3.8197192e-15 3.4970937e-15 3.1141427e-15 3.53882e-15 2.604309e-15 4.7526354e-15 2.9184982e-15 5.4690215e-15 2.8367875e-15
1206.2606599118403 -2.7144446e-15 8.132165e-14 1.0458751e-14 7.785897e-15 5.0193195e-15 5.3211114e-15 6.447001e-15 4.7547043e-15 7.213871e-15 4.2609196e-15 1.014352e-14 4.014457e-15 8.168194e-15 3.602829e-15
1206.3140684078494 -2.7101838e-15 7.8350995e-14 7.5889426e-15 5.5684268e-15 8.546859e-15 3.1034355e-15 8.91959e-15 2.1550437e-15 7.799172e-15 2.1087745e-15 5.853376e-15 2.1230688e-15 7.458391e-15 2.21953e-15
1206.3674765563317 9.241193e-15 8.011264e-14 1.2161001e-15 3.9196598e-15 3.280021e-15 2.7451982e-15 1.5961121e-15 2.1786604e-15 3.5510245e-15 2.1336902e-15 8.728237e-15 4.0796194e-15 7.9792545e-15 3.540689e-15
1206.4208843572937 -2.7096512e-15 7.9609665e-14 -2.6453002e-15 5.250905e-17 5.7964887e-15 7.602221e-15 6.855427e-15 5.9822392e-15 8.925904e-15 4.903472e-15 1.1373846e-14 4.3288652e-15 1.1134884e-14 3.9255835e-15
1206.4742918107422 9.852431e-15 8.03638e-14 8.409638e-15 1.7619165e-15 1.6200415e-14 5.4043197e-15 1.25409276e-14 4.6008352e-15 1.0453839e-14 3.8932442e-15 1.1107567e-14 3.2260658e-15 1.1981624e-14 2.8665408e-15
