eg_uma/.ipynb_checkpoints/wd_removed_eguma-checkpoint.ecsv
# %ECSV 0.9
# ---
# datatype:
# - {name: WAVELENGTH, datatype: float64}
# - {name: FLUX, datatype: float64}
# - {name: ERROR, datatype: float64}
# schema: astropy-2.0
WAVELENGTH FLUX ERROR
[from data line 22375]
1365.873783 1.0263359730272237e-15 2.72617472337134e-15
1365.883749 4.491307001568684e-15 2.7982414054317756e-15
1365.893715 4.967578030110023e-15 2.807423594974581e-15
1365.903681 4.413949058651486e-15 2.797033928723926e-15
1365.913647 5.63430008719294e-15 2.8218578609829373e-15
1365.923613 5.923491115734267e-15 2.8280428250087023e-15
1365.933579 5.9306421442757406e-15 2.828244965553868e-15
1365.943545 5.189373172817198e-15 2.8131041020646213e-15
1365.953511 4.355424201358542e-15 2.7968425213050523e-15
1365.963477 2.7734152299e-15 2.7645340223117526e-15
1365.973443 1.8432262584414614e-15 2.7454523126189607e-15
1365.983409 9.140172869827967e-16 2.727118344057845e-15
1365.993375 -7.644916844757511e-16 2.692245522307949e-15
1366.003341 8.123934406572505e-17 2.708648422563696e-15
1366.013307 2.516750372607054e-15 2.757102226781735e-15
1366.023273 3.646501401148519e-15 2.7800049294344783e-15
1366.033239 2.9042524296899762e-15 2.7643774975533284e-15
1366.043204 4.688222903241554e-15 2.8014318272220728e-15
1366.05317 3.386973931782888e-15 2.7756213417713884e-15
1366.063136 9.616649603243479e-16 2.727036951183464e-15
1366.073102 6.856359888658134e-16 2.7214807694729723e-15
1366.083068 1.3465670174071513e-15 2.7353962677105487e-15
1366.093034 -5.20581954051386e-16 2.6967373356611504e-15
1366.103 4.318907449007714e-17 2.7076815467702255e-15
1366.112966 7.975201030314114e-16 2.7235701513911477e-15
1366.122932 5.223511315728799e-16 2.7180560077586333e-15
1366.132898 -3.153778398856574e-16 2.700768519010987e-15
1366.142864 1.4662531886556737e-15 2.7376090805810825e-15
1366.15283 2.315224217197128e-15 2.754181027575929e-15
1366.162796 2.6042152457385982e-15 2.7597085876163084e-15
1366.172762 3.640786274279933e-15 2.7799798854731307e-15
1366.182728 2.8076773028213906e-15 2.761840902039652e-15
1366.192694 2.4415883313628517e-15 2.7545361151707555e-15
1366.20266 1.7012793599041929e-15 2.740140309531612e-15
1366.212626 2.735990388445648e-15 2.7602461383580994e-15
1366.222591 1.1526408619972266e-15 2.7277006161591854e-15
1366.232557 1.0635718905386876e-15 2.7254672314632587e-15
1366.242523 6.950829190800254e-16 2.717835978669647e-15
1366.252489 8.867918544479623e-16 2.721650710639262e-15
1366.262455 -7.000654177608313e-16 2.689494264268433e-15
1366.272421 5.379731003026376e-17 2.7055778540169938e-15
1366.282387 2.0243200378214617e-15 2.7468118419492806e-15
1366.292353 5.344827656126628e-16 2.7146106742189015e-15
1366.302319 9.146054934037472e-16 2.721772352737238e-15
1366.312285 1.2979082211949532e-15 2.7304599240434204e-15
1366.322251 4.640709489861681e-16 2.7132296786359977e-15
1366.332217 -1.4930263232227488e-15 2.6725421857174116e-15
1366.342183 -7.363835954315358e-16 2.6883824912700204e-15
1366.352149 -1.5707608676403247e-15 2.6718329049549487e-15
1366.362115 -2.4066381398492474e-15 2.654053481252252e-15
1366.372081 -2.5884554120580343e-15 2.6501233681749986e-15
1366.382047 -8.986326842668363e-16 2.685623183385785e-15
1366.392013 -1.5481099564757574e-15 2.672082450141238e-15
1366.401978 -1.823167790868679e-15 2.6665414736929934e-15
1366.411944 -1.6290850630776043e-15 2.67060843413047e-15
1366.42191 -1.3423623352863837e-15 2.6765268588533164e-15
1366.431876 -3.392499607495185e-15 2.6327419645722977e-15
1366.441842 -2.264096879704097e-15 2.657036395934237e-15
1366.451808 -2.3484941519128856e-15 2.6552985239021244e-15
1366.461774 -2.4367314241216896e-15 2.653197514430466e-15
1366.47174 -2.8027286963306e-15 2.6451029483519163e-15
1366.481706 -2.7041659685393923e-15 2.6466995008878514e-15
1366.491672 -4.94298324074817e-15 2.596557018133205e-15
1366.501638 -4.847060512957099e-15 2.5983270895441937e-15
1366.511604 -5.869877785165888e-15 2.5765415264530088e-15
1366.52157 -6.054915057374676e-15 2.572905679921594e-15
1366.531536 -5.956732329583602e-15 2.575563917533246e-15
1366.541502 -5.765509601792391e-15 2.5800154816628522e-15
1366.551468 -7.070926874001185e-15 2.5523329601014046e-15
1366.561434 -6.600344146210105e-15 2.5623085065626272e-15
1366.571399 -7.530901980603162e-15 2.541720581480191e-15
1366.581365 -7.994699252811952e-15 2.531069742489764e-15
1366.591331 -7.615516525020736e-15 2.539914732981562e-15
1366.601297 -5.73901379722965e-15 2.5787239287990483e-15
1366.611263 -6.294251069438442e-15 2.5664183995052717e-15
1366.621229 -6.569888341647238e-15 2.5598327320979396e-15
1366.631195 -6.8453656138561574e-15 2.553063707116452e-15
1366.641161 -5.624882886064943e-15 2.5797069042819575e-15
1366.651127 -6.6477601582737465e-15 2.5591413398792966e-15
1366.661093 -7.486177430482654e-15 2.539020305790562e-15
1366.671059 -5.328334702691443e-15 2.585832836113116e-15
1366.681025 -4.011351974900247e-15 2.614564520769606e-15
1366.690991 -5.5007692471091535e-15 2.5813759054203636e-15
1366.700957 -6.057126519317946e-15 2.569283249798044e-15
1366.710923 -6.6099437915267255e-15 2.5565564452973064e-15
1366.720889 -6.509321063735655e-15 2.558494669020203e-15
1366.730855 -6.126698335944453e-15 2.5673414483663836e-15
1366.740821 -5.93063560815323e-15 2.5718824552150903e-15
1366.750786 -6.949273442546307e-15 2.5495012036146994e-15
1366.760752 -5.537650714755218e-15 2.5826701415657404e-15
1366.770718 -4.685407986964014e-15 2.5988333353342998e-15
1366.780684 -4.674565259172796e-15 2.598562323895427e-15
1366.79065 -3.822442531381715e-15 2.6176726552583308e-15
1366.800616 -1.5658398035905078e-15 2.6656533074923303e-15
1366.810582 5.043829242007009e-16 2.7095991986677293e-15
1366.820548 -2.2935743480082184e-15 2.6512315634646475e-15
1366.830514 -3.690231620217007e-15 2.621314762780083e-15
1366.84048 -3.776548892425803e-15 2.619254002532019e-15
1366.850446 -4.609606164634722e-15 2.6022580970486384e-15
1366.860412 -5.068603436843505e-15 2.592244090218203e-15
1366.870378 -2.9976407090523037e-15 2.63629552380214e-15
1366.880344 -3.637779812612144e-16 2.692199012094017e-15
1366.89031 -1.6491525347000308e-16 2.6960065886461037e-15
1366.900276 -6.232525256787978e-16 2.686565015217909e-15
1366.910242 -1.3639497978877102e-15 2.67162808112821e-15
1366.920208 -2.574367070096506e-15 2.6459267157948272e-15
1366.930173 -3.693464904489558e-15 2.622561594284336e-15
1366.940139 -2.6570021766983568e-15 2.6448784471269753e-15
1366.950105 -1.6199394489072763e-15 2.6662185854770424e-15
1366.960071 -1.050216721116066e-15 2.678028602107005e-15
1366.970037 -7.617939933248611e-16 2.685127670721971e-15
1366.980003 -6.617112655337757e-16 2.6868252935304894e-15
1366.989969 -1.4046085377425633e-15 2.671242583008889e-15
1366.999935 -2.7474580995135326e-16 2.6936614005513016e-15
1367.009901 9.487369178397252e-16 2.7182948198186304e-15
1367.019867 2.9221196456309384e-15 2.758274820829136e-15
1367.029833 3.3028823734221347e-15 2.766279049761394e-15
1367.039799 4.712165101213222e-15 2.7955786956841694e-15
1367.049765 3.6857678290044334e-15 2.774890594756341e-15
1367.059731 2.376850556795638e-15 2.7482134093575776e-15
1367.069697 5.052932845867254e-16 2.710126016283228e-15
1367.079663 3.190360123779365e-16 2.7064901697518136e-15
1367.089629 8.834787401691382e-16 2.717524718007179e-15
1367.099595 -1.2675985320397724e-15 2.6715815709142776e-15
1367.10956 -1.0797563664327062e-15 2.67541240257333e-15
1367.119526 1.7312863613583787e-15 2.731028779736896e-15
1367.129492 2.1116690891495867e-15 2.7387628916574723e-15
1367.139458 1.4607518169407923e-15 2.7257597091547154e-15
1367.149424 4.2738545447318786e-15 2.7845495139919493e-15
1367.15939 2.8765172725230802e-15 2.7542159102363778e-15
1367.169356 -3.9641999968570938e-16 2.6881866117151913e-15
1367.179322 1.1043027281053799e-15 2.717697342455042e-15
1367.189288 1.4024454558965828e-15 2.7227589059289112e-15
1367.199254 4.850281836877877e-16 2.7043659051731886e-15
1367.20922 2.656250911478874e-15 2.7504798878595716e-15
1367.219186 3.599293639270095e-15 2.7704748077143747e-15
1367.229152 2.9503763670613e-15 2.7579340440693645e-15
1367.239118 1.9120990948523724e-15 2.7368085682451378e-15
1367.249084 1.5297018226435936e-15 2.729004691003663e-15
1367.25905 1.1486845504346674e-15 2.7199665042386093e-15
1367.269016 1.9046672782258857e-15 2.7352200655539222e-15
1367.278981 1.0704294438328105e-15 2.7174442195599894e-15
1367.288947 3.3237217162402865e-16 2.7019858344179377e-15
1367.298913 1.27655489941524e-15 2.7208976029444404e-15
1367.308879 4.095717627206308e-15 2.775666957558129e-15
1367.318845 3.3583403549975238e-15 2.7605314606320283e-15
1367.328811 4.020923082788739e-15 2.774748380832972e-15
1367.338777 4.494885810579817e-15 2.784798164751047e-15
1367.348743 5.906888538371026e-15 2.8123760383311475e-15
1367.358709 4.4159312661622395e-15 2.784470804399141e-15
1367.368675 3.858673993953325e-15 2.772962209732545e-15
1367.378641 2.647276721744523e-15 2.7480837174148827e-15
1367.388607 4.151139449535741e-15 2.7789852824367388e-15
1367.398573 7.877621773268135e-16 2.7107002385398504e-15
1367.408539 7.918249051180209e-16 2.710974827687487e-15
1367.418505 1.7343676329092372e-15 2.7303964197128596e-15
1367.428471 2.3980103607003125e-15 2.7440015517151593e-15
1367.438437 1.656913088491529e-15 2.728251583308841e-15
1367.448403 2.693575816282738e-15 2.750161471779575e-15
1367.458368 4.530779818896802e-16 2.7040653776370127e-15
1367.468334 1.1142007096807611e-15 2.7169093520997713e-15
1367.4783 1.5889234374719666e-15 2.7262927877605516e-15
1367.488266 2.1587661652631806e-15 2.7383612938487135e-15
1367.498232 4.881488893054251e-15 2.792049285988484e-15
1367.508198 5.3570036254578085e-15 2.80270012497891e-15
1367.518164 4.613489573298606e-15 2.7879134546572996e-15
1367.52813 5.460775521139275e-15 2.8039353289296814e-15
1367.538096 4.434981468980073e-15 2.782728460231073e-15
1367.548062 3.18007416820879e-16 2.698155002758885e-15
1367.558028 1.259813364661557e-15 2.7169460236146025e-15
1367.567994 3.4223993125023598e-15 2.7592264913603594e-15
1367.57796 2.963045260343159e-15 2.7506748729872093e-15
1367.587926 4.561411208183832e-15 2.783103225224102e-15
1367.597892 7.660937156024625e-15 2.848052950125752e-15
1367.607858 7.763483103865429e-15 2.849486716912925e-15
1367.617824 4.7706690517061034e-15 2.7895091127660437e-15
1367.62779 3.088414999546901e-15 2.755472580439733e-15
1367.637755 7.511803788598645e-16 2.707203028223041e-15
1367.647721 6.622263267006638e-16 2.7053766078990185e-15
1367.657687 4.794322745413377e-16 2.7021486201667e-15
1367.667653 3.111578222382141e-15 2.7548250151534488e-15
1367.677619 1.7137641702229468e-15 2.7240486699383328e-15
1367.687585 4.2509901180636045e-15 2.7762859011743007e-15
1367.697551 2.7605360659044097e-15 2.7459621361178307e-15
1367.707517 1.6436620137452102e-15 2.7233680108459822e-15
1367.717483 -6.941120384141176e-16 2.6767531489326394e-15
1367.727449 1.0000939094266868e-15 2.71356240555105e-15
1367.737415 2.5967985726749423e-16 2.698332993769894e-15
1367.747381 1.3934458051081636e-15 2.7217821914363392e-15
1367.757347 2.9025917529489524e-15 2.7520075695017996e-15
1367.767313 1.4128977007897533e-15 2.7199745540833285e-15
1367.777279 -4.543163513695648e-16 2.6788818856472193e-15
1367.787245 -1.9464104035287546e-15 2.648139528665361e-15
1367.797211 -2.126184455687962e-15 2.6437827738180004e-15
1367.807176 -4.834719076375e-15 2.5874660601638813e-15
1367.817142 -2.481913128534196e-15 2.6375012116556078e-15
1367.827108 9.046128193064783e-16 2.709302248840317e-15
1367.837074 1.290458767147275e-15 2.7177841018925694e-15
1367.84704 4.559247149880768e-16 2.7012926533449127e-15
1367.857006 2.4329706628287484e-15 2.743216244641461e-15
1367.866972 1.8793966106695476e-15 2.7317792041501453e-15
1367.876938 -4.559774414896507e-16 2.683365649155702e-15
1367.886904 8.651801376335817e-16 2.710388083450191e-15
1367.89687 8.751269664418053e-16 2.710266441352215e-15
1367.906836 9.774737952500095e-16 2.712254752997808e-15
1367.916802 3.3040062405809366e-16 2.6986344157332614e-15
1367.926768 -3.869254713369222e-17 2.6904450403724657e-15
1367.936734 -4.054457183256154e-16 2.682744916685148e-15
1367.9467 2.696441110482596e-15 2.743169734427529e-15
1367.956666 2.1417279392908193e-15 2.731572591469024e-15
1367.966632 2.8971747680989032e-15 2.7474459908276997e-15
1367.976598 5.342861596907105e-15 2.7984113465980655e-15
1367.986563 4.5061078510786156e-15 2.781302743288619e-15
1367.996529 5.729346798868264e-16 2.7033283696316288e-15
1368.006495 1.4210815086950453e-15 2.7206605797388253e-15
1368.016461 5.834683375031159e-16 2.7029643377648917e-15
1368.026427 -1.380204833688662e-15 2.6626238825964134e-15
1368.036393 2.1924199511955308e-16 2.6950406072798234e-15
1368.046359 1.913988823927637e-15 2.7302112732843222e-15
1368.056325 1.6392956527358505e-15 2.7246488305834936e-15
1368.066291 2.3949024815440697e-15 2.7399497965399294e-15
1368.076257 3.994269310352148e-15 2.7729353769168153e-15
1368.086223 3.810516139160359e-15 2.7683612762620414e-15
1368.096189 1.7500229679685753e-15 2.7252337859664075e-15
1368.106155 1.0005697967766454e-15 2.7092369556553738e-15
1368.116121 2.0349966255848685e-15 2.7298248807378103e-15
1368.126087 2.7911634543930815e-15 2.744802958478295e-15
1368.136053 2.0470302832011593e-15 2.7304858624319594e-15
1368.146019 4.395617112009381e-15 2.7790139041068508e-15
1368.155985 6.560203940817585e-15 2.8225644584638277e-15
1368.16595 6.942250194989091e-15 2.83039337966665e-15
1368.175916 6.94559702379719e-15 2.83017871714081e-15
1368.185882 7.136123852605384e-15 2.8336723497488556e-15
1368.195848 6.391710681413601e-15 2.818861529893088e-15
1368.205814 5.0816775102216934e-15 2.793053727723976e-15
1368.21578 1.3322643390298952e-15 2.7134783293950955e-15
1368.225746 3.84711678381186e-17 2.687569456953401e-15
1368.235712 -4.0960200335379227e-16 2.678758454694861e-15
1368.245678 -7.649551745455844e-16 2.6707989471221527e-15
1368.255644 -3.660683457373668e-16 2.67881122589913e-15
1368.26561 3.033558483070711e-15 2.751598816275512e-15
1368.275576 1.7268653118789283e-15 2.724214138968668e-15
1368.285542 7.918921406871349e-16 2.7038820200628573e-15
1368.295508 8.943189694952175e-16 2.7067048322776535e-15
1368.305474 -3.72142016965642e-17 2.687865512353622e-15
1368.31544 -7.786673728883568e-16 2.673027859682125e-15
1368.325406 -1.4285205440802707e-15 2.658466585012646e-15
1368.335371 -1.0209428990877067e-16 2.6866034755871212e-15
1368.345337 -1.2208474611005451e-15 2.6629762869096674e-15
1368.355303 -1.5883806322923342e-15 2.6548369994715682e-15
1368.365269 -3.2699338034842542e-15 2.6193264511344894e-15
1368.375235 -1.3824069746760425e-15 2.6597071555265624e-15
1368.385201 -1.4813001458678312e-15 2.65721796465401e-15
1368.395167 6.761466829402514e-16 2.70142413414199e-15
1368.405133 -1.7110648825152646e-16 2.6835499011570475e-15
1368.415099 9.510803405566924e-16 2.7069812102796723e-15
1368.425065 1.1376671693647626e-15 2.710956044716476e-15
1368.435031 1.8072739981729847e-15 2.724432379203272e-15
1368.444997 -9.069391730188001e-16 2.6670638191725375e-15
1368.454963 7.003676557892747e-16 2.7010091199253665e-15
1368.464929 -1.339055154025051e-16 2.6833620714469377e-15
1368.474895 -1.0644986865943045e-15 2.6635979138074124e-15
1368.484861 -2.9348918577862223e-15 2.625435388849019e-15
1368.494827 -4.84205028977993e-16 2.677319321344542e-15
1368.504793 -6.637182001697818e-16 2.6731271411003255e-15
1368.514758 -9.061194599828035e-17 2.68544877008354e-15
1368.524724 -1.5863451171900565e-15 2.6517771640511577e-15
1368.53469 -7.395828838198203e-17 2.6831536699114345e-15
1368.544656 -1.4737114595737656e-15 2.654108041310903e-15
1368.554622 -1.3723846307655544e-15 2.6561759569764954e-15
1368.564588 4.1846219804252577e-16 2.6924199356101935e-15
1368.574554 1.8355490268507377e-15 2.724299109551813e-15
1368.58452 5.243358556589546e-16 2.6969233765168788e-15
1368.594486 4.342626844670357e-16 2.695200709747013e-15
1368.604452 1.0969895132752532e-15 2.7085759739612255e-15
1368.614418 1.6666763420833402e-15 2.719539862468502e-15
1368.624384 3.645463170891542e-15 2.7601495402214713e-15
1368.63435 4.027229999699756e-15 2.7679408954822717e-15
1368.644316 4.688956828507851e-15 2.7817141797964794e-15
