eg_uma/.ipynb_checkpoints/wd_removed_eguma-checkpoint.ecsv
# %ECSV 0.9
# ---
# datatype:
# - {name: WAVELENGTH, datatype: float64}
# - {name: FLUX, datatype: float64}
# - {name: ERROR, datatype: float64}
# schema: astropy-2.0
WAVELENGTH FLUX ERROR
[from data line 26601]
1407.989861 7.669771544173655e-15 3.1185089497131158e-15
1407.999827 6.865204522669422e-15 3.1026731162964623e-15
1408.009792 7.182699950194295e-15 3.1093634316851417e-15
1408.019758 6.042592928690627e-15 3.085104777410842e-15
1408.029724 6.022165907186378e-15 3.0855269470449937e-15
1408.03969 7.795178885682139e-15 3.124592843466297e-15
1408.049656 8.226611864178465e-15 3.134750853074483e-15
1408.059622 8.881524842674225e-15 3.149689576018564e-15
1408.069588 8.977057821169981e-15 3.1527914495169515e-15
1408.079554 8.062690799666306e-15 3.1343116893237024e-15
1408.08952 8.605883778162062e-15 3.1466682009673654e-15
1408.099486 1.1727836756657826e-14 3.210778953163858e-15
1408.109452 1.0140069735154158e-14 3.17837296160674e-15
1408.119418 1.1800542713649923e-14 3.2147144328042575e-15
1408.129384 1.2228495692145676e-14 3.223435992343698e-15
1408.13935 1.2320328670641991e-14 3.224919847053567e-15
1408.149316 8.820441649137751e-15 3.1529452909938036e-15
1408.159282 1.0816474627633522e-14 3.1945334720937268e-15
1408.169248 1.225800760612983e-14 3.2243107421364956e-15
1408.179214 1.13407605846256e-14 3.2058327707976285e-15
1408.189179 9.974276012150478e-15 3.17885595228988e-15
1408.199145 1.0066948990646245e-14 3.181872855205123e-15
1408.209111 7.128774355523211e-15 3.1200858248508486e-15
1408.219077 4.637486513326361e-15 3.0682662911130775e-15
1408.229043 4.730438671129485e-15 3.071140980104951e-15
1408.239009 5.610670828933203e-15 3.0892522362955086e-15
1408.248975 5.482242986736332e-15 3.0876011237009225e-15
1408.258941 6.0246351445394694e-15 3.100631139019409e-15
1408.268907 4.883687302343184e-15 3.0769243463219565e-15
1408.278873 5.9881794601463285e-15 3.10088247306008e-15
1408.288839 7.0936916179494594e-15 3.124585688048769e-15
1408.298805 9.435023775753169e-15 3.1739482302928636e-15
1408.308771 9.195155933556306e-15 3.169704173271569e-15
1408.318737 1.2209488091359436e-14 3.234425819239514e-15
1408.328703 1.3206400249163149e-14 3.255195313041723e-15
1408.338669 1.2964432406966285e-14 3.251262516682897e-15
1408.348635 1.3846364564769419e-14 3.26939792240761e-15
1408.358601 1.5177596722573133e-14 3.2985964980578034e-15
1408.368566 1.349909132145989e-14 3.2654973254276604e-15
1408.378532 1.2944663479263588e-14 3.255011061040377e-15
1408.388498 9.011255637066736e-15 3.169659451912019e-15
1408.398464 6.4295877948698695e-15 3.1187093014038993e-15
1408.40843 4.7457599526735696e-15 3.082785527704579e-15
1408.418396 6.644292110476721e-15 3.122516877955986e-15
1408.428362 5.500124268279854e-15 3.0996508468180736e-15
1408.438328 9.99397642608356e-15 3.1979108291669418e-15
1408.448294 1.0205328583886692e-14 3.2027970849113747e-15
1408.45826 1.4020960741689823e-14 3.283462789986084e-15
1408.468226 1.2089332899493531e-14 3.2438521874054618e-15
1408.478192 1.2522245057296671e-14 3.2536703146810685e-15
1408.488158 9.45711721509982e-15 3.1909477134850076e-15
1408.498124 1.1241449372903533e-14 3.2282596381847606e-15
1408.50809 1.1226381530706674e-14 3.228602203798914e-15
1408.518056 9.963973688510358e-15 3.200858861188478e-15
1408.528022 9.49516584631351e-15 3.1921712898822958e-15
1408.537987 1.2993060445200822e-14 3.2649803465112622e-15
1408.547953 1.2429632603003964e-14 3.2544708270170133e-15
1408.557919 9.94004476080711e-15 3.204354282650906e-15
1408.567885 1.1061896918610802e-14 3.230796233698436e-15
1408.577851 1.0714569076413949e-14 3.2242526043690807e-15
1408.587817 8.543261234217082e-15 3.1812476505986143e-15
1408.597783 8.178553392020784e-15 3.1746950769973483e-15
1408.607749 1.2225747115191493e-14 3.2556648873169973e-15
1408.617715 1.5142238452302033e-14 3.316227446846793e-15
1408.627681 1.715524978941315e-14 3.358694849875469e-15
1408.637647 1.6905941126523677e-14 3.3538372158011488e-15
1408.647613 1.541123246363424e-14 3.3225537303687353e-15
1408.657579 9.847583800745344e-15 3.209751256321399e-15
1408.667545 8.802895137855892e-15 3.188974607101662e-15
1408.677511 9.229806474966448e-15 3.1977784539426743e-15
1408.687477 1.0338157812077555e-14 3.2212965225028256e-15
1408.697443 1.1673769149188099e-14 3.249382430727414e-15
1408.707409 1.3234880486298653e-14 3.2837767339301252e-15
1408.717374 1.095377425654843e-14 3.2371091008125137e-15
1408.72734 9.350065593659534e-15 3.2053131085996574e-15
1408.737306 7.745536930770091e-15 3.172419654223444e-15
1408.747272 6.70744826788065e-15 3.1523281362320134e-15
1408.757238 4.763199604991749e-15 3.111210423834556e-15
1408.767204 5.531790942102294e-15 3.127783265256594e-15
1408.77717 6.076942279212842e-15 3.1390467868728558e-15
1408.787136 6.0589136163239506e-15 3.1393911413413902e-15
1408.797102 3.7727649534345064e-15 3.0885447443874272e-15
1408.807068 5.786564367975548e-15 3.1328126293515864e-15
1408.817034 6.561475294740351e-15 3.150037508195863e-15
1408.827 6.5413462215046074e-15 3.1503908069363078e-15
1408.836966 7.424397148268842e-15 3.1698437039133646e-15
1408.846932 8.763848075033647e-15 3.2014295057363355e-15
1408.856898 8.971039001797884e-15 3.206567095521439e-15
1408.866864 7.819589928562135e-15 3.1825803471132034e-15
1408.87683 7.236740855326932e-15 3.171840065403677e-15
1408.886796 6.992331782091192e-15 3.1674314337792386e-15
1408.896761 7.2009451380222e-15 3.1727729529638896e-15
1408.906727 7.298916064786436e-15 3.174752320337573e-15
1408.916693 7.508106991551247e-15 3.180351434553232e-15
1408.926659 5.564777918315487e-15 3.138330350692865e-15
1408.936625 6.1136688450797475e-15 3.1490348553147525e-15
1408.946591 7.005499771844528e-15 3.1685333680785502e-15
1408.956557 4.724030698608785e-15 3.12027454898815e-15
1408.966523 6.0676216253730345e-15 3.1491913800731767e-15
1408.976489 7.980692552137836e-15 3.1916185338782578e-15
1408.986455 6.039923478902076e-15 3.1522243826778575e-15
1408.996421 7.83845440566632e-15 3.1899522160214247e-15
1409.006387 9.18363510591848e-15 3.220562197779015e-15
1409.016353 9.851934904230395e-15 3.2345358337840067e-15
1409.026319 1.0632314702542307e-14 3.2515791439085096e-15
1409.036285 1.4023014500854775e-14 3.3218542883053735e-15
1409.046251 1.4237854299166694e-14 3.3267396496226146e-15
1409.056217 1.6947674097478597e-14 3.3830662019758345e-15
1409.066182 1.3870416314032977e-14 3.3189563442065334e-15
1409.076148 1.2264536112344888e-14 3.2861147666073988e-15
1409.086114 1.0204835910657353e-14 3.2458467600413914e-15
1409.09608 7.918675708969268e-15 3.200076237396353e-15
1409.106046 4.153955507281178e-15 3.1217691368243103e-15
1409.116012 6.2955953055936455e-15 3.168075421356758e-15
1409.125978 6.851015103905563e-15 3.1806823726139023e-15
1409.135944 6.497634902217473e-15 3.1741128048960073e-15
1409.14591 9.21159470052995e-15 3.2295440356310367e-15
1409.155876 1.090589449884185e-14 3.2671099776530335e-15
1409.165842 9.755394297153771e-15 3.244415676535792e-15
1409.175808 1.0422074095466224e-14 3.2591003821576284e-15
1409.185774 1.2227373893778151e-14 3.2968469984722072e-15
1409.19574 1.0965873692090626e-14 3.2720606321552173e-15
1409.205706 1.1731953490402519e-14 3.2886960834806246e-15
1409.215672 1.4431933288714452e-14 3.343281186092967e-15
1409.225638 1.565761308702692e-14 3.368064869128384e-15
1409.235604 1.506221288533882e-14 3.3559033426123584e-15
1409.245569 1.65127151018932e-14 3.3855893810816446e-15
1409.255535 1.8208954900205105e-14 3.4197520276418873e-15
1409.265501 1.8429854698517037e-14 3.425441479003838e-15
1409.275467 1.77355744968295e-14 3.4119392061285027e-15
1409.285433 2.0458934295141413e-14 3.4658812155905172e-15
1409.295399 1.851545409345332e-14 3.4280219014498724e-15
1409.305365 1.7822113891765795e-14 3.4150786455689128e-15
1409.315331 1.4055193690077691e-14 3.338451279261568e-15
1409.325297 1.5068813488389616e-14 3.3589408173529945e-15
1409.335263 1.4491333286702077e-14 3.348898188852447e-15
1409.345229 1.4255593085013992e-14 3.3451997324176623e-15
1409.355195 1.3334292883325903e-14 3.327961437165521e-15
1409.365161 1.5486592681638376e-14 3.374202428513026e-15
1409.375127 1.3655372479950291e-14 3.3392339030536933e-15
1409.385093 9.881832278262205e-15 3.264346197632843e-15
1409.395059 1.1692152076574674e-14 3.3005409827710364e-15
1409.405025 1.1114116711986896e-14 3.2895252174866818e-15
1409.414991 9.050064766327016e-15 3.246914706107446e-15
1409.424956 7.763655222026582e-15 3.219127536564651e-15
1409.434922 9.21224327636725e-15 3.2498743656824646e-15
1409.444888 1.0088231330707368e-14 3.267513364316174e-15
1409.454854 1.1418319385047485e-14 3.2942960921234753e-15
1409.46482 9.44362743938814e-15 3.2492223282602256e-15
1409.474786 1.1589655493728272e-14 3.2954749471612132e-15
1409.484752 1.271386354806838e-14 3.318462620397102e-15
1409.494718 9.277351602409045e-15 3.2505362418038043e-15
1409.504684 8.118639656749164e-15 3.2280449756589207e-15
1409.51465 1.2891487711089286e-14 3.332135728865918e-15
1409.524616 8.771335765429947e-15 3.243702818064565e-15
1409.534582 8.296943819770055e-15 3.235193237769391e-15
1409.544548 8.965091874110193e-15 3.2495809935638165e-15
1409.554514 7.581359928450851e-15 3.2214145868920383e-15
1409.56448 5.6231679827909644e-15 3.1818478112437743e-15
1409.574446 9.715636037131082e-15 3.2708576275833223e-15
1409.584412 8.21882409147174e-15 3.2407637303149393e-15
1409.594378 9.000852145811861e-15 3.2575744893697827e-15
1409.604343 9.096202601511441e-15 3.2603490025162647e-15
1409.614309 1.0107770655851546e-14 3.282328656307896e-15
1409.624275 1.0203718710192209e-14 3.2839842410384374e-15
1409.634241 7.23840676453232e-15 3.219250967517009e-15
1409.644207 6.678494818872452e-15 3.2091528845306202e-15
1409.654173 6.459442873213118e-15 3.2055635482131375e-15
1409.664139 4.409290927553241e-15 3.163322435263784e-15
1409.674105 1.6730389818933603e-15 3.1083992391732437e-15
1409.684071 3.71190703623403e-15 3.1545221661315364e-15
1409.694037 2.546735090574144e-15 3.1305354177233003e-15
1409.704003 5.0430831449142565e-15 3.1822037932657923e-15
1409.713969 8.688191199254914e-15 3.2575646506706816e-15
1409.723935 1.1989119253595041e-14 3.326338946241047e-15
1409.733901 1.3115227307935148e-14 3.3516682298629735e-15
1409.743867 1.5155035362275825e-14 3.3941678322705256e-15
1409.753833 1.5706663416615933e-14 3.4056281278688083e-15
1409.763799 1.3281151470956065e-14 3.357654631052336e-15
1409.773764 1.1425121926655628e-14 3.3210519871150464e-15
1409.78373 1.2433069980995747e-14 3.3417561877323124e-15
1409.793696 1.2527518035336403e-14 3.3442239123522817e-15
1409.803662 1.2166106089676522e-14 3.338174006832358e-15
1409.813628 1.271841414401664e-14 3.3502335686486096e-15
1409.823594 1.3616742198357304e-14 3.3687356895216343e-15
1409.83356 1.325685025269742e-14 3.362427294543512e-15
1409.843526 1.2550978307037546e-14 3.3487175145598647e-15
1409.853492 1.4022906361378203e-14 3.37718444876782e-15
1409.863458 1.3547494415718331e-14 3.3676659546011986e-15
1409.873424 1.364476247005844e-14 3.3700800135897073e-15
1409.88339 1.3855510524399115e-14 3.3733554059631484e-15
1409.893356 1.384243857873923e-14 3.3741237189202173e-15
1409.903322 9.927286633079895e-15 3.2970822328234392e-15
1409.913288 1.1169074687420014e-14 3.322843524778619e-15
1409.923254 1.287700274176013e-14 3.3574292354002045e-15
1409.93322 1.4123470796100781e-14 3.3839507904677337e-15
1409.943186 1.47958588504409e-14 3.397861816569355e-15
1409.953151 1.8711669306140483e-14 3.4769855291667808e-15
1409.963117 1.7114817360480593e-14 3.44540867161572e-15
1409.973083 1.7012805414820703e-14 3.4446421475130327e-15
1409.983049 1.4266013469161383e-14 3.390899595314612e-15
1409.993015 1.2436501523501489e-14 3.3551234021018064e-15
1410.002981 1.1616265563612758e-14 3.340339415061769e-15
1410.012947 1.010534765156463e-14 3.307956678611617e-15
1410.022913 9.399869739515984e-15 3.294754933272458e-15
1410.032879 9.958591827467314e-15 3.306958497866461e-15
1410.042845 1.0747433915419204e-14 3.3236807086293955e-15
1410.052811 9.099196003370544e-15 3.2912935000432888e-15
1410.062777 1.1362458091321909e-14 3.3406131097822143e-15
1410.072743 1.097666017927378e-14 3.3329407133378176e-15
1410.082709 1.0825882267225129e-14 3.3302297045218968e-15
1410.092675 8.028044355176472e-15 3.269812936624234e-15
1410.102641 7.091586443128366e-15 3.2512884550714352e-15
1410.112607 6.613508531079699e-15 3.242303933937841e-15
1410.122573 6.945010619031055e-15 3.2499056706341495e-15
1410.132538 6.352135082851808e-15 3.2380133667026144e-15
1410.142504 1.0015257170803702e-14 3.316995759803862e-15
1410.15247 1.149461925875504e-14 3.3477103895427988e-15
1410.162436 1.0330201346706388e-14 3.3234096971905217e-15
1410.172402 8.932203434658276e-15 3.2963523802355834e-15
1410.182368 1.1216845522609617e-14 3.3435289424248747e-15
1410.192334 1.0165967610560982e-14 3.3231243749165936e-15
1410.2023 8.77040969851286e-15 3.2954821025787406e-15
1410.212266 1.0707091786464194e-14 3.3367626007249594e-15
1410.222232 1.0255533874415548e-14 3.3278397950675447e-15
1410.232198 9.570815962367418e-15 3.3154806001423076e-15
1410.242164 9.346598050318774e-15 3.3119341963299936e-15
1410.25213 9.58064013827012e-15 3.317520788564979e-15
1410.262096 9.242162226222016e-15 3.3119163077861734e-15
1410.272062 1.0144984314173354e-14 3.3312851286072773e-15
1410.282028 9.090926402124698e-15 3.310441397348215e-15
1410.291994 8.378768490076586e-15 3.296033069728397e-15
1410.301959 5.0125529538973626e-15 3.221731214117652e-15
1410.311925 6.258635041848708e-15 3.247271582556654e-15
1410.321891 4.279337129800052e-15 3.207135951214916e-15
1410.331857 6.681319217751938e-15 3.255137175274308e-15
1410.341823 8.85708130570328e-15 3.3001867896034012e-15
1410.351789 1.1610443393654633e-14 3.3633870149194547e-15
1410.361755 1.0210285481606519e-14 3.3359540385442966e-15
1410.371721 1.4116687569557868e-14 3.414381886787124e-15
1410.381687 1.3410049657509204e-14 3.4014422086149278e-15
1410.391653 1.2930471745461084e-14 3.3922886407422345e-15
1410.401619 1.302957383341244e-14 3.3950783591509642e-15
1410.411585 1.44001559213638e-14 3.4229200887524094e-15
1410.421551 1.2537618009315667e-14 3.3876903905533042e-15
1410.431517 1.2410260097267015e-14 3.3863496441939955e-15
1410.441483 1.0202482185218348e-14 3.3409216871631102e-15
1410.451449 1.065080427317023e-14 3.350933010711972e-15
1410.461415 8.443566361121591e-15 3.3070157412066852e-15
1410.471381 7.275528449072934e-15 3.2835736989577684e-15
1410.481346 4.937872912893701e-15 3.236156535854098e-15
1410.491312 6.297035000845046e-15 3.264930258588566e-15
1410.501278 5.460957088796917e-15 3.2474799840921576e-15
1410.511244 6.707159176748278e-15 3.273714428031376e-15
1410.52121 7.147001264699617e-15 3.284220369816861e-15
1410.531176 7.713443352651513e-15 3.2970142563569243e-15
1410.541142 8.05184544060285e-15 3.3057179273525437e-15
1410.551108 8.273347528554195e-15 3.311562114618537e-15
1410.561074 9.652209616506083e-15 3.3392589470150402e-15
1410.57104 1.1264451704457428e-14 3.372174762071029e-15
1410.581006 1.1486673792409324e-14 3.3772291701273695e-15
1410.590972 1.2868175880360673e-14 3.4046281582692705e-15
1410.600938 1.5754077968312007e-14 3.4633043708532466e-15
1410.610904 1.2040780056263898e-14 3.3870204645872454e-15
1410.62087 1.0059562144215234e-14 3.3478883805538083e-15
1410.630836 1.2016904232166584e-14 3.3881778533723995e-15
1410.640802 9.80368632011848e-15 3.3447605686668817e-15
1410.650768 1.0023608408069818e-14 3.349550226274686e-15
1410.660733 1.379681287189058e-14 3.428190948188971e-15
1410.670699 1.3868634959841939e-14 3.42980002270558e-15
1410.680665 1.5318417047793276e-14 3.4560183669553606e-15
1410.690631 1.7126299135745155e-14 3.4929322715551187e-15
1410.700597 1.3025381223696493e-14 3.4098972288514506e-15
1410.710563 9.653823311647858e-15 3.341578196721304e-15
1410.720529 9.98484539959973e-15 3.348621810850428e-15
1410.730495 5.923847487551087e-15 3.2698800186635598e-15
1410.740461 8.103549575502426e-15 3.311435105957416e-15
1410.750427 1.1217571663454315e-14 3.3759179398653633e-15
1410.760393 1.4328753751405642e-14 3.4405975477553318e-15
1410.770359 1.3735215839357025e-14 3.4290191877678384e-15
1410.780325 1.4763277927308886e-14 3.4512376536194667e-15
