eg_uma/.ipynb_checkpoints/wd_removed_eguma-checkpoint.ecsv
# %ECSV 0.9
# ---
# datatype:
# - {name: WAVELENGTH, datatype: float64}
# - {name: FLUX, datatype: float64}
# - {name: ERROR, datatype: float64}
# schema: astropy-2.0
WAVELENGTH FLUX ERROR
[from data line 5105]
1180.600388 6.144899988108139e-16 1.0666554076172868e-15
1180.610352 7.167385112064677e-16 1.0755093423809947e-15
1180.620315 1.0182230559676738e-15 1.096070434647701e-15
1180.630278 1.4249596007289018e-15 1.1230749803983702e-15
1180.640241 1.1123453454901081e-15 1.0934345577158241e-15
1180.650204 1.5134478902513145e-15 1.1239568856086961e-15
1180.660167 1.4091904350125216e-15 1.1156870118007108e-15
1180.67013 9.953249797737287e-16 1.0807784129631752e-15
1180.680093 1.7486292453493545e-16 1.0171238186340934e-15
1180.690056 4.804742692961419e-16 1.044278628152851e-15
1180.700019 -2.9644985942630124e-17 1.0021260634954067e-15
1180.709982 2.619275588185766e-16 1.021398286179882e-15
1180.719946 5.728239677908583e-17 1.0058728189985056e-15
1180.729909 1.5438554154029287e-16 1.0122804953948289e-15
1180.739872 -1.5423991369847982e-16 9.850228267491062e-16
1180.749835 2.4654443106272723e-16 1.0165397576783705e-15
1180.759798 -1.5311502417606606e-16 9.864145554583023e-16
1180.769761 6.462593205851406e-16 1.0448626891085737e-15
1180.779724 5.467362653463474e-16 1.0376920663183273e-15
1180.789687 1.046490810107554e-15 1.0787802626184815e-15
1180.79965 8.464053548687603e-16 1.0641671111719247e-15
1180.809613 7.468704996299668e-16 1.0552818714565318e-15
1180.819576 4.760104439119505e-17 1.0060132440674924e-15
1180.82954 2.475052823517046e-16 1.0234930346612038e-15
1180.839503 1.4727182711291107e-16 1.0151283515709724e-15
1180.849466 -5.1277028125882104e-17 9.981056132718621e-16
1180.859429 -2.5057486336465423e-16 9.774765445386401e-16
1180.869392 -1.501383186034478e-16 9.856864917248283e-16
1180.879355 -1.5005377384224097e-16 9.842196311315883e-16
1180.889318 4.94927709189658e-17 9.978363906873711e-16
1180.899281 3.490247156801723e-16 1.0229876832982887e-15
1180.909244 4.498650404413792e-16 1.033446220442651e-15
1180.919207 6.504615852025858e-16 1.0475164545842705e-15
1180.92917 5.523261299638135e-16 1.0399182955967262e-15
1180.939134 4.540647679243234e-16 1.0317566474788519e-15
1180.949097 1.5619211268552973e-16 1.0065704722074853e-15
1180.95906 5.569566574467366e-16 1.0425765332083779e-15
1180.969023 6.583412022079644e-16 1.0509045447837781e-15
1180.978986 4.600273469691708e-16 1.032049125170309e-15
1180.988949 2.620118917303776e-16 1.0200289181504611e-15
1180.998912 5.62263636491584e-16 1.0464377753919247e-15
1181.008875 7.62490181252791e-16 1.0620974066519512e-15
1181.018838 1.6508732601399744e-16 1.0117742496047226e-15
1181.028801 2.6634707077520416e-16 1.0219233149409988e-15
1181.038764 -3.1013984463589136e-17 9.953838713296494e-16
1181.048728 -2.290013465030586e-16 9.783611330305387e-16
1181.058691 -7.26602601741852e-16 9.358024984283809e-16
1181.068654 -3.2702665698064526e-16 9.69310424284811e-16
1181.078617 -1.2597691221943855e-16 9.87876943915587e-16
1181.08858 -3.2334750745821076e-16 9.6719868168686e-16
1181.098543 -2.2356962697003996e-17 9.914796966409348e-16
1181.108506 4.779093820642027e-16 1.0327503560880528e-15
1181.118469 1.8077132682540948e-16 1.0082305290739812e-15
1181.128432 -1.6948928413383787e-17 9.895969274038798e-16
1181.138395 3.8293835634782266e-16 1.0290518996532681e-15
1181.148359 -1.4888805691646568e-17 9.951978304739215e-16
1181.158322 -1.3760260930439944e-17 9.964813334930064e-16
1181.168285 -1.2721716169233289e-17 9.974079600628822e-16
1181.178248 -1.191077140802648e-17 9.972469631685022e-16
1181.188211 8.87417733531801e-17 1.0037816482259477e-15
1181.198174 1.8948611811440802e-16 1.012488896930332e-15
1181.208137 -9.193337124385505e-18 9.964902777649162e-16
1181.2181 2.895778076368213e-16 1.020722099223486e-15
1181.228063 2.9000075239802833e-16 1.019762378847543e-15
1181.238026 1.8959729715923443e-16 1.0128439845251588e-15
1181.247989 8.986004192044128e-17 1.0030562677740468e-15
1181.257953 -3.0748672011902826e-16 9.67119077666861e-16
1181.267916 -6.0443537535782145e-16 9.427289425954843e-16
1181.277879 -4.0414683059661476e-16 9.614010046347986e-16
1181.287842 -1.0322228583540815e-16 9.823762166909376e-16
1181.297805 9.738405892579852e-17 1.00021467258824e-15
1181.307768 3.9585000368700523e-16 1.0279714316065402e-15
1181.317731 4.953717484482332e-16 1.0372502192859734e-15
1181.327694 4.958462932094398e-16 1.0363692085028385e-15
1181.337657 -1.0883620293534384e-18 9.958811728478452e-16
1181.34762 9.845418273185321e-17 1.0044775125805454e-15
1181.357583 1.9936072749305982e-16 1.0124244981725798e-15
1181.367547 2.9997136545359026e-16 1.020753404175171e-15
1181.37751 3.011459102147973e-16 1.021477890199881e-15
1181.387473 3.020180549760037e-16 1.0223034464971738e-15
1181.397436 3.030245997372102e-16 1.0217023914248218e-15
1181.407399 1.0572714449841735e-16 1.0046107822320046e-15
1181.417362 -9.223671074037603e-17 9.866256402753781e-16
1181.427325 8.511834020851526e-18 9.940207642905655e-16
1181.437288 1.0876397878205821e-16 1.0026054764697827e-15
1181.447251 -8.835747645673498e-17 9.87004877404362e-16
1181.457214 -1.865169316955284e-16 9.782350187966079e-16
1181.467177 3.1248001306567825e-16 1.0186962216358712e-15
1181.477141 2.1457465102620884e-16 1.010503268566312e-15
1181.487104 4.1456719578741577e-16 1.0274687635251984e-15
1181.497067 3.171161405486222e-16 1.0178527767947584e-15
1181.50703 1.211184685309829e-15 1.0849947427415489e-15
1181.516993 8.146972300710357e-16 1.054236286070253e-15
1181.526956 9.135477748322428e-16 1.0621895326526242e-15
1181.536919 8.15204319593449e-16 1.0551387631059716e-15
1181.546882 9.146369752045056e-16 1.0645239876211338e-15
1181.556845 1.2139049447560382e-16 1.0057887428425514e-15
1181.566808 1.2218601374670142e-16 1.0056679951717664e-15
1181.576771 -7.443846698220093e-17 9.90087073504548e-16
1181.586735 3.2465714036672167e-16 1.0201675543650662e-15
1181.596698 4.2602265963781945e-16 1.0271986465135163e-15
1181.606661 8.250981789089175e-16 1.0597835235088344e-15
1181.616624 7.26910298180015e-16 1.0502399853808653e-15
1181.626587 8.277478174511128e-16 1.0570599927122395e-15
1181.63655 2.317365367222101e-16 1.0082251625108353e-15
1181.646513 3.311860559933081e-16 1.0169601384581404e-15
1181.656476 -6.595042473557396e-17 9.853859641886524e-16
1181.666439 -1.6492570546447645e-16 9.750651688317045e-16
1181.676402 -1.6600818619337856e-16 9.761035988004553e-16
1181.686365 5.28656133077719e-16 1.030464200187857e-15
1181.696329 6.272217404266417e-16 1.0390945281538153e-15
1181.706292 6.269892596977398e-16 1.0379720220291104e-15
1181.716255 6.271107789688376e-16 1.0376768610560803e-15
1181.726218 8.255342982399354e-16 1.053982268748009e-15
1181.736181 5.290438175110329e-16 1.0335490795696158e-15
1181.746144 1.3408393678213035e-16 9.996037788167872e-16
1181.756107 3.667045605322809e-17 9.909394626175708e-16
1181.76607 2.365101753243263e-16 1.010860145015521e-15
1181.776033 -2.570467054045564e-16 9.668409108104599e-16
1181.785996 -4.542171861334588e-16 9.504505325353865e-16
1181.79596 -1.561901787845561e-16 9.759068248184353e-16
1181.805923 -1.5580445951345828e-16 9.758138043905713e-16
1181.815886 -3.529547402423405e-16 9.558009959919481e-16
1181.825849 4.3075179028757197e-17 9.911773802503767e-16
1181.835812 3.4070069829985493e-16 1.0129486325065058e-15
1181.845775 1.4261621757095235e-16 9.965716706392973e-16
1181.855738 3.414905368420502e-16 1.0108610394427122e-15
1181.865701 6.39539856113148e-16 1.0388476662490993e-15
1181.875664 5.424833753842463e-16 1.0319963539660399e-15
1181.885627 4.441548946553639e-16 1.02209415053448e-15
1181.89559 4.456364139264616e-16 1.021139796721683e-15
1181.905554 6.4492402127536395e-16 1.04080735622458e-15
1181.915517 8.433215405464621e-16 1.0556709472846168e-15
1181.92548 6.460292598175796e-16 1.0367913781369904e-15
1181.935443 5.475267790886775e-16 1.0319784654222198e-15
1181.945406 7.460742983597757e-16 1.0484502365716745e-15
1181.955369 8.455238176308729e-16 1.0543105235271058e-15
1181.965332 4.508597369019705e-16 1.021343726121231e-15
1181.975295 8.474650561730684e-16 1.054145054496771e-15
1181.985258 8.483705754441661e-16 1.054496564382834e-15
1181.995221 7.51222094715264e-16 1.0472060883489936e-15
1182.005184 1.5881241398638145e-16 9.969813182927753e-16
1182.015148 1.5974722133528374e-16 9.970805997109763e-16
1182.025111 6.08647406063817e-17 9.875066510585132e-16
1182.035074 6.125625987747947e-17 9.868930740054874e-16
1182.045037 1.5923777914859722e-16 9.953713493489754e-16
1182.055 8.516024984196947e-16 1.052551185242409e-15
1182.064963 1.0493284176907928e-15 1.0700613863606145e-15
1182.074926 1.4458879369618903e-15 1.0979442596128459e-15
1182.084889 1.3472654562329883e-15 1.0889803103046446e-15
1182.094852 1.3481089755040858e-15 1.0865984506950117e-15
1182.104815 7.558098947751835e-16 1.039285041145498e-15
1182.114778 5.587548140462813e-16 1.020411732988209e-15
1182.124742 -1.3323217860479595e-16 9.689490756996467e-16
1182.134705 -3.301448593336985e-16 9.525551197158092e-16
1182.144668 -3.310213400626004e-16 9.545219651088184e-16
1182.154631 6.232477920851724e-17 9.88136327800977e-16
1182.164594 3.5724689847961517e-16 1.0145237187898565e-15
1182.174557 4.54985017750713e-16 1.022716671859416e-15
1182.18452 4.540985370218108e-16 1.0225887687711028e-15
1182.194483 1.584048562929082e-16 9.952121413089773e-16
1182.204446 -4.3269226443599396e-16 9.406717600561847e-16
1182.214409 -5.309387451648963e-16 9.325315781908943e-16
1182.224372 -3.3264922589379847e-16 9.482278809657517e-16
1182.234336 -3.3215481854487605e-16 9.47186767715428e-16
1182.244299 -3.313802992737784e-16 9.470177209763287e-16
1182.254262 6.262985999731947e-17 9.850013604965224e-16
1182.264225 -3.565662073158259e-17 9.759604904498954e-16
1182.274188 -3.659510146046487e-17 9.769917650011182e-16
1182.284151 6.224381781063282e-17 9.862204647578552e-16
1182.294114 1.6113953708173074e-16 9.964545006772764e-16
1182.304077 2.6120905635282795e-16 1.0042950494335816e-15
1182.31404 6.539097562392575e-17 9.856194096855032e-16
1182.324003 6.698049489502378e-17 9.850773868077573e-16
1182.333966 4.605520141661212e-16 1.0162866347833175e-15
1182.34393 4.612696215150436e-16 1.0138797312123367e-15
1182.353893 -3.1687159213858344e-17 9.67802420040785e-16
1182.363856 2.631599600572393e-16 9.950511444145974e-16
1182.373819 6.616947932833715e-17 9.78507819089863e-16
1182.383782 -1.2990900140054519e-16 9.646692415907123e-16
1182.393745 1.646245178705525e-16 9.902874251953319e-16
1182.403708 3.6232313714165024e-16 1.0104352920997958e-15
1182.413671 2.6482065641274823e-16 1.0014659762284487e-15
1182.423634 3.63454175683846e-16 1.010388781885864e-15
1182.433597 6.881889495494362e-17 9.841158775774325e-16
1182.443561 -4.2220969769613376e-16 9.411645894384256e-16
1182.453524 -4.2170617842503625e-16 9.411762169919086e-16
1182.463487 -6.181014591539385e-16 9.226356357496714e-16
1182.47345 -9.127103883323845e-16 8.950980113931659e-16
1182.483413 -6.168679465113434e-16 9.203798903739696e-16
1182.493376 -2.233761046903027e-16 9.543878010301682e-16
1182.503339 -1.24109262869243e-16 9.629689355006215e-16
1182.513302 3.6926317895179834e-16 1.0057422326286195e-15
1182.523265 5.670654207728389e-16 1.0241343389571507e-15
1182.533228 4.695770625938797e-16 1.0148797008118744e-15
1182.543191 2.742987044149206e-16 9.99923983751165e-16
1182.553155 7.819962810306112e-17 9.812224056145477e-16
1182.563118 7.75152699241021e-17 9.805274356871407e-16
1182.573081 7.796491174514284e-17 9.811043412253358e-16
1182.583044 7.826655356618379e-17 9.823297064770058e-16
1182.593007 3.735781953872248e-16 1.0065865718969234e-15
1182.60297 6.693206372082653e-16 1.0340436978062388e-15
1182.612933 2.7709307902932497e-16 1.0015259028502456e-15
1182.622896 2.774847208503659e-16 1.0005482939304829e-15
1182.632859 1.7992036267140696e-16 9.924072176380017e-16
1182.642822 -1.1450599550755201e-16 9.672925965419151e-16
1182.652785 -1.1425635368651117e-16 9.67206731531579e-16
1182.662749 -1.1295342999837097e-16 9.67209414813152e-16
1182.672712 -2.0991058817733036e-16 9.58706989935507e-16
1182.682675 1.843910536437105e-16 9.868206254030162e-16
1182.692638 2.835386954647516e-16 9.963400139968284e-16
1182.702601 3.8225433728579296e-16 1.0028773823358468e-15
1182.712564 5.791379791068335e-16 1.0201219385783253e-15
1182.722527 6.77446420927874e-16 1.0286288355919253e-15
1182.73249 2.8400406274893387e-16 1.0000295261597031e-15
1182.742453 2.838037045699747e-16 9.989177531612901e-16
1182.752416 8.773134639101569e-17 9.838529159832785e-16
1182.762379 8.789898821205651e-17 9.824137826329594e-16
1182.772343 -1.0191488099803095e-17 9.738469589975623e-16
1182.782306 3.8202015372123775e-16 1.0035329974668495e-15
1182.792269 2.8447579554227897e-16 9.947085788004443e-16
1182.802232 2.8515943736331997e-16 9.940332862712394e-16
1182.812195 -8.842720815639247e-18 9.680591206446019e-16
1182.822158 -7.787878994598217e-18 9.67957155944828e-16
1182.832121 -3.9795023717355777e-16 9.373704292942038e-16
1182.842084 -2.99540595352498e-16 9.449453331747821e-16
1182.852047 -3.96828353531457e-16 9.35281941803219e-16
1182.86201 -4.934911710416268e-18 9.703372267000787e-16
1182.871973 5.8348573011062445e-16 1.0169011062635345e-15
1182.881937 3.875494537987647e-16 9.98682518810057e-16
1182.8919 4.85927095619806e-16 1.00780925386702e-15
1182.901863 6.828641374408467e-16 1.0250198218762405e-15
1182.911826 4.886437792618876e-16 1.0087859683595923e-15
1182.921789 -9.839617891707115e-17 9.619448163669265e-16
1182.931752 2.9284946290396967e-16 9.960385920334613e-16
1182.941715 -9.781849527498957e-17 9.608008439896376e-16
1182.951678 -9.780085345394856e-17 9.602301994417797e-16
1182.961641 1.9528878836711086e-16 9.828726237819426e-16
1182.971604 1.9559423018815192e-16 9.817841058904956e-16
1182.981567 -9.68875279908073e-17 9.571980912642898e-16
1182.991531 1.9679379569731448e-16 9.847813314075365e-16
1183.001494 9.935943751837376e-17 9.77244887896171e-16
1183.011457 -4.856486406605852e-16 9.24971879572563e-16
1183.02142 -4.851693988395441e-16 9.24798360697509e-16
1183.031383 -3.863083570185034e-16 9.32952853397855e-16
1183.041346 -6.784877151974626e-16 9.051898333892179e-16
1183.051309 -4.831740733764217e-16 9.204362392870024e-16
1183.061272 -9.289471155538083e-17 9.579315215609099e-16
1183.071235 2.0061513026566033e-16 9.845013756967534e-16
1183.081198 2.0055477208671952e-16 9.831320076673325e-16
1183.091162 2.983416957748416e-16 9.926200913094595e-16
1183.101125 6.051737595882348e-18 9.68315821248419e-16
1183.111088 1.04017379416942e-16 9.743496270789045e-16
1183.121051 6.6030212379828846e-18 9.664008526324881e-16
1183.131014 -9.052893694097639e-17 9.585611983033739e-16
1183.140977 1.0647450488006426e-16 9.757905492836052e-16
1183.15094 1.0809074670110539e-16 9.751215177447375e-16
1183.160903 -8.530161147785353e-17 9.601523842761627e-16
1183.170866 -8.322996965681255e-17 9.602668709566105e-16
1183.180829 1.1382727216422808e-16 9.78153625922227e-16
1183.190792 1.6982913985287823e-17 9.699776669692966e-16
1183.200756 1.8138437673409396e-17 9.704552910892907e-16
1183.210719 -7.864792050554958e-17 9.609940402628937e-16
1183.220682 -1.751662786845087e-16 9.510909424041426e-16
1183.230645 -7.673863686344959e-17 9.588903475096618e-16
1183.240608 2.165500495759158e-17 9.671781098614672e-16
1183.250571 -1.722561732213674e-16 9.47244905482843e-16
1183.260534 -7.340053140032639e-17 9.57317050080693e-16
1183.270497 -3.647141495792857e-16 9.288098666491437e-16
1183.28046 -4.615125077582449e-16 9.207922213090203e-16
1183.290423 -4.61194865937204e-16 9.197922517094826e-16
1183.300386 2.6560795883837033e-17 9.643159428502673e-16
1183.31035 2.7918519571977225e-17 9.630807388994966e-16
1183.320313 3.211254213930183e-16 9.90316046865444e-16
1183.330276 1.2837526321405933e-16 9.728487782524063e-16
1183.340239 3.3058905035118696e-17 9.654107217320513e-16
1183.350202 2.2912254685615973e-16 9.79401351853672e-16
1183.360165 3.279761886772009e-16 9.87654231545028e-16
1183.370128 5.244578304982416e-16 1.0056375846472724e-15
1183.380091 4.2752147231928225e-16 9.960054982273945e-16
