eg_uma/.ipynb_checkpoints/wd_removed_eguma-checkpoint.ecsv
# %ECSV 0.9
# ---
# datatype:
# - {name: WAVELENGTH, datatype: float64}
# - {name: FLUX, datatype: float64}
# - {name: ERROR, datatype: float64}
# schema: astropy-2.0
WAVELENGTH FLUX ERROR
[from data line 13604]
1269.281873 1.6894089809504616e-15 1.191922618998398e-15
1269.291836 1.6046674984191478e-15 1.192118498553227e-15
1269.301799 1.3529380158879346e-15 1.1826295204839087e-15
1269.311763 1.2958801020125436e-15 1.1844693572157955e-15
1269.321726 1.181726619481328e-15 1.1837591820261416e-15
1269.331689 5.339211369500141e-16 1.159431656858135e-15
1269.341652 1.0374636544187999e-15 1.1859505286440915e-15
1269.351615 1.0908041718875851e-15 1.192478058284009e-15
1269.361578 1.1967466893563693e-15 1.1985413802117972e-15
1269.371541 1.5887752068251573e-15 1.215097227517206e-15
1269.381504 1.6643177242939401e-15 1.2188153613501924e-15
1269.391467 1.8956442417627272e-15 1.2291728282219715e-15
1269.40143 2.197084759231511e-15 1.2425230484748362e-15
1269.411393 2.1545672767001983e-15 1.2420230636750673e-15
1269.421357 2.3538093628248064e-15 1.252474445401901e-15
1269.43132 2.234383880293592e-15 1.2467501113795017e-15
1269.441283 1.3256683977622805e-15 1.2064007119391137e-15
1269.451246 1.5631329152310653e-15 1.2197840259980455e-15
1269.461209 1.4295554326998492e-15 1.2160345872133736e-15
1269.471172 1.7303179501686352e-15 1.2307971080008274e-15
1269.481135 1.429278467637422e-15 1.2202571779820843e-15
1269.491098 1.7529549851062068e-15 1.2372584500286106e-15
1269.501061 1.2371275025749912e-15 1.211940793960167e-15
1269.511024 1.074370020043778e-15 1.2043381628366678e-15
1269.520987 2.655665375124659e-16 1.170689811911251e-15
1269.530951 1.0245466236370734e-15 1.2051592469980058e-15
1269.540914 1.647493141105858e-15 1.2352128950427936e-15
1269.550877 1.867127658574644e-15 1.2493672053403676e-15
1269.56084 2.8729701760433307e-15 1.2904741846115326e-15
1269.570803 3.627518693512116e-15 1.3224758950783186e-15
1269.580766 3.953681210980899e-15 1.3353860571532115e-15
1269.590729 3.662885728449685e-15 1.3205001054134e-15
1269.600692 3.903739327726462e-15 1.3305615168849579e-15
1269.610655 2.928042241225608e-15 1.2923551649942055e-15
1269.620618 2.5579451547247544e-15 1.277048832474624e-15
1269.630582 1.5982556268822364e-15 1.233390052427536e-15
1269.640545 1.4821105403813786e-15 1.2274313784810947e-15
1269.650508 3.001694538805287e-16 1.1644082497488585e-15
1269.660471 7.476636737967238e-17 1.1521054037366546e-15
1269.670434 2.244492808788195e-16 1.15802293403231e-15
1269.680397 1.0145841943778641e-15 1.1925657121487269e-15
1269.69036 1.5852731078770081e-15 1.2181373855394144e-15
1269.700323 2.7750600213761534e-15 1.2795568063181876e-15
1269.710286 2.6770989348753003e-15 1.273844099849271e-15
1269.720249 2.356341848374446e-15 1.2576826949350938e-15
1269.730212 1.919392761873592e-15 1.2391957793243163e-15
1269.740176 1.2132572340310721e-15 1.2068362979811306e-15
1269.750139 1.610780147530219e-15 1.220796517578257e-15
1269.760102 1.873473061029366e-15 1.232294379118561e-15
1269.770065 2.006135974528512e-15 1.2369382450942326e-15
1269.780028 2.5259508880276566e-15 1.2563410541485939e-15
1269.789991 2.5789998015267018e-15 1.2577783986445307e-15
1269.799954 2.404402715025846e-15 1.2500022486459774e-15
1269.809917 3.368358354521897e-15 1.28570420440193e-15
1269.81988 3.1233337747375053e-15 1.2757250802319439e-15
1269.829843 2.900929194953113e-15 1.2648390068902841e-15
1269.839806 2.9377186151687194e-15 1.2641163097199561e-15
1269.84977 2.312453589275698e-15 1.2346386727861718e-15
1269.859733 7.50439009491306e-16 1.1684412219530771e-15
1269.869696 7.481944297069145e-16 1.1657489961081672e-15
1269.879659 3.932218499225222e-16 1.1491600549966918e-15
1269.889622 1.1737152701381293e-15 1.1789400083210342e-15
1269.899585 1.7678706903537394e-15 1.2029204957389327e-15
1269.909548 1.6887821105692454e-15 1.1980029350428154e-15
1269.919511 1.6023375307848546e-15 1.1940951826453367e-15
1269.929474 1.5297809510004594e-15 1.191607780627166e-15
1269.939437 1.0739763712160693e-15 1.1748086491258053e-15
1269.9494 6.233777914316775e-16 1.1572948702988363e-15
1269.959364 1.4200467655386552e-15 1.1942624405300537e-15
1269.969327 2.2337221857542646e-15 1.2232973360042932e-15
1269.97929 2.098661605969872e-15 1.2157519482210178e-15
1269.989253 1.4430230261854802e-15 1.1835731411704136e-15
1269.999216 2.0969924464010893e-15 1.2065643921150663e-15
1270.009179 3.012786790558357e-15 1.2367173215780557e-15
1270.019142 1.4704259180655928e-15 1.1698016457105879e-15
1270.029105 2.27187104557293e-15 1.198949239010893e-15
1270.039068 2.5255261730802657e-15 1.2101197401992912e-15
1270.049031 2.177815300587604e-15 1.1942454464134248e-15
1270.058994 1.2011644280949411e-15 1.1576517467480452e-15
1270.068958 1.8096011028397555e-15 1.1849577144620817e-15
1270.078921 1.0847462303470917e-15 1.1567752081008654e-15
1270.088884 1.1391873578544277e-15 1.159363680391619e-15
1270.098847 1.2683164853617668e-15 1.1649905218501994e-15
1270.10881 1.8228256128691026e-15 1.1854147667566826e-15
1270.118773 2.3778367403764395e-15 1.2088407093161613e-15
1270.128736 2.932869867883777e-15 1.2310949522554302e-15
1270.138699 3.208234995391011e-15 1.2412923166600202e-15
1270.148662 2.995484122898348e-15 1.2320502004954182e-15
1270.158625 2.8504132504056827e-15 1.225252553843819e-15
1270.168588 2.0767783779130212e-15 1.1938912532457888e-15
1270.178552 1.2345570526578347e-15 1.15965079151993e-15
1270.188515 6.721161801651759e-16 1.136761505275051e-15
1270.198478 1.0856853076725106e-15 1.1537681438847234e-15
1270.208441 7.332544351798483e-16 1.1428006776686825e-15
1270.218404 1.2189475626871824e-15 1.1634047024405566e-15
1270.228367 1.5649406901945193e-15 1.178915858786877e-15
1270.23833 2.0483878177018586e-15 1.200032390339194e-15
1270.248293 1.2061109452090915e-15 1.1676326597724132e-15
1270.258256 3.6355007271642926e-16 1.1318510999964616e-15
1270.268219 3.5831920022376594e-16 1.1323761287575786e-15
1270.278183 4.2336587496868416e-16 1.1352633397301262e-15
1270.288146 9.7774700247592e-16 1.1561741530285132e-15
1270.298109 9.03308129983256e-16 1.1516671344130646e-15
1270.308072 1.6674272574905925e-15 1.1845328615463567e-15
1270.318035 1.7304363849979289e-15 1.1870506740890214e-15
1270.327998 1.4440375125052662e-15 1.1748122268345694e-15
1270.337961 9.486666400126031e-16 1.1559621737842464e-15
1270.347924 1.8506097675199384e-15 1.1926301109064789e-15
1270.357887 2.1226988950272762e-15 1.202817636611968e-15
1270.36785 2.3280280225345103e-15 1.2108495927871472e-15
1270.377813 2.394771150041848e-15 1.2142850876277779e-15
1270.387777 2.1115518247867668e-15 1.202508164803882e-15
1270.39774 1.9667809522940002e-15 1.1979295920131533e-15
1270.407703 1.4737607022807408e-15 1.1791448321477732e-15
1270.417666 9.112621556042913e-16 1.1567152814790683e-15
1270.427629 1.394569608927842e-15 1.1754803639462466e-15
1270.437592 2.0884030622513956e-15 1.203419586111511e-15
1270.447555 1.735708515574948e-15 1.189803720982919e-15
1270.457518 1.4527359688984985e-15 1.1775786901363323e-15
1270.467481 2.2155054222220496e-15 1.2071216202550593e-15
1270.477444 2.2131708755455007e-15 1.2075205347822453e-15
1270.487407 1.7201723288690512e-15 1.1888422117525941e-15
1270.497371 1.7163373310688287e-15 1.1893010529015772e-15
1270.507334 2.480562784392381e-15 1.2206927640241012e-15
1270.517297 2.05996823771583e-15 1.2053247160283407e-15
1270.52726 2.1949136910393827e-15 1.2102127606271552e-15
1270.537223 1.5636911443629338e-15 1.1822341836654869e-15
1270.547186 2.048736597686484e-15 1.20086062991806e-15
1270.557149 1.4175540510100358e-15 1.1760062871345547e-15
1270.567112 1.901879504333588e-15 1.1944788919102758e-15
1270.577075 2.3171049576571387e-15 1.209994520392551e-15
1270.587038 3.57058241098069e-15 1.2622344349100925e-15
1270.597001 2.3802378643041416e-15 1.2134174932525078e-15
1270.606965 2.725270866503919e-15 1.2280869936120974e-15
1270.616928 1.883844319827471e-15 1.1958053274345285e-15
1270.626891 1.1794497731510204e-15 1.1706576125323749e-15
1270.636854 6.835552264744706e-16 1.1524086145544036e-15
1270.646817 1.4444906797980238e-15 1.1852895469499425e-15
1270.65678 1.5776961331215757e-15 1.190416403608754e-15
1270.666743 1.7398355864451264e-15 1.2285968171109674e-15
1270.676706 1.6470610397686762e-15 1.2570091912602708e-15
1270.686669 1.828066493092227e-15 1.2976260244307681e-15
1270.696632 1.8278119464157786e-15 1.331025724597087e-15
1270.706595 2.0513573997392278e-15 1.3750503253652937e-15
1270.716559 2.0490144019390064e-15 1.3745628625461987e-15
1270.726522 1.3164798552625578e-15 1.3383036786502533e-15
1270.736485 1.5861853085861103e-15 1.350039457823363e-15
1270.746448 1.7652107619095585e-15 1.3569641131360843e-15
1270.756411 1.4879562152331128e-15 1.3446827333764646e-15
1270.766374 1.1188976685566627e-15 1.3288308002703732e-15
1270.776337 1.8465631218802153e-15 1.3662876221750676e-15
1270.7863 1.3895885752037675e-15 1.3481155449355224e-15
1270.796263 1.2964140285273168e-15 1.3450056215924155e-15
1270.806226 6.556054818508677e-16 1.3156952425433482e-15
1270.816189 1.2915609351744194e-15 1.3460726732312783e-15
1270.826153 1.2870259373740957e-15 1.3444474990252314e-15
1270.836116 1.0085413906976459e-15 1.3308405781685498e-15
1270.846079 1.9155668440211974e-15 1.3684387195694222e-15
1270.856042 3.00600629734475e-15 1.4172404559647596e-15
1270.866005 2.7275117506681996e-15 1.404263211850542e-15
1270.875968 2.6308092039917513e-15 1.4018357364541683e-15
1270.885931 2.8992046573153046e-15 1.4145267638672663e-15
1270.895894 1.7081901106388549e-15 1.3649075210193548e-15
1270.905857 1.1548955639624064e-15 1.341656886189312e-15
1270.91582 1.9709610172859578e-15 1.3759563801097767e-15
1270.925784 2.0580540194856355e-15 1.3801422993636562e-15
1270.935747 2.5884594728091853e-15 1.4605620369608406e-15
1270.94571 2.511740926132738e-15 1.5061411521870053e-15
1270.955673 2.7787263794562894e-15 1.573610478485702e-15
1270.965636 1.7493258327798389e-15 1.5785530831431678e-15
1270.975599 2.107631286103288e-15 1.649279913271486e-15
1270.985562 1.0504007394268402e-15 1.5929721438892773e-15
1270.995525 9.133181927503919e-16 1.5872236603327207e-15
1271.005488 6.455836460739441e-16 1.573411021222109e-15
1271.015451 3.780010993974957e-16 1.5570662587337764e-15
1271.025414 3.7366655272104656e-16 1.5570859361319785e-15
1271.035378 2.37811554920719e-16 1.5490423524033162e-15
1271.045341 3.6554700824427443e-16 1.5570841472775963e-15
1271.055304 4.93312461567826e-16 1.5643218521071678e-15
1271.065267 1.1472919148913764e-15 1.603767880084646e-15
1271.07523 7.476873682149275e-16 1.5835672419759129e-15
1271.085193 1.4004688215384806e-15 1.6214113508543103e-15
1271.095156 1.0012202748619281e-15 1.5976392649719148e-15
1271.105119 1.7862457281854812e-15 1.6357651184154769e-15
1271.115082 1.123413181509031e-15 1.5971043975116969e-15
1271.125045 5.920626348325823e-16 1.56557583902895e-15
1271.135008 9.829680881561353e-16 1.5862317405779022e-15
1271.144972 1.2420790903558102e-15 1.598954072942685e-15
1271.154935 1.84886543679362e-16 1.5466774869103124e-15
1271.164898 8.385699970029136e-16 1.5853408910956658e-15
1271.174861 1.6243014503264659e-15 1.6310273375847506e-15
1271.184824 1.7513069036500186e-15 1.6376040607201729e-15
1271.194787 1.8789143569735702e-15 1.6482146504870048e-15
1271.20475 2.5348816257367807e-15 1.6825552880582559e-15
1271.214713 2.400373283950098e-15 1.6756431547262084e-15
1271.224676 1.4756049421634144e-15 1.6218531978866644e-15
1271.234639 8.139126003767294e-16 1.5880366946493396e-15
1271.244602 2.257966258590045e-15 1.6599987287284288e-15
1271.254566 5.414594496406289e-16 1.5554625507803138e-15
1271.264529 7.983391078539446e-16 1.5688834307812677e-15
1271.274492 1.9779187660672608e-15 1.6361407778356969e-15
1271.284455 2.763002424280575e-15 1.6763354413720423e-15
1271.294418 1.4418640824938893e-15 1.6115994845690414e-15
1271.304381 2.225763740707207e-15 1.6667677537099165e-15
1271.314344 2.748009398920524e-15 1.6933367134185688e-15
1271.324307 2.612035057133733e-15 1.6853655782923777e-15
1271.33427 1.2915207153470483e-15 1.6137085438854194e-15
1271.344233 1.6813103735603608e-15 1.6353366877909882e-15
1271.354196 1.4149120317736792e-15 1.619697628356355e-15
1271.36416 9.391522282426229e-17 1.5484842298361324e-15
1271.374123 8.77208810375789e-17 1.5489949477621934e-15
1271.384086 6.0845853925089285e-16 1.5796621728600074e-15
1271.394049 6.030041974642072e-16 1.5794904428393355e-15
1271.404012 1.1244258556775258e-15 1.6098705568088387e-15
1271.413975 1.386013513890841e-15 1.6263468000942482e-15
1271.423938 3.415391721041561e-16 1.5663352077141087e-15
1271.433901 4.924528303173665e-16 1.573889539769294e-15
1271.443864 5.456184885306833e-16 1.5791738156137216e-15
1271.453827 7.331501467439968e-16 1.5937377735647732e-15
1271.46379 7.854458049573109e-16 1.6004763880217666e-15
1271.473754 1.943810996007896e-15 1.6744321003095945e-15
1271.483717 1.0536726542212128e-15 1.6280014903975977e-15
1271.49368 3.0741831243452896e-16 1.5926385225470343e-15
1271.503643 6.809839706478437e-16 1.617578730340876e-15
1271.513606 1.3314596288611576e-15 1.660244696205954e-15
1271.523569 9.852852870744754e-16 1.6451440819403022e-15
1271.533532 2.7730549452877893e-15 1.7515728678245733e-15
1271.543495 3.831520603501107e-15 1.8139994136204124e-15
1271.553458 3.6488062617143155e-15 1.809248216381821e-15
1271.563421 3.3529719199276324e-15 1.7933292012364046e-15
1271.573385 2.690809110978322e-15 1.7592908800557114e-15
1271.583348 1.2199967691916376e-15 1.6770330945810226e-15
1271.593311 6.636424274048459e-16 1.647854196329032e-15
1271.603274 8.498880856181621e-16 1.6545185733291727e-15
1271.613237 1.6555337438314805e-15 1.699974257602979e-15
1271.6232 2.890347402044795e-15 1.7664069427873069e-15
1271.633163 4.3392510602581084e-15 1.847311459922013e-15
1271.643126 3.4535447184714255e-15 1.7933059461294385e-15
1271.653089 2.85519437668474e-15 1.7592908800557118e-15
1271.663052 3.0397000348979483e-15 1.7704086100398404e-15
1271.673015 3.673205693111263e-15 1.8025033409344903e-15
1271.682979 2.6395108841619544e-15 1.755358978124076e-15
1271.692942 3.56054854237527e-15 1.814871480131637e-15
1271.702905 4.47395020058848e-15 1.8724412862803468e-15
1271.712868 3.321503858801797e-15 1.8139573755424354e-15
1271.722831 3.5115495170151138e-15 1.8246726132906142e-15
1271.732794 3.58103517522843e-15 1.8245411324935373e-15
1271.742757 2.7509008334417446e-15 1.7776489981509848e-15
1271.75272 1.0970904916550583e-15 1.6814953918369206e-15
1271.762683 7.546701498683755e-16 1.659157967168889e-15
1271.772646 -1.5981441919183082e-15 1.5304051730244511e-15
1271.782609 -1.7088365337050992e-15 1.5272263787876374e-15
1271.792573 -1.18971334265441e-15 1.5661393281592798e-15
1271.802536 1.8688315558906198e-17 1.6510070521773069e-15
1271.812499 -2.0863602622777848e-16 1.6421808446565195e-15
1271.822462 -2.610263680145697e-16 1.648895309579356e-15
1271.832425 -1.105188709801254e-15 1.5987590878150465e-15
1271.842388 -9.235810515879373e-16 1.6127711841892513e-15
1271.852351 -1.6290593933746245e-15 1.5675113794702736e-15
1271.862314 -1.234219735161306e-15 1.6005685140224396e-15
1271.872277 -7.393760769479907e-16 1.637688136876127e-15
1271.88224 1.237355812653265e-16 1.701529666488128e-15
1271.892203 -5.750607605214672e-16 1.6537171665660363e-15
1271.902167 -1.3857475694707782e-15 1.5941241661112851e-15
1271.91213 -9.664879112574609e-16 1.6161467524080851e-15
1271.922093 -1.1816382530441443e-15 1.595108930448576e-15
1271.932056 -1.2181345948309352e-15 1.5916627024816535e-15
1271.942019 -5.836269366176194e-16 1.6318466328917068e-15
1271.951982 3.6362072159569605e-16 1.6998660319128683e-15
1271.961945 -4.907936201909883e-16 1.63843319472623e-15
1271.971908 -8.759059619776731e-16 1.6035138627624023e-15
1271.981871 -9.938383037643566e-16 1.5867156256882327e-15
1271.991834 -1.366994645551042e-15 1.5600813727946372e-15
1272.001797 -2.1839109873377256e-15 1.499567112333156e-15
1272.011761 -1.4037257962871413e-15 1.5516209859949691e-15
1272.021724 -4.756081380738259e-16 1.6183139494918779e-15
1272.031687 -1.0496247986051083e-16 1.6437747139108813e-15
1272.04165 -7.490748216471961e-16 1.5958003226672191e-15
1272.051613 1.8982683656601427e-16 1.661446806350658e-15
