igrins/spectra/eg_uma_H_20190319_smoothed.ecsv
# %ECSV 0.9
# ---
# datatype:
# - name: WAVELENGTH
#   unit: um
#   datatype: float64
# - name: FLUX
#   datatype: float64
# - name: ERROR
#   datatype: float64
# schema: astropy-2.0
WAVELENGTH FLUX ERROR
[from data line 14074]
1.5810506425113826 370650.08753472695 1901.6907307251372
1.5810621314259148 367925.9343851557 2288.307279161896
1.58107361876698 366737.6845909747 1404.4267719597183
1.5810851045351573 366694.4512656098 1108.3892677904578
1.5810965887310238 366174.47474290064 962.7140062908527
1.581108071355158 365586.4910232866 2035.3593801168167
1.5811195524081372 364523.133330303 2628.689405364912
1.58113103189054 362598.2970641628 2731.7453977881887
1.5811425098029441 362421.97809716006 2234.1665578364496
1.5811539861459285 362991.8177822572 1866.5442558186626
1.5811654609200705 365940.34698253905 1455.8716803537202
1.5811769341259474 365636.03925008344 1317.3408375096633
1.5811884057641383 365523.99168701854 2749.934817400591
1.5811998758352215 364561.64941202453 2991.2983252371655
1.5812113443397737 366002.7265305376 3374.43417137935
1.5812228112783746 366218.8098373135 2914.6461389105743
1.581234276651601 367524.1532997939 4545.156338269367
1.581245740460032 368329.57527594 5157.833293082259
1.5812572027042449 370977.47636488016 5258.299363375796
1.581268663384818 372760.1709709113 4552.93528130989
1.5812801225023294 373779.971148198 3884.4482595009586
1.5812915800573575 375507.05917469715 3080.267985623098
1.58130303605048 377449.0180736567 4026.728685569391
1.581314490482276 377785.01655318233 3777.8843123474526
1.581325943353322 377129.8093798636 4370.256684941891
1.5813373946641978 375690.2694411142 3951.7789090491165
1.58134884441548 376912.04436649743 4383.262275073226
1.5813602926077481 378898.97916212934 4412.3645383662115
1.5813717392415794 380064.32841689826 4039.865780406352
1.5813831843175519 379552.2093425186 5143.436097464428
1.5813946278362447 377903.72807117115 5483.310353575907
1.5814060697982355 378364.6338861517 6366.431712756467
1.581417510204102 379584.4843508946 5732.450058532833
1.5814289490544229 383108.0938918878 4240.196733865662
1.5814403863497761 383477.7708575618 1942.3581193186496
1.58145182209074 381081.33132750844 550.5034351414856
1.5814632562778934 378005.68009989837 872.0882388267712
1.5814746889118134 381633.69608709996 1823.385823683755
1.5814861199930783 392859.13040024624 3509.821227680375
1.5814975495222672 399055.1395192361 3071.116551548279
1.5815089774999576 399099.87182585546 3577.991365544514
1.5815204039267279 392893.1782821234 2081.312662119823
1.5815318288031563 390208.0529656634 2593.142240848623
1.581543252129821 389651.30708693975 1128.6463050305347
1.5815546739072999 391493.155352721 1155.901530784278
1.5815660941361724 392730.44179851253 1854.7788365148385
1.581577512817016 391391.99041937204 2986.399960866139
1.5815889299504085 390790.6166452798 5152.428737222366
1.5816003455369294 389672.202565241 3845.6509364388403
1.5816117595771555 390789.3859038907 4540.156773758423
1.5816231720716658 390269.8946845863 3511.816100738733
1.581634583021039 390671.9534660433 3484.2402163233905
1.5816459924258524 391806.86477720167 2844.2937622940817
1.5816574002866857 392405.21146780055 2969.721339901994
1.5816688066041154 391560.28244113724 3223.2184533726745
1.5816802113787205 389781.2358890999 2020.853590803942
1.5816916146110809 387703.4644558969 999.0057007529758
1.5817030163017725 388113.2752149575 1159.9617309742616
1.5817144164513752 388258.4502038556 2469.8167535398616
1.5817258150604667 387055.3707265301 2875.9460355506017
1.5817372121296256 385625.3211241546 3204.374790195399
1.5817486076594296 383912.3783046253 1857.1002278405806
1.5817600016504576 384688.5917527929 2067.0567349197827
1.5817713941032883 384540.54592941934 1757.1303921626293
1.5817827850184996 385462.7944301221 2103.3780937360752
1.5817941743966697 384392.58783206035 1867.1077671498842
1.5818055622383775 385460.99804088584 2805.541405277353
1.5818169485442009 384977.96534975065 3181.7674512586937
1.5818283333147176 383474.9479979869 3266.8737763476
1.5818397165505076 381748.8781251402 1929.6816671933482
1.5818510982521485 381233.88185021095 1390.4807759177527
1.5818624784202184 381716.9107917059 1438.615930964017
1.5818738570552962 381524.63530340034 2126.718826223765
1.58188523415796 381867.6119288575 2208.097863513286
1.5818966097287883 382772.5377720789 1958.1016538025003
1.581907983768359 381567.1159100218 1523.0028622082855
1.5819193562772522 379465.3241980724 1834.8962995310221
1.5819307272560443 377596.93992320425 2258.701072083212
1.5819420967053146 375310.14729620796 3091.7659982851515
1.5819534646256423 371666.3218776288 3616.6164818313637
1.5819648310176038 371477.8975547546 2683.4213407319444
1.58197619588178 376406.95215068245 2161.52923252259
1.581987559218748 384436.1179877059 2154.1372712932707
1.5819989210290855 387341.7154920195 3208.680207462882
1.5820102813133727 383896.4296930769 3942.057400031251
1.5820216400721872 376544.47567987343 2961.138422957642
1.582032997306108 372193.9325056605 1942.219336907472
1.582044353015713 370558.3243645759 1840.7777927740394
1.5820557072015804 370010.74939922587 2750.9231646086773
1.5820670598642899 368314.24019775295 3433.435270480627
1.5820784110044182 365763.21333411545 2881.660265096822
1.582089760622546 364243.6984652154 2241.9500256367755
1.5821011087192498 364058.7529995267 3227.2367858957405
1.5821124552951094 363034.9520806322 2750.2899241014275
1.582123800350703 362298.5820503836 4869.424853452986
1.5821351438866087 359532.0361418805 3767.067976523457
1.5821464859034056 359671.2588270492 5209.094469366302
1.5821578264016718 359915.7599506477 4077.727008462519
1.5821691653819865 361790.6649990308 4970.607478553513
1.5821805028449278 363047.9450967654 5068.014141186277
1.582191838791074 364713.8549707259 4651.161859669908
1.5822031732210047 365874.6736083311 3967.5403477311793
1.5822145061352968 364802.27714237105 2334.5544850317397
1.5822258375345302 363769.2839714078 2696.270292010594
1.5822371674192837 362702.39271254925 1778.235415070848
1.5822484957901342 362756.07658190327 2553.1068648524733
1.5822598226476623 363443.0202040912 3519.65066391046
1.582271147992445 364894.4421868971 4146.6692116268105
1.5822824718250617 365348.51670536865 4164.114122454978
1.5822937941460915 365691.94316916226 2027.1564351311454
1.5823051149561116 366122.8936522716 2196.6020483855386
1.582316434255702 369154.5978420537 4093.9511365390963
1.5823277520454406 370963.96440080303 6650.670761372176
1.5823390683259062 372595.0804094271 7763.428834345179
1.5823503830976773 373936.7645531056 6371.501201542702
1.5823616963613327 374709.5417931038 5175.474257379148
1.5823730081174514 375243.1852549466 4316.714769516515
1.582384318366611 373200.62440648454 3565.4985708824315
1.5823956271093913 372835.2168711541 3998.443185045263
1.5824069343463707 372523.6904972311 4385.797403883882
1.5824182400781275 374919.8443464545 4756.913246698351
1.5824295443052407 376536.0364012173 2961.022012309868
1.5824408470282887 377504.0188354682 2214.0114425672646
1.5824521482478504 376708.9808635692 1428.7261985201771
1.5824634479645043 374963.823679046 1927.30539176093
1.5824747461788295 377877.73423007235 1652.4474110995081
1.582486042891404 384138.82594810345 1717.9751892927757
1.5824973381028076 389574.4816353835 2720.4767170078644
1.582508631813618 389348.2989323521 2795.353282493179
1.5825199240244145 383776.77396060515 3225.8348341445
1.5825312147357757 379318.6026869904 2769.1975384661228
1.5825425039482797 376689.07949378283 3954.6891280786213
1.5825537916625068 376804.62549541506 5282.689268916851
1.5825650778790339 376869.7273312694 4433.684104987803
1.5825763625984413 375184.01318414585 2875.2926741044603
1.5825876458213066 374118.83184005285 3176.734144172166
1.5825989275482089 372166.39048021706 3552.204957493788
1.5826102077797275 371302.54331216594 4328.3952052135255
1.5826214865164407 369345.19377981964 2251.0097064695865
1.5826327637589275 368747.5471071886 2106.5578396439337
1.582644039507766 368709.1921269134 2798.4195190796036
1.5826553137635364 369015.92423791654 4390.468755752156
1.5826665865268164 369194.53111710097 4377.801705451879
1.5826778577981844 369063.68742785876 3236.1997079881985
1.5826891275782207 370049.62775463937 2637.954300046601
1.582700395867503 369955.1404921071 2043.4512491463422
1.5827116626666098 369927.35028672975 1789.84672810413
1.5827229279761217 368958.3696129328 520.2874704255345
1.5827341917966156 369790.3602591594 3051.792090275841
1.5827454541286714 370457.2625412965 5366.182336501722
1.5827567149728676 372303.5391812103 6216.459018207444
1.582767974329783 374361.8611103861 3851.648606868806
1.5827792321999967 374134.73025310214 1288.1913424301533
1.582790488584087 371857.438480131 995.7197924304368
1.5828017434826338 370250.21736099187 1783.004367026178
1.582812996896215 370989.2315962112 1660.02324110207
1.5828242488254096 372917.3620146469 2399.0790420265544
1.5828354992707974 373221.8098772889 1837.3990027119387
1.5828467482329562 375431.54414079356 3051.2368351807563
1.5828579957124653 376424.22893582773 3825.4023008009126
1.5828692417099037 378281.3043195213 4351.37953440249
1.5828804862258499 379231.351282586 4529.602094863684
1.5828917292608837 378905.6657364871 3110.763718972282
1.5829029708155833 378012.86296515743 3195.447092403343
1.5829142108905274 376495.08242318017 3230.53961193325
1.5829254494862954 376932.8044067769 3223.684797413238
1.5829366866034664 377940.15395786846 4260.656837666187
1.5829479222426188 377139.2267535062 5396.262218189831
1.5829591564043317 376086.95703047956 5309.735839943152
1.5829703890891849 374858.95705770893 4604.175845995301
1.582981620297756 377419.87782927 2805.859011694002
1.5829928500306245 382256.1854938333 4450.381265232486
1.5830040782883708 386572.21033892804 5256.525984320828
1.583015305071571 387308.5876273507 7492.219697899843
1.5830265303808058 384658.82367481 7886.9631090183775
1.5830377542166547 382384.6139872971 7809.972483446867
1.5830489765796951 380520.5620061852 5088.48706089239
1.5830601974705079 381022.88667950034 4005.5485022665343
1.5830714168896707 378384.5606127577 4036.2051708711124
1.5830826348377625 376847.5615262869 4714.281824123102
1.5830938513153632 374750.6964859107 5678.607292593993
1.583105066323051 376688.109499158 5044.908599377181
1.5831162798614058 377346.0163804991 4323.214182684685
1.5831274919310057 379099.17250814737 2777.310938016515
1.5831387025324306 378508.69684598845 2813.8038340848925
1.5831499116662586 378223.77396096475 4000.538545021096
1.5831611193330692 377288.31314566045 3209.1889663200586
1.583172325533442 377207.6458203179 2841.184518597814
1.583183530267955 377573.60337896843 1473.4503499808877
1.5831947335371883 378212.7735875341 1427.7937605469078
1.5832059353417205 379868.3235984818 1116.7786740163074
1.58321713568213 380378.1534060795 1436.5932530552961
1.5832283345589973 381110.04291874694 1770.7171454905447
1.5832395319729002 381924.88794701366 3062.5986778203796
1.5832507279244188 384753.9244619598 3211.800460930314
1.5832619224141316 384888.061775476 5001.587664297907
1.583273115442618 383459.1255261408 4407.557503783009
1.583284307010457 386882.11945662287 4584.075181304966
1.5832954971182274 389476.7022892829 4600.245565911286
1.5833066857665086 392746.21405051753 7078.692443762333
1.58331787295588 387196.93189391633 9969.429728153184
1.58332905868692 384263.2138560455 11214.649741911411
1.5833402429602086 380441.2251496223 10667.094954157961
1.5833514257763244 379079.71457826276 12795.783623521216
1.5833626071358464 378131.3225181507 14497.845438039378
1.5833737870393545 377270.305192416 17968.423248145657
1.5833849654874272 375390.82115511183 20779.530964133075
1.5833961424806444 372264.4730484573 21992.98965068825
1.5834073180195838 367776.5845245882 22418.564616380543
1.5834184921048258 364678.63793731504 21219.97229875085
1.5834296647369501 361125.3519259988 22037.764741829014
1.5834408359165346 360630.1291558171 22819.948027607326
1.5834520056441592 358668.2820869857 24294.704720855138
1.5834631739204026 358084.1944815173 25403.202028410255
1.5834743407458443 354687.409864243 27337.262330834405
1.5834855061210642 353798.6706506675 29375.89248359815
1.58349667004664 355211.88438603585 31902.23069461821
1.5835078325231526 359416.32793404907 33498.06452570934
1.5835189935511802 364620.162615324 32019.65262510329
1.5835301531313022 368480.11124703323 29902.564893757386
1.5835413112640975 370567.95909457235 28262.493876850414
1.583552467950146 370009.7713182032 29335.505287060158
1.583563623190027 365735.27058490284 32029.99863376214
1.5835747769843196 362938.24857015605 34121.990816313744
1.5835859293336023 361321.1690957106 35459.52856182231
1.5835970802384558 365778.4991563522 34382.44176260029
1.5836082296994576 369122.7330717857 31901.910530608773
1.5836193777171883 371786.12109002745 30473.78069665188
1.5836305242922273 370698.77425070165 32555.398766167913
1.5836416694251534 371944.3488444345 33692.314086091545
1.5836528131165457 373471.56303014 33395.615928419094
1.5836639553669836 374989.4763268961 30558.635826138147
1.5836750961770465 373741.26816158474 30254.82718749912
1.5836862355473142 375198.99022756395 30566.00714393837
1.583697373478365 376004.993769674 30220.58349748066
1.5837085099707795 375097.78084262414 29835.748220094218
1.5837196450251365 372270.1721214364 29395.762558327704
1.5837307786420145 370559.7546060218 29945.723794929407
1.5837419108219941 370548.9656682176 28181.827368422477
1.5837530415656538 370558.4241465271 27289.025410043534
1.5837641708735732 371933.9798723297 27077.14327809735
1.583775298746332 373585.6125684447 28050.108984441125
1.583786425184509 376799.52976543293 28107.731822017213
1.5837975501886845 378306.19535429357 25965.55718011581
1.5838086737594361 378699.4357530515 25360.142984742284
1.5838197958973452 378668.8027587335 23347.36201969881
1.58383091660299 377849.49966012524 23161.059167300933
1.58384203587695 379431.9964749067 21606.204528521765
1.5838531537198055 379443.75471579074 21648.957315694424
1.583864270132135 380849.96964548726 21793.93943640671
1.5838753851145178 380216.06853790756 22262.25495357528
1.583886498667534 378048.2428211246 22881.48041152103
1.583897610791762 374576.04093370575 22751.199795829656
1.5839087214877832 372239.96216441423 22176.881364226065
1.5839198307561746 370903.3788565456 21052.770128297423
1.583930938597517 370520.0362388586 18672.50167762157
1.58394204501239 367666.9417823956 16424.468100852282
1.5839531500013724 363068.1939097702 13277.244746075656
1.5839642535650444 358987.5877879128 12528.521563443192
1.5839753557039846 357364.06148059847 11989.824593838624
1.583986456418773 358580.6193680567 13513.86591865445
1.5839975557099888 358442.4048137042 13606.129598734136
1.5840086535782116 358201.04463232553 13316.819179827198
1.5840197500240214 357476.8970028737 11136.432196919133
1.5840308450479965 358446.97385144926 10977.77462337898
1.5840419386507179 359910.17318205145 12291.05728744363
1.584053030832764 360703.3818738182 13559.714938869824
1.5840641215947147 362824.3285983412 12471.847091370975
1.5840752109371492 364103.5164791068 10679.106435963527
1.5840862988606477 365177.4851705863 9972.30313353696
1.584097385365789 362527.03636359144 7330.337581282317
1.584108470453153 361372.8056869241 5774.197216712464
1.5841195541233195 359465.4828924133 1287.258065450944
1.584130636376867 nan nan
1.5841417172143761 nan nan
1.584152796636426 370364.3395266742 4137.5791015625
1.5841638746435964 368693.3762712299 4204.048828125
1.584174951236467 368866.5539344758 4264.8525390625
1.584186026415617 368681.4700454208 4375.257649739583
1.584197100181626 369871.52468964056 4417.815755208333
1.5842081725350734 368950.10979319934 4381.2412109375
1.5842192434765396 368912.17228756764 4271.013997395833
1.5842303130066033 368859.43866249424 4196.656087239583
1.5842413811258451 369271.0464345647 4142.707356770833
1.5842524478348436 370597.09329053847 4129.639485677083
1.5842635131341782 370822.849191654 4127.10107421875
1.5842745770244298 373411.5240760407 4191.678385416666
1.5842856395061768 372035.0214495191 4274.841959635416
1.5842967005800004 371376.70972761116 4343.84326171875
