igrins/spectra/eg_uma_H_20190319.ecsv
# %ECSV 0.9
# ---
# datatype:
# - name: WAVELENGTH
#   unit: um
#   datatype: float64
# - name: FLUX
#   datatype: float64
# - name: ERROR
#   datatype: float64
# schema: astropy-2.0
WAVELENGTH FLUX ERROR
[from data line 11304]
1.5498868396495196 386310.9072650511 4691.65798752537
1.549898783738445 389444.034754007 3445.3200076235453
1.54991072604079 386475.60113397025 210.00702072478683
1.54992266655715 383162.52896264015 1676.008368804313
1.549934605288121 383677.4586523829 2907.7557570068725
1.5499465422343002 386155.30265506456 2054.9973520160297
1.5499584773962825 385068.10230970004 3623.4273058112412
1.5499704107746641 385589.77995165234 323.8368530608711
1.5499823423700414 385106.7590251904 4056.0757546670407
1.5499942721830104 386155.2727013763 2655.880216325123
1.5500062002141677 386000.6690903826 751.8565210761616
1.5500181264641084 385157.2852873834 322.212819683849
1.5500300509334282 387266.79108322214 153.22575141960124
1.5500419736227247 385317.10618850915 4563.570713294992
1.550053894532592 388594.29486544925 1239.2034841222492
1.5500658136636272 385383.9093639883 1183.2936061143366
1.5500777310164255 383581.2795679544 6081.212068835753
1.5500896465915837 388297.67588886234 3843.7816832470676
1.550101560389697 386464.0242489978 2107.169039026302
1.5501134724113617 385125.30370405636 1806.2455092411878
1.550125382657173 384884.44719929615 2571.417786940865
1.5501372911277276 388950.0665454213 8653.805773073207
1.5501491978236204 388447.6250148421 1857.8369096450872
1.5501611027454478 389204.3344209217 1259.9166846807327
1.550173005893805 389354.4915814625 1196.250930124873
1.5501849072692888 387769.0642614322 2020.8583475036626
1.5501968068724943 390875.68860410247 321.5357376606767
1.5502087047040167 390972.3816021302 4702.902658247686
1.5502206007644528 390493.4754094656 1773.9501143214973
1.5502324950543975 391387.1424084497 1039.168675799039
1.5502443875744476 393018.8362866979 1134.561749622646
1.550256278325197 391669.4308339319 1591.0884732304858
1.5502681673072425 394058.90903690626 731.347240943525
1.5502800545211792 393888.44032758684 4405.674029615722
1.5502919399676034 396763.2742381802 4554.965449993829
1.5503038236471105 394585.73067024624 622.6852267090251
1.550315705560295 394632.5984619503 367.5625505186018
1.5503275857077536 395061.21664410405 837.0406611071188
1.550339464090082 394927.1539872883 1601.0525643316482
1.5503513407078746 391805.6555322601 6080.837025255082
1.5503632155617284 394337.6683232014 1395.8725155351558
1.5503750886522372 396139.29813711427 402.85572782326375
1.550386959979997 391477.11060536053 301.27709840835894
1.5503988295456046 389962.90525125695 4288.096411711821
1.5504106973496539 389379.1533161023 1615.3352827780193
1.5504225633927409 387994.55297236296 1529.8372869467094
1.5504344276754605 384705.7623658621 683.0315210112782
1.5504462901984084 383493.64185943094 244.27794643217374
1.5504581509621809 384055.50681114517 1044.729942140762
1.5504700099673716 385767.3632883278 2627.792621033006
1.5504818672145773 382281.8767556474 3095.865266639843
1.550493722704392 379355.5759295933 2788.324173044499
1.550505576437412 379512.9888899713 854.5019127408999
1.5505174284142325 380349.9809135226 1615.9971301363175
1.550529278635448 378955.19540891144 705.968281610762
1.5505411271016547 383893.6854348493 1368.3910952308238
1.5505529738134474 383749.8728599422 1947.3878923065636
1.5505648187714216 383112.9382240453 599.5465666346557
1.5505766619761714 381293.5121816273 2522.4454332785194
1.5505885034282931 380839.0985561691 2842.1855086139826
1.5506003431283815 382584.61946936615 184.88773163291978
1.5506121810770312 380337.0678841864 762.2651622593762
1.5506240172748382 377837.40469224344 3792.6421406361005
1.5506358517223977 380760.1744351584 4622.544574759572
1.5506476844203037 378912.4548599446 2663.724275017861
1.550659515369152 379243.65111739 1869.09568725282
1.5506713445695377 380002.37965615955 1840.1635597107877
1.5506831720220555 378053.6253816716 827.6240917064395
1.550694997727301 380135.04754775873 1547.5913226442638
1.5507068216858677 378690.2763215786 3805.1453263290077
1.5507186438983522 377565.17055020604 1668.1825838914103
1.5507304643653492 381947.08509095805 1460.4252501477067
1.5507422830874529 379628.89277248597 1151.0950827928575
1.5507541000652592 382411.4830813079 3281.0043589217385
1.5507659152993618 382528.41005371494 1890.0773242843702
1.5507777287903564 384984.24521575245 769.6691010329728
1.5507895405388383 384594.0931369421 2968.5893374679004
1.5508013505454012 381548.0423122231 547.869336286636
1.5508131588106406 385878.7034510946 1210.8818040011915
1.550824965335151 389545.94807430124 907.535911277897
1.5508367701195276 388932.72849660914 2127.4054614207125
1.5508485731643653 388000.3664713192 4733.177088084612
1.5508603744702583 388110.52219578123 5630.551131888237
1.5508721740378018 390247.6668380604 4483.901697873442
1.55088397186759 391382.8568811647 593.531998729798
1.550895767960218 391123.50988358323 1239.6610040378532
1.550907562316281 393034.81627512607 760.9680008382497
1.5509193549363725 394653.3562106072 3887.574591060366
1.550931145821088 394531.2155159506 3186.9617280596726
1.550942934971022 391244.5317355357 3621.958927844129
1.550954722386769 390703.3622142318 991.0208747253234
1.5509665080689237 388649.237612102 680.2169419506123
1.5509782920180806 389696.0234241743 3313.541783385092
1.5509900742348346 391572.6391893352 3098.9771309488874
1.5510018547197795 390174.9215504536 37.513462507226265
1.5510136334735103 387126.03328378295 187.9807728138532
1.551025410496622 386609.07993428025 71.8774033679457
1.5510371857897083 384592.7161636313 160.3242892115286
1.5510489593533645 382788.518813787 3097.5363599071607
1.5510607311881843 382877.475835292 1052.6524820224897
1.5510725012947624 386812.69766354875 1192.4920828046597
1.5510842696736935 384187.9341611662 1753.2273403427316
1.5510960363255715 381358.664239597 1425.103040421373
1.5511078012509913 379458.0502216285 867.9394692934205
1.551119564450547 378364.3398856042 398.2385400999615
1.5511313259248332 376794.0728797704 2833.9747161295627
1.5511430856744435 376290.617790546 4979.252576261011
1.5511548436999736 379000.952032185 2751.8232889056117
1.5511666000020163 379086.8086638787 2928.6447095849853
1.5511783545811677 376294.8043289307 2845.806814746846
1.55119010743802 374135.1751055109 2684.052356406852
1.5512018585731688 370977.2983505215 2898.8323015586866
1.5512136079872076 372482.83831611206 4362.373648210412
1.5512253556807316 373273.11113140837 15.865814815175263
1.5512371016543343 371611.4389675388 1146.4667356751925
1.5512488459086098 369461.4935627009 2897.128659308366
1.5512605884441528 368434.4998182031 554.6244655370236
1.5512723292615567 363947.0063635705 549.3955708839846
1.551284068361416 364277.8349535673 4815.324387025474
1.5512958057443254 366395.64693416376 520.7673604165744
1.551307541410878 362416.4537497465 3076.6656357511524
1.5513192753616685 360400.9304022732 1261.856280657644
1.5513310075972908 362003.07020274224 4684.653604859941
1.5513427381183398 363214.259239816 1945.6679172343645
1.5513544669254078 358760.8060886524 593.792146630812
1.5513661940190897 360052.6945465517 1138.0425872858905
1.5513779193999797 362553.6123481898 1733.2194171602052
1.5513896430686716 361878.80031145096 4447.639085989196
1.5514013650257592 367920.774392002 2980.0897996805625
1.551413085271837 367845.1275318813 467.0273405835974
1.5514248038074987 368000.6545402552 2344.7496873732357
1.5514365206333376 365877.88204031356 1310.1632396703287
1.5514482357499477 365885.71332640183 6050.85984540409
1.5514599491579233 372403.7087460921 1948.8772616960687
1.551471660857859 374165.51312970987 1967.6504591510804
1.5514833708503468 369566.8067308427 1090.494599908485
1.551495079135982 373527.9393388581 2812.0267694672807
1.5515067857153575 372600.23269475705 4270.003612186726
1.5515184905890682 376279.99205470545 224.59055009255974
1.5515301937577068 377046.31878106866 1989.3481048578199
1.5515418952218671 377653.38774682337 1522.4554898758356
1.5515535949821437 377429.29391208803 257.69245324791194
1.5515652930391293 376304.14681539277 970.4253013869883
1.551576989393418 374775.21788866 2091.8753832384155
1.551588684045604 374018.94019482424 296.9409642640037
1.55160037699628 375582.87586564914 1088.2362125390055
1.5516120682460408 380567.64351805346 4558.377453530685
1.5516237577954786 378551.82938144857 1184.2914262739603
1.551635445645188 377985.1846683828 269.0470928871923
1.5516471317957627 378050.3809590936 801.3563226421214
1.5516588162477958 378913.343641845 1549.1946229986772
1.5516704990018808 378469.66010417347 545.3730225426291
1.551682180058612 381872.25210914394 3080.7982048179215
1.5516938594185814 382656.4742164979 3424.6329750693717
1.5517055370823842 388151.316961395 3021.99373183231
1.551717213050613 392849.0978662884 7922.223779947632
1.5517288873238615 390118.59853742353 34.660127476008604
1.5517405599027232 388636.8717238105 3100.6663924111676
1.5517522307877911 392093.59759082115 448.0153902254139
1.5517638999796592 391805.89905634307 4623.381477898961
1.5517755674789204 396071.70513986575 2694.1937521042382
1.551787233286168 398533.9142794272 2293.7629124462164
1.5517988974019967 397485.2368119156 1192.153015909948
1.5518105598269978 395134.3539140125 1418.779638887845
1.5518222205617662 392542.2991421333 2937.636180469606
1.5518338796068947 392910.93148365075 6158.777872288258
1.5518455369629767 392655.84962362394 6303.296241888932
1.5518571926306048 393148.0254416147 1380.286749108306
1.5518688466103732 391425.5867427504 641.4637156619721
1.5518804989028747 388506.7912917687 4668.927545025388
1.5518921495087021 392174.7047496532 3379.49207778202
1.5519037984284496 390641.0488476574 212.10100635105528
1.55191544566271 389921.0573949977 171.49147432565312
1.551927091212076 392128.054838192 482.55048145012233
1.551938735077141 393089.5508499607 1036.587544624494
1.5519503772584988 392240.86791664537 3192.199298444601
1.5519620177567413 390334.76363695774 2024.5722995323097
1.551973656572463 388723.46871672064 3242.952008782358
1.551985293706255 388872.9269699639 2017.9118128694145
1.5519969291587128 388668.83752512274 1296.746865828098
1.5520085629304279 389940.33621854486 8073.38665278393
1.5520201950219932 388211.89776419196 295.637065401827
1.5520318254340033 384821.3507830234 1593.3815302501346
1.5520434541670491 383003.0144538691 5614.339550265679
1.5520550812217249 382292.2933663501 2165.4276116617534
1.5520667065986236 387966.9508851699 1875.85677491971
1.5520783302983372 387618.9867869218 1566.6858553597926
1.55208995232146 383972.56781969283 1613.5451848108255
1.5521015726685836 380697.38137167797 832.9898510471311
1.5521131913403023 380372.9535853245 2747.875968784325
1.5521248083372075 380069.60336153617 3364.440331692092
1.5521364236598933 379256.78434840083 4055.6031985721006
1.5521480373089518 381586.37954924395 1562.0899079247179
1.5521596492849756 380993.6373385476 436.8885896827844
1.5521712595885586 379470.0397723167 1541.3100025678666
1.5521828682202925 378298.7995764852 882.786459363849
1.5521944751807701 379385.70544368244 284.7081995364462
1.5522060804705848 381620.7152992099 7261.208607628976
1.5522176840903295 382164.656582991 1048.894039757074
1.5522292860405964 380690.38588108623 3485.8528060475724
1.5522408863219779 381156.0299919768 488.4303514344788
1.552252484935067 382438.39431028825 2229.194205117606
1.5522640818804567 383921.91305120254 4610.183143617529
1.5522756771587394 383839.37210422946 63.20738205983653
1.5522872707705078 385044.49830999185 562.8284342786123
1.552298862716354 383645.0459037069 3028.28766266669
1.5523104529968708 380110.2333325154 71.45462981837115
1.552322041612652 381927.61612452084 260.39340794576526
1.5523336285642888 384652.7357564572 2310.05761585506
1.5523452138523735 387729.98017324193 192.52846548346963
1.5523567974774992 388577.0058488232 43.959967916251195
1.5523683794402587 389307.70679390116 3732.0088509800307
1.5523799597412449 389023.40878602373 3312.466662260697
1.5523915383810485 390164.56176711933 5476.8813294579395
1.5524031153602633 394218.5051891437 795.8774514650947
1.5524146906794818 393530.97313556523 412.39695423662226
1.5524262643392959 393695.5239193048 4410.9455023017545
1.5524378363402982 388193.0750982772 6213.976336239273
1.5524494066830812 394970.01175385126 1306.0180222162642
1.5524609753682368 399287.18287241086 408.4709500497851
1.5524725423963581 395961.44354943425 919.1046503556902
1.552484107768037 396137.1750854844 740.1157387653026
1.5524956714838656 397015.94155270996 3247.891192881323
1.5525072335444368 396552.0906416068 2461.342226068374
1.552518793950342 396751.07860754157 887.9124454024577
1.552530352702174 396962.9190011975 593.7702508606983
1.5525419098005255 394773.7359966511 769.5206588034653
1.5525534652459878 395494.1476096634 1176.3229792611876
1.5525650190391538 394553.2761086441 2280.7615602931182
1.5525765711806152 395330.98035121383 668.2773527266071
1.552588121670965 394593.22021955147 3421.915273895787
1.5525996705107943 395958.1192084186 1401.7073022902596
1.552611217700696 398129.18793986976 142.16368192110093
1.5526227632412617 399016.682244947 547.3075133815739
1.5526343071330837 399464.8940992366 1493.698132166773
1.5526458493767539 396096.2414134553 1681.6099802515423
1.552657389972865 395535.1597930342 869.8798312227151
1.552668928922009 398600.9124101048 7009.870315330835
1.552680466224777 398479.62709164096 6743.941914975918
1.552692001881762 395951.2222951333 1195.2744580820015
1.552703535893555 397585.8464423815 3102.253660048942
1.5527150682607493 395940.7695541946 174.08785630109736
1.5527265989839358 394564.2840088648 3089.5706364106036
1.552738128063707 393185.5617196176 584.6759433093355
1.5527496555006541 391013.52454703033 2437.0101970702926
1.55276118129537 392634.35227877315 3949.7370605948636
1.552772705448446 395007.7034019225 3014.0350411111895
1.5527842279604744 393495.0271915012 3471.946969425213
1.5527957488320463 388050.7514538695 56.559621181152984
1.5528072680637544 386816.6506683377 2563.8612196438917
1.5528187856561897 388874.15419966046 3636.0780043476893
1.552830301609945 387939.10439269437 4100.852177462885
1.5528418159256112 385406.49107919016 807.4297062210092
1.5528533286037802 391096.23140921333 2530.967555277679
1.5528648396450442 392803.9700067795 1508.472582169395
1.5528763490499946 390995.1347181471 2151.6782240718862
1.552887856819223 391479.03906093095 1536.9691712969284
1.552899362953322 390246.8559921799 5003.42485082292
1.5529108674528822 392046.1058863003 305.7317429374213
1.5529223703184958 388585.0199565208 725.8397295994079
1.5529338715507541 390057.5309165714 705.3259586925723
1.5529453711502492 393761.3776360307 2458.417429585819
1.552956869117572 392453.9377040584 3649.4287313232544
1.552968365453315 393982.05737434665 5792.902459746042
1.5529798601580689 395662.6506008001 4414.577095610776
1.5529913532324262 391178.313332558 382.7187368480941
1.553002844676978 388480.28313724586 2129.5325385926744
1.5530143344923155 390471.87398605596 5421.165577558364
1.5530258226790303 388811.26263711223 6350.508973648075
1.5530373092377143 389636.9979012462 671.2317838671391
1.553048794168959 388903.54342024523 1000.3034463495696
1.5530602774733548 391590.52348231134 1491.6773829640633
1.5530717591514944 390608.1205568361 1357.6668235406337
1.5530832392039693 388266.09534109733 3035.6859240090857
1.5530947176313694 382050.3600454637 4828.553169905074
1.5531061944342877 374655.90853005607 3381.0683220121864
1.553117669613315 379612.89489383704 1699.152595820653
1.553129143169042 380081.3803742002 1654.3908227979757
1.5531406151020613 380369.2358671194 1133.429512397313
1.5531520854129628 380285.67866576643 2932.9998273091155
1.5531635541023392 376468.2809381067 541.6054677324831
1.5531750211707802 377554.0990778808 3210.0725930807084
1.5531864866188787 380410.0316040315 3915.209783582151
1.553197950447225 377553.3032423208 2816.7449066269405
1.5532094126564109 379185.21173580387 1719.5087858950592
1.5532208732470267 377351.1570098033 4864.602575953904
1.5532323322196646 376049.8288017572 1851.6426000609597
