igrins/spectra/eg_uma_K_20190319.ecsv
# %ECSV 0.9
# ---
# datatype:
# - {name: WAVELENGTH, unit: um, datatype: float64}
# - {name: FLUX, datatype: float64}
# - {name: ERROR, datatype: float64}
# schema: astropy-2.0
WAVELENGTH FLUX ERROR
[from data line 17379]
2.1071822344277686 185126.9056194526 6465.925863017374
2.107198308669578 185049.29349926996 6059.839196956946
2.1072143806726027 185125.23719629546 5430.015601166153
2.1072304504377217 184834.71425335176 6385.014905257467
2.1072465179658186 185492.27756756105 4644.744835672207
2.107262583257773 185024.77746966388 8431.774141157515
2.107278646314464 186692.70625972707 6935.384854857359
2.1072947071367714 185028.98244763297 8282.394106021868
2.1073107657255714 185365.03100620813 6139.723780263912
2.1073268220817427 186133.8792756621 5587.896697264609
2.10734287620616 185841.53851007926 7594.094057240619
2.1073589280997016 188935.4721775679 4982.189564302202
2.1073749777632393 189650.51895091048 5119.236314148296
2.107391025197648 189409.43119146107 5972.256304642603
2.1074070704038017 188373.54483492952 5843.205207862296
2.107423113382572 188997.5615611052 6434.063484308257
2.1074391541348305 187489.88697864313 7291.753142896955
2.1074551926614458 188676.96689603088 2101.2886495076928
2.1074712289632918 184809.10352326158 7499.074883025092
2.107487263041233 185943.89385357633 4759.524914711672
2.1075032948961416 187719.07354414256 4378.257551972686
2.1075193245288824 186230.33689819643 2924.4166771035893
2.107535351940323 185763.45768517916 2389.903647260843
2.1075513771313292 186788.66104763775 3269.7701770550516
2.1075674001027656 184346.05120378672 3199.863145846919
2.1075834208554967 185144.06330529987 816.1456790872622
2.1075994393903863 183250.9476553466 1539.6326109019014
2.1076154557082956 184088.36823013218 2735.172815176996
2.1076314698100873 183986.3272112561 3320.684891620268
2.1076474816966217 182643.55017544297 4361.473962286876
2.1076634913687595 183729.1731240751 2529.5547258012675
2.1076794988273604 182120.48599714861 2593.8184051204375
2.107695504073282 181076.8302182018 3762.8766795233514
2.1077115071073824 183014.45895645826 2905.8793325425254
2.1077275079305187 183934.87001213196 1218.4768310721513
2.107743506543546 185857.98297974895 773.9563616993095
2.107759502947321 186556.82739479947 930.7467081121886
2.107775497142696 184797.25305300904 2465.7719244500895
2.107791489130528 184047.87523931215 1483.6979040641158
2.107807478911666 187921.66112158392 1570.9829227915397
2.107823466486964 186405.78220686156 25.035344330015526
2.1078394518572736 182659.7257519393 7158.3811494069605
2.1078554350234446 183936.21076181406 6845.038793539354
2.107871415986326 184177.41254725045 6951.768321017754
2.1078873947467676 187397.97749430206 2139.2106720215775
2.107903371305617 186219.6958685933 3417.047300495716
2.1079193456637215 186472.9869266554 2124.67340270732
2.1079353178219264 186094.42008465753 2278.065909429751
2.1079512877810784 184920.68143044357 3676.0676048234113
2.1079672555420212 187179.9674940757 192.40301255487657
2.1079832211056 186537.49426441832 1449.6907376848255
2.1079991844726576 184324.9976528088 302.15887904512147
2.1080151456440355 181324.0346055884 1905.9536412515286
2.1080311046205757 179180.9011747906 3071.921289357885
2.108047061403119 181642.90570119195 189.83320143940838
2.1080630159925042 180823.09444863818 996.6097817585983
2.108078968389572 180802.3554168896 702.9762198388299
2.1080949185951603 181851.87143497408 2352.622906992809
2.108110866610105 182416.66891628 2191.0841481959555
2.108126812435244 181927.92151536912 824.3209803180018
2.1081427560714125 183091.22053869232 426.59840380409025
2.108158697519446 181658.4604844893 1325.3656758570457
2.1081746367801797 183079.0338531058 604.617295041001
2.1081905738544444 181520.22163528606 2272.0912499399874
2.1082065087430744 183239.3533957381 2151.83893925999
2.1082224414469017 184168.28522246567 260.41525662897527
2.1082383719667566 183620.15121053808 795.9987754636093
2.1082543003034697 184299.27600225262 652.6740864556112
2.1082702264578685 185560.11640252976 814.8272282909561
2.1082861504307844 185047.90523057064 2980.264859124594
2.108302072223043 185826.93309328513 302.4426487898077
2.108317991835473 186960.69177883022 836.092391064712
2.108333909268898 187978.22573559213 283.21978993637106
2.108349824524144 186475.30341974445 1589.5340819433234
2.1083657376020377 184585.29673685695 931.3433964225665
2.108381648503401 185767.25290433003 836.4249354565035
2.1083975572290563 186336.94146687078 617.560667970039
2.1084134637798266 187013.81394485853 53.15929099297434
2.108429368156532 187089.75142613455 370.2823109360146
2.1084452703599936 188551.34768229604 405.93169189325863
2.108461170391032 185738.44605315715 3156.0473618301457
2.108477068250465 187290.48269670864 1573.6550604448478
2.1084929639391103 186686.70411370374 2271.5890869506543
2.1085088574577857 187633.44671872517 1746.1172500997502
2.108524748807307 190316.8753301389 1512.15407101722
2.1085406379884897 196720.05217772024 3931.15948275243
2.1085565250021494 189492.34327306706 73.44273652725273
2.108572409849099 189458.8935787275 753.3256617745835
2.108588292530153 189690.8033576588 199.6432828728833
2.1086041730461225 190409.2287869534 1710.771140487108
2.108620051397819 190129.15620321527 657.9666637818486
2.108635927586054 188097.31516175217 2652.511693458185
2.1086518016116353 189852.37771251262 363.9986795263053
2.108667673475376 188886.53958556004 424.43312519878185
2.1086835431780804 187890.88732897287 1136.8709116400685
2.1086994107205577 186443.09033916844 861.1321091644344
2.1087152761036148 185677.42540950447 569.7508355341137
2.1087311393280563 183766.49167444953 3097.2694177504095
2.108747000394689 183417.46955441075 1836.467612518898
2.1087628593043157 184213.1698203697 408.3480617279264
2.1087787160577394 184081.28029134052 3777.8103953492555
2.1087945706557645 186361.60479187392 4525.729745232214
2.108810423099191 182477.8559654365 4952.936445458532
2.1088262733888206 183009.2167079787 5032.450546215007
2.1088421215254547 183127.69025179863 6721.400171661338
2.10885796750989 182408.13652824712 6882.073934284494
2.108873811342927 181987.7386491224 7308.304971745046
2.1088896530253627 182646.23760028768 7467.946031332899
2.108905492557995 185777.63831259645 7811.74382328559
2.108921329941618 183816.72304469135 12203.30832973029
2.108937165177029 186315.20195848023 12457.109373242745
2.1089529982650213 186731.63809958674 13299.178630458773
2.1089688292063893 186526.0420211218 13248.37114476651
2.108984658001926 186592.11961962163 10488.02425942209
2.109000484652422 184424.43226044902 15165.709926912594
2.1090163091586698 187160.9426186531 15206.06244195259
2.10903213152146 189141.64336866786 15318.734396728372
2.109047951741582 189169.80155673026 16390.55646674013
2.1090637698198234 191836.35707396342 17569.72166569482
2.109079585756974 187750.87131114723 20502.277899610184
2.1090953995538206 189267.4088961096 20730.78640578165
2.1091112112111485 191163.74681891612 19818.34847066069
2.1091270207297437 194493.93320985563 21825.70601315574
2.109142828110392 195102.52253588056 20537.978409082607
2.1091586333538763 191634.96445951328 21532.40342221435
2.10917443646098 189686.18579747112 21788.429093963023
2.1091902374324856 194328.3061653537 20953.172778988748
2.1092060362691747 194906.00567425232 23944.048512691003
2.1092218329718277 193810.34657609797 21714.8308722744
2.109237627541225 195604.7335467171 21878.623793973406
2.109253419978145 198310.48498117115 20801.70070626489
2.109269210283366 193284.45575148566 23513.925423581648
2.1092849984576665 191300.08055498163 24123.54377042628
2.1093007845018215 191703.10557331156 22703.043503743236
2.1093165684166078 192361.72322303092 22427.04982286513
2.109332350202801 192696.56264637673 24698.75267368508
2.109348129861175 194702.88520410648 22512.72750857793
2.1093639073925026 193587.21792965525 21356.03382247911
2.1093796827975564 191876.59614240163 20917.174785913216
2.109395456077109 194410.1464931252 19412.015972001627
2.109411227231932 193198.29693193999 22316.515777279197
2.1094269962627936 193952.25096373068 20923.651619779477
2.1094427631704638 190993.104341987 22228.560723156992
2.1094585279557116 191603.53501752924 20827.497343284977
2.1094742906193056 189809.62654861505 21206.414564246366
2.109490051162011 192150.9970256705 19603.96921295359
2.109505809584595 191987.78811021705 18649.354693477948
2.1095215658878224 194220.56521015838 15360.538426215677
2.109537320072458 192093.6215731634 15501.2146864811
2.109553072139266 193602.3341362146 14665.115640600154
2.1095688220890083 194131.2056102658 12782.044174601391
2.109584569922448 188264.28831150892 16068.768045268473
2.109600315640345 190357.3981697252 15254.78341539009
2.1096160592434603 187996.65949606415 14017.943885134013
2.1096318007325543 187096.7022243585 14917.028301259637
2.109647540108386 189974.85948481498 13169.25950931598
2.1096632773717126 187803.3434693922 13135.230577903701
2.1096790125232907 186060.05732269416 12311.809233592241
2.1096947455638775 184657.34500818743 15221.066120241318
2.1097104764942296 185118.09628547638 14767.034759523283
2.1097262053151002 185991.41384233077 12523.92329629375
2.1097419320272435 183843.80820926506 11889.369375206035
2.109757656631414 182404.83537432077 9496.975666966899
2.109773379128362 180990.8977133148 12268.130670174147
2.1097890995188413 183872.38571855344 10253.63781695845
2.1098048178036004 181890.98465362444 8958.951601969831
2.1098205339833904 179224.22308674938 11024.249537824579
2.109836248058961 179144.4368701768 9425.822965918354
2.1098519600310603 182825.5393285241 7431.218602070028
2.1098676699004337 181415.70435951962 6226.669107229084
2.1098833776678307 nan nan
2.109899083333996 nan nan
2.1099147868996746 nan nan
2.1099304883656105 183213.894474217 2441.167236328125
2.1099461877325476 180216.0801809998 2398.142822265625
2.1099618850012285 179212.59300346152 2381.448486328125
2.1099775801723943 182071.10359360764 2382.013916015625
2.109993273246787 178975.94437367356 2382.64501953125
2.110008964225147 177506.61719354326 2344.610107421875
2.1100246531082125 178922.6643699913 2347.500732421875
2.1100403398967225 181020.92658168802 2368.0166015625
2.1100560245914157 181748.20101958493 2375.758056640625
2.110071707193028 180449.07911401184 2387.296142578125
2.110087387702296 179698.57790498002 2365.94287109375
2.1101030661199554 177507.30801800676 2339.46484375
2.1101187424467387 174601.23009836802 2317.4873046875
2.1101344166833833 178749.86128405022 2336.86865234375
2.1101500888306184 177246.57855217924 2326.658447265625
2.1101657588891785 176573.41818049448 2306.492919921875
2.110181426859794 173420.25706499533 2290.043701171875
2.1101970927431957 175699.85357889964 2293.373779296875
2.1102127565401125 176589.46341005084 2278.317138671875
2.110228418251274 175179.0178853342 2280.773193359375
2.1102440778774083 172708.792690307 2271.901611328125
2.1102597354192425 176950.31137976542 2301.760498046875
2.110275390877503 172318.35852825033 2269.01806640625
2.1102910442529152 172608.66478522483 2263.628173828125
2.1103066955462033 171342.73873813296 2264.2041015625
2.1103223447580937 167619.485757052 2231.82568359375
2.1103379918893075 170177.78587113615 2278.12353515625
2.110353636940567 171304.33214262413 2320.131103515625
2.1103692799125944 174678.8319669701 2413.369140625
2.1103849208061103 172041.72839719322 2563.445556640625
2.1104005596218354 172967.99896708236 2672.15478515625
2.1104161963604877 173737.4139627198 2704.357177734375
2.1104318310227868 170459.4315934525 2669.39990234375
2.1104474636094483 171358.52165169572 2586.599365234375
2.110463094121191 172415.29006494704 2440.858154296875
2.110478722558729 168871.55800730645 2267.93115234375
2.1104943489227788 170437.8524748161 2229.160888671875
2.110509973214054 175939.63078994627 2214.325927734375
2.110525595433268 170995.58716154692 2177.4296875
2.1105412155811334 173933.94456169454 2220.094970703125
2.110556833658363 174907.40803594328 2229.6455078125
2.110572449665667 172552.81481079117 2206.15478515625
2.1105880636037555 172727.5332434227 2200.839111328125
2.1106036754733375 175257.21502688155 2208.03271484375
2.1106192852751233 176463.84102678645 2220.146484375
2.1106348930098195 174412.7945024391 2223.232177734375
2.110650498678133 174093.25118235478 2267.59033203125
2.1106661022807707 176580.5646325323 2407.896484375
2.110681703818437 176709.0369063207 2536.98828125
2.1106973032918375 178700.00113899098 2633.58203125
2.1107129007016745 183013.19649645785 2647.80078125
2.1107284960486523 185136.09724637293 2600.5595703125
2.1107440893334726 185780.43789704784 2486.256103515625
2.110759680556837 185090.34243392106 2319.382080078125
2.1107752697194457 183774.35436789764 2227.99072265625
2.1107908568219975 187221.08479528478 2243.021728515625
2.1108064418651926 186349.41903409275 2229.796875
2.110822024849729 188044.9402342008 2247.406494140625
2.110837605776304 188183.1457828803 2234.848388671875
2.1108531846456127 187912.4552192457 2220.57373046875
2.1108687614583523 185992.0155558509 2207.515625
2.1108843362152165 186986.84965833122 2215.02001953125
2.1108999089169003 188411.96694477342 2232.2080078125
2.1109154795640968 187293.31791136303 2217.89501953125
2.1109310481574974 188508.57559991174 2209.0068359375
2.1109466146977947 186277.73565801207 2194.19384765625
2.110962179185679 185740.3208557234 2201.07275390625
2.1109777416218405 185842.46051623495 2201.6640625
2.1109933020069684 187638.66549155992 2203.59765625
2.1110088603417516 184447.62503040675 2189.673828125
2.1110244166268766 184096.2421121987 2201.9521484375
2.11103997086303 183966.14093242932 2189.355224609375
2.1110555230508985 180841.31673005992 2180.328369140625
2.111071073191167 178396.91452452965 2174.735595703125
2.111086621284519 181922.4459949433 2197.45751953125
2.1111021673316404 182226.45349994273 2211.357177734375
2.111117711333211 181036.15199921935 2185.80029296875
2.1111332532899145 182773.79552879318 2164.760986328125
2.111148793202431 183430.2390720429 2145.854248046875
2.1111643310714405 187089.32223678037 2161.929443359375
2.1111798668976247 186109.82759731793 2165.383056640625
2.11119540068166 183309.186424188 2151.860107421875
2.1112109324242234 183193.71731761217 2137.025390625
2.1112264621259946 183458.3010812538 2141.0546875
2.1112419897876484 184939.5689513078 2147.223876953125
2.1112575154098607 185856.54370302067 2156.493896484375
2.111273038993305 187994.8341122636 2163.9482421875
2.111288560538656 189409.50437634654 2172.532470703125
2.111304080046587 188274.742557253 2145.2470703125
2.1113195975177685 188647.3449158769 2155.14501953125
2.1113351129528732 188734.7787876531 2160.049560546875
2.1113506263525723 192301.98493152345 2175.628662109375
2.1113661377175332 192184.30957847688 2177.538330078125
2.1113816470484275 193053.12597882395 2160.546142578125
2.1113971543459207 192003.17750022828 2160.345458984375
2.111412659610682 191123.46380240336 2148.453857421875
2.1114281628433775 191591.3295063035 2148.50048828125
2.111443664044672 189029.129145897 2132.362548828125
2.111459163215231 191270.91030973592 2146.363037109375
2.1114746603557184 191310.83108582647 2148.166748046875
2.1114901554667984 191914.34847450012 2150.744140625
2.1115056485491324 186478.8097652016 2172.283203125
2.1115211396033815 189744.65039956404 2291.384765625
2.111536628630207 191162.78181169552 2450.327392578125
2.11155211563027 188958.16932692492 2574.538818359375
2.1115676006042285 190736.77072882155 2728.58251953125
2.1115830835527407 190544.55825879218 2825.90185546875
2.111598564476465 189437.76606195126 2774.859375
2.1116140433760577 184668.02369175723 2646.439697265625
2.1116295202521744 185740.91852870135 2517.579345703125
2.1116449951054714 189354.21467729763 2363.65185546875
2.111660467936602 185587.9394927916 2189.746337890625
2.11167593874622 182436.52439489195 2119.963134765625
2.1116914075349777 184236.58339157785 2116.422607421875
2.111706874303527 186257.36141871987 2117.20947265625
2.1117223390525206 187831.81957116496 2145.668212890625
2.111737801782607 186292.49867989172 2142.155517578125
2.1117532624944357 187343.51834640247 2169.76513671875
