igrins/spectra/eg_uma_H_20190319_smoothed.ecsv
# %ECSV 0.9
# ---
# datatype:
# - name: WAVELENGTH
#   unit: um
#   datatype: float64
# - name: FLUX
#   datatype: float64
# - name: ERROR
#   datatype: float64
# schema: astropy-2.0
WAVELENGTH FLUX ERROR
[from data line 29688]
1.7667310059075898 311791.18992888543 3505.422119140625
1.7667433364231915 310856.1347980969 3503.946858723958
1.7667556653743373 310078.5268941001 3494.9303385416665
1.7667679927616056 308985.02693363937 3479.17578125
1.7667803185855764 309086.3685429445 3477.116048177083
1.7667926428468295 308064.0263484169 3464.563313802083
1.7668049655459463 305864.7379951413 3442.412679036458
1.766817286683507 304444.056257933 3418.338460286458
1.7668296062600934 303685.4559952886 3418.401692708333
1.7668419242762883 303682.1976006398 3437.2040201822915
1.7668542407326726 302977.5173104096 3458.299397786458
1.7668665556298293 303232.740734148 3483.249918619791
1.7668788689683428 302437.4626032368 3501.272216796875
1.766891180748795 300873.7618254095 3533.651204427083
1.7669034909717716 299861.5842511022 3551.8275553385415
1.7669157996378555 300995.12808994367 3569.033284505208
1.7669281067476321 301696.24017956096 3566.0249023437495
1.7669404123016879 301755.04185599857 3551.171549479166
1.766952716300607 302733.54407621775 3535.115315755208
1.7669650187449764 304696.67542283 3503.698079427083
1.7669773196353828 306378.6097929004 3480.2989908854165
1.766989618972414 304641.85309539386 3436.2414550781245
1.7670019167566555 304195.7453054657 3413.4765624999995
1.767014212988697 303182.04349763837 3388.324055989583
1.7670265076691254 303136.74704523804 3374.756591796875
1.7670388007985316 302114.44350204594 3386.1428222656245
1.7670510923775022 303120.2446973965 3394.5361328125
1.7670633824066293 304269.6622110052 3420.296712239583
1.7670756708865014 304135.3086532295 3438.779134114583
1.7670879578177092 304216.8040709499 3589.9914550781245
1.7671002432008445 303897.3603000527 3899.513997395833
1.7671125270364978 304425.35613180685 4301.673665364583
1.7671248093252612 305772.67485491454 4647.408365885416
1.7671370900677263 306638.7519876955 4855.749186197916
1.7671493692644875 307058.20399359165 4920.776204427083
1.7671616469161366 307342.4520850722 4857.3056640625
1.7671739230232668 307506.0812302958 4738.16796875
1.7671861975864733 307760.4554220953 4747.14892578125
1.7671984706063495 306555.5563509778 4872.519856770833
1.7672107420834904 305584.924300477 5022.130208333333
1.7672230120184915 305070.75225520594 5001.18115234375
1.767235280411948 302385.5801817161 4803.299479166666
1.7672475472644573 299153.552011639 4450.437581380208
1.7672598125766144 295816.5802662744 4006.947835286458
1.767272076349017 292124.4969863923 3614.2540690104165
1.767284338582263 288551.1091176611 3352.055257161458
1.767296599276949 284223.52258698444 3246.820719401041
1.7673088584336747 283500.16875319614 3212.754964192708
1.7673211160530375 283563.5200743243 3195.504964192708
1.7673333721356372 284629.2116982407 3184.3212890625
1.7673456266820735 285124.77849696577 3181.212972005208
1.7673578796929466 285728.2428166353 3181.984700520833
1.767370131168856 285749.1864530514 3183.9057617187495
1.7673823811104028 284826.3023269903 3178.6659342447915
1.767394629518189 284591.52187998913 3179.098063151041
1.7674068763928164 286023.4083083574 3184.7897135416665
1.7674191217348858 288731.3593015367 3189.428792317708
1.7674313655450011 290823.84268354636 3194.032958984375
1.7674436078237656 294062.35432863655 3199.751546223958
1.7674558485717804 296455.3061317175 3210.038167317708
1.7674680877896527 299535.3886113319 3220.045572916666
1.7674803254779845 301479.6931573204 3227.347493489583
1.767492561637381 302386.1018380554 3231.496907552083
1.7675047962684478 303933.1263376336 3229.859375
1.7675170293717897 302815.4423049466 3210.4594726562495
1.7675292609480144 302811.24829292396 3187.288818359375
1.7675414909977267 299637.98807478574 3159.712158203125
1.7675537195215343 298755.97173748375 3142.313802083333
1.7675659465200446 297008.27177955804 3138.73974609375
1.767578171993864 296491.9078929747 3134.605305989583
1.7675903959436032 295127.8466416156 3136.9877929687495
1.7676026183698688 295156.9358907403 3131.6442057291665
1.7676148392732702 295121.19093589106 3132.576822916666
1.7676270586544176 295010.9611295247 3128.5450846354165
1.7676392765139206 294445.59141153755 3116.643636067708
1.7676514928523892 295082.66001121636 3109.822998046875
1.7676637076704347 295931.6644260264 3112.387858072916
1.7676759209686679 296202.6976187028 3115.794270833333
1.7676881327477005 297852.0772454164 3127.257731119791
1.7677003430081448 299575.51764689013 3134.0781249999995
1.7677125517506134 301723.57099753094 3151.42529296875
1.767724758975719 301236.0422895951 3159.352132161458
1.767736964684075 304070.25555084593 3190.281494140625
1.7677491688762956 307197.1811498151 3212.271484375
1.7677613715529936 310907.34733532416 3229.060628255208
1.7677735727147859 311048.13968406204 3216.7806803385415
1.7677857723622858 311139.59414119244 3200.080647786458
1.7677979704961098 309063.6827075553 3191.776529947916
1.7678101671168729 306977.3111610524 3197.7001953125
1.7678223622251932 304007.8029419562 3219.2753906249995
1.7678345558216855 303796.89796100085 3252.836995442708
1.7678467479069684 304702.18955003435 3294.011881510416
1.7678589384816585 306672.8048308658 3327.118489583333
1.7678711275463757 307957.09104501543 3324.7140299479165
1.7678833151017368 307631.36756332073 3288.1520996093745
1.7678955011483617 306011.93911525136 3230.83984375
1.7679076856868692 304622.32535528316 3187.1268717447915
1.7679198687178797 303349.0579350039 3150.244873046875
1.7679320502420137 302795.0591332987 3131.7125651041665
1.767944230259891 302774.8518945062 3115.096516927083
1.7679564087721331 304588.87205347174 3128.343668619791
1.7679685857793617 304495.2339994893 3133.6857096354165
1.7679807612821985 304373.04237712675 3136.8522949218745
1.7679929352812673 302007.41258527496 3120.4698893229165
1.768005107777189 301097.2022569743 3110.652913411458
1.7680172787705875 300115.5530684264 3115.546712239583
1.7680294482620875 303215.58552809013 3133.722330729166
1.768041616252312 306948.19808447675 3161.789632161458
1.7680537827418865 308990.7839118339 3159.372314453125
1.7680659477314353 307716.56379373895 3145.606201171875
1.7680781112215838 304935.31286579015 3112.59521484375
1.7680902732129584 304350.8546954417 3099.669759114583
1.7681024337061855 304686.2325636535 3096.617024739583
1.7681145927018909 305836.73642224766 3105.614990234375
1.768126750200703 305063.56200184673 3118.584391276041
1.7681389062032487 303220.29256379954 3118.864339192708
1.768151060710156 301450.7157876249 3112.6389160156245
1.768163213722054 301556.6230445354 3107.42724609375
1.7681753652395704 301419.09120390366 3109.1640625
1.7681875152633357 301091.2797043356 3133.8124999999995
1.7681996637939787 298326.7816614085 3163.6564127604165
1.7682118108321307 293210.19486204925 3195.6576334635415
1.7682239563784217 287512.3016622978 3244.8888346354165
1.7682361004334828 284183.09738038393 3329.608642578125
1.7682482429979451 284237.4002230981 3454.384358723958
1.7682603840724411 288036.01239167823 3571.835205078125
1.7682725236576036 294589.88984372973 3637.952718098958
1.7682846617540644 299556.1147797948 3592.443603515625
1.7682967983624567 299221.29709496786 3454.053059895833
1.7683089334834143 294486.58645537414 3280.4296875
1.768321067117572 290711.2514654643 3143.977376302083
1.7683331992655638 288352.41645258584 3072.391357421875
1.7683453299280245 287214.4592163223 3029.464192708333
1.76835745910559 286365.7903321596 3022.8998209635415
1.7683695867988956 286464.29718173225 3018.136311848958
1.7683817130085768 287579.69217118074 3048.9672037760415
1.768393837735272 289093.109279789 3096.5714518229165
1.768405960979617 292487.1204653036 3149.6715494791665
1.7684180827422493 295274.1209405772 3194.1356608072915
1.7684302030238082 297774.06181445793 3210.962972005208
1.7684423218249306 298385.5261911292 3202.739583333333
1.7684544391462562 299413.58727095835 3165.667317708333
1.768466554988424 303067.3623827881 3134.7032877604165
1.7684786693520733 304655.31567837833 3098.933349609375
1.7684907822378448 305700.2879286169 3083.930013020833
1.7685028936463785 303431.4917323212 3054.498860677083
1.768515003578316 303671.6222745477 3047.971516927083
1.768527112034298 303071.74190857424 3022.8566080729165
1.7685392190149676 302759.48689907766 3017.0380045572915
1.7685513245209654 302067.25419329695 3011.41064453125
1.768563428552935 300095.16955582926 3005.3932291666665
1.7685755311115192 298930.40773472167 2994.4278971354165
1.7685876321973621 299288.3133062394 2990.778157552083
1.7685997318111075 300699.8457448481 3002.163818359375
1.7686118299533995 299599.4252134862 2999.0577799479165
1.768623926624883 296344.3511723158 2986.5543619791665
1.7686360218262038 294092.10828913306 2990.699788411458
1.7686481155580076 294281.54874485417 3022.474365234375
1.76866020782094 295125.59351800947 3070.4076334635415
1.7686722986156478 295689.16963509825 3106.620686848958
1.7686843879427778 295807.36669699254 3120.1704101562495
1.7686964758029775 296487.13088565425 3112.4571940104165
1.7687085621968959 295922.50918110274 3081.248209635416
1.7687206471251793 295271.5906088639 3048.46630859375
1.7687327305884781 293823.10382641415 3011.509847005208
1.7687448125874408 292454.8190571427 2980.316731770833
1.7687568931227176 292061.651696837 2966.790364583333
1.7687689721949575 291195.2048206773 2962.26171875
1.7687810498048115 290174.0567475797 2963.9242350260415
1.7687931259529306 288915.9300939897 2962.8895670572915
1.768805200639966 288427.56434255844 2964.253499348958
1.7688172738665693 289586.61826690234 2976.6402994791665
1.7688293456333932 289714.53065820376 2974.356770833333
1.7688414159410901 289208.18143559067 2963.832112630208
1.7688534847903126 287072.2119180812 2941.854248046875
1.7688655521817152 284954.9315986434 2928.53125
1.7688776181159505 282328.54264917405 2932.441650390625
1.7688896825936733 281389.2128171182 2940.6254069010415
1.7689017456155394 281389.8195295074 2951.205403645833
1.7689138071822026 279559.5860619048 2927.1432291666665
1.7689258672943193 279946.27378341544 2906.1449381510415
1.7689379259525455 280339.3949270038 2884.2882486979165
1.7689499831575384 283316.1135227672 2885.370930989583
1.7689620389099525 284568.21512080595 2891.537841796875
1.7689740932104483 285892.6323513744 2898.106689453125
1.7689861460596814 288659.4130576878 2917.186360677083
1.7689981974583107 292682.93668312574 2947.5323893229165
1.7690102474069955 295765.5398924771 2985.7172037760415
1.7690222959063935 297140.2905489087 3013.7890625
1.7690343429571658 297507.9311643868 3027.168294270833
1.7690463885599708 297491.503848805 3038.260579427083
1.7690584327154706 297507.0529856692 3052.752034505208
1.7690704754243247 296755.86857371405 3082.7135416666665
1.769082516687195 294997.06310296396 3116.646891276041
1.7690945565047422 295839.6801389643 3182.8944498697915
1.76910659487763 297013.6570961236 3251.0197753906245
1.7691186318065193 301505.90671166574 3316.698486328125
1.769130667292074 303677.97719427466 3316.403645833333
1.7691427013349577 304346.26559138397 3252.848876953125
1.7691547339358338 303304.39744929376 3155.6808268229165
1.7691667650953666 299490.41203981906 3055.2248535156245
1.7691787948142212 297077.8504946557 2992.203857421875
1.7691908230930622 296602.8509157167 2953.106689453125
1.7692028499325547 298202.99660452746 2935.431396484375
1.7692148753333667 298049.19346962665 2930.3053385416665
1.769226899296162 296959.44765697425 2931.93701171875
1.7692389218216098 296736.598304191 2957.609212239583
1.7692509429103758 298866.007329085 2974.2301432291665
1.769262962563128 298952.6418656131 2969.811604817708
1.7692749807805352 298555.0558480753 2946.338216145833
1.7692869975632657 296331.031063587 2922.117024739583
1.769299012911988 297169.0467937067 2920.7076822916665
1.769311026827372 297770.4168811461 2928.9901529947915
1.7693230393100876 297730.54919585446 2930.149658203125
1.7693350503608054 295365.79446861125 2914.46875
1.7693470599801953 294670.6519874304 2900.71044921875
1.7693590681689289 294229.06456315605 2887.93408203125
1.769371074927678 294154.9753359753 2891.825520833333
1.7693830802571144 294857.6318538024 2895.5853678385415
1.7693950841579111 295416.2700027189 2903.5773111979165
1.7694070866307399 295218.5744461324 2904.70458984375
1.7694190876762748 295667.898082622 2916.134602864583
1.7694310872951897 295462.48915326677 2938.3827311197915
1.7694430854881587 293781.565112841 2968.5348307291665
1.7694550822558563 289634.58919900807 3002.7093912760415
1.7694670775989574 288317.0764969198 3066.4154459635415
1.7694790715181374 291542.3827941901 3159.733479817708
1.7694910640140733 297512.8921557898 3262.233642578125
1.7695030550874398 305382.9664896749 3326.3751627604165
1.769515044738915 311568.5735610109 3320.1224772135415
1.7695270329691755 313453.0964702546 3221.631673177083
1.7695390197788987 312077.9104928451 3106.1027018229165
1.7695510051687633 308300.65423043317 3006.7452799479165
1.7695629891394475 308034.1198867259 2975.946858723958
1.76957497169163 308119.52758677944 2968.004231770833
1.7695869528259904 309411.4105366764 2975.3275553385415
1.769598932543209 308040.3739694848 2975.612874348958
1.7696109108439655 307867.4253308077 2976.3407389322915
1.7696228877289402 308136.94013663684 2981.3080240885415
1.7696348631988148 309955.3691050622 2994.051106770833
1.7696468372542702 309665.4588140535 3004.473225911458
1.769658809895989 308976.8986520441 3013.136800130208
1.7696707811246537 308851.0300180783 3036.0272623697915
1.7696827509409465 308664.2392319962 3067.4503580729165
1.7696947193455506 308349.1189691013 3129.3468424479165
1.7697066863391502 306107.5988702936 3249.261149088541
1.7697186519224295 303373.481134437 3468.909586588541
1.7697306160960724 298971.7698656181 3797.123779296875
1.7697425788607646 293519.48915019084 4217.494547526041
1.7697545402171908 291917.33449947566 4755.22265625
1.769766500166037 304591.27419562626 5261.623860677083
1.7697784587079892 322110.7576223836 5433.546875
1.7697904158437354 337870.3175172349 5136.652180989583
1.7698023715739613 337762.5559529142 4539.512451171875
1.7698143258993555 329280.9186877635 3973.6721191406245
1.7698262788206054 317057.1544144383 3579.30517578125
1.7698382303383988 305466.7468372181 3330.742513020833
1.7698501804534257 296813.8666041637 3195.1806640625
1.7698621291663752 291923.77340181975 3130.85302734375
1.7698740764779364 289468.4233861244 3120.373942057291
1.7698860223888 289698.2813779946 3181.486490885416
1.7698979668996557 290854.22147976595 3322.579915364583
1.7699099100111961 292994.6531917566 3484.059407552083
1.7699218517241115 295275.16474696505 3586.1669108072915
1.769933792039094 296025.1977210173 3599.63232421875
1.7699457309568356 295785.2572451396 3558.97119140625
1.7699576684780292 295052.8658894908 3478.080485026041
1.769969604603369 295601.1031058356 3334.094075520833
1.7699815393335472 297803.49346602283 3180.015869140625
1.7699934726692585 299464.53385512216 3064.414388020833
1.7700054046111973 299973.7679094017 3018.61181640625
1.770017335160058 300529.8619019197 3016.18408203125
1.7700292643165365 301533.4885688046 3026.3387858072915
1.7700411920813286 304682.0442598156 3044.2225748697915
1.7700531184551294 307994.2546887439 3056.6857096354165
1.7700650434386376 311776.43473667675 3046.916015625
1.7700769670325485 313361.08723928715 3011.730224609375
1.77008888923756 312546.79035903205 2958.661865234375
1.7701008100543703 312462.5707960001 2927.2662760416665
1.7701127294836774 311139.49880652037 2902.708821614583
1.77012464752618 310729.59778566187 2893.663167317708
1.770136564182578 309145.7610453683 2882.1064453125
1.7701484794535707 307793.0838701922 2884.7645670572915
1.770160393339857 306983.9868554562 2879.368896484375
1.7701723058421395 306902.146477082 2870.790283203125
1.7701842169611182 306827.70187926793 2867.6222330729165
1.7701961266974937 305879.2376223367 2862.501953125
1.7702080350519689 305878.9182822157 2874.84228515625
1.7702199420252447 306260.43684246467 2880.465657552083
