igrins/spectra/eg_uma_H_20190319.ecsv
# %ECSV 1.0
# ---
# datatype:
# - {name: WAVELENGTH, unit: um, datatype: float64}
# - {name: FLUX, datatype: float64}
# - {name: ERROR, datatype: float64}
# schema: astropy-2.0
WAVELENGTH FLUX ERROR
[from data line 4391]
1.5399795033896764 373393.2603028262 3458.6165320148557
1.5399909054144343 372889.47463678446 3478.896204995988
1.540002305815853 374640.78465599637 3522.588549978312
1.5400137045945281 376847.3346536664 3600.4829582194143
1.5400251017510571 380760.51100717875 3628.8211704567047
1.540036497286036 384353.91739458323 3624.8140918483987
1.5400478912000621 385521.99796032265 3593.7872306283275
1.5400592834937314 382985.39235762967 3541.7377095810234
1.5400706741676407 380320.0005410544 3517.9258063694583
1.5400820632223857 380221.51388824324 3458.75972612451
1.540093450658564 382554.59772555507 3505.1841900671616
1.5401048364767713 382974.27636466967 3510.984132920158
1.5401162206776038 381526.2185295592 3511.1224435396603
1.5401276032616587 381413.7585574202 3513.0592825722247
1.5401389842295312 381673.1917488787 3520.887505525499
1.5401503635818186 382523.6955458415 3522.01216602698
1.5401617413191173 380909.11573862546 3527.554883241562
1.5401731174420226 379667.59715141915 3516.215093644401
1.540184491951131 378454.22789185646 3515.9591722912774
1.5401958648470393 379208.32086712716 3513.7401120667637
1.540207236130343 379134.94682609563 3514.0215510744456
1.5402186058016387 378818.37894697196 3505.7527259353596
1.5402299738615217 377143.70952977624 3521.573254283847
1.5402413403105897 376432.3940044593 3514.227893595514
1.540252705149437 376710.651927539 3502.557852821276
1.5402640683786606 378716.09083948215 3512.14385419499
1.5402754299988566 380762.0148503574 3548.337148548715
1.54028679001062 381367.7065641825 3543.200925717666
1.540298148414548 381012.99174266297 3534.348419900503
1.5403095052112357 380102.01544448093 3533.0928361940823
1.5403208604012786 380613.3337437322 3526.456485246796
1.5403322139852742 380761.44326573657 3548.2800222383203
1.5403435659638167 381908.69642932835 3530.298758873669
1.5403549163375028 382591.0591181847 3545.971832574565
1.5403662651069274 383358.3390784451 3569.0579680066903
1.540377612272687 383578.98767621815 3580.443743689214
1.5403889578353775 384532.49427324673 3568.3482995798327
1.5404003017955936 386772.6127258246 3612.2952095545484
1.5404116441539324 389720.6978583201 3697.4316016264233
1.540422984910988 391681.22781075846 3735.4688600433565
1.5404343240673573 391220.849127484 3693.2953283249803
1.5404456616236346 387616.7210770387 3625.6980567835944
1.5404569975804168 382585.7190824682 3577.390647133527
1.540468331938299 379392.218915778 3580.87520730279
1.540479664697876 379682.0662346203 3612.579305852955
1.5404909958597433 382013.4618896003 3612.5974902521757
1.5405023254244976 384256.47712012625 3584.1906633585254
1.5405136533927333 385157.9688971821 3582.091591837434
1.5405249797650458 386530.178190161 3587.705035874048
1.5405363045420306 386477.6908867003 3620.160127172813
1.5405476277242829 386445.0434643825 3628.6762947346883
1.5405589493123983 386724.63371434266 3606.108043228287
1.5405702693069723 387354.76763336465 3608.637871289062
1.5405815877085993 386445.0981584847 3589.1918351874983
1.5405929045178752 385037.4488800402 3561.8964534701436
1.5406042197353953 385220.85548193695 3579.38783467672
1.5406155333617542 388553.1856629957 3587.1444163086044
1.5406268453975471 389518.5235207679 3605.119158406743
1.5406381558433695 388918.24505802064 3581.6795441174163
1.540649464699816 386809.36699323455 3584.2538348214875
1.5406607719674816 385983.349337133 3583.891298811675
1.5406720776469622 387091.1105497881 3594.558651191538
1.5406833817388519 386848.32455253514 3615.5514263061036
1.5406946842437461 386235.3290731176 3618.4630923351424
1.5407059851622402 383447.58099131624 3650.4150225105745
1.5407172844949273 381802.99660181836 3664.810008286694
1.5407285822424044 381285.1767137088 3656.0031998113927
1.5407398784052655 382450.0620414271 3626.7508454873405
1.5407511729841041 382058.9224908665 3625.8987425439864
1.5407624659795174 380686.369211938 3599.9088086637144
1.5407737573920988 377666.06814268907 3592.38090139093
1.5407850472224438 376869.34060727153 3570.314321384676
1.5407963354711451 375951.24188354483 3600.621001778582
1.5408076221387998 375705.7096771601 3634.171486693311
1.5408189072260021 375795.40549573826 3690.022683357488
1.5408301907333457 376226.82286751946 3725.4594660470084
1.540841472661426 376234.9662216902 3673.4699396897063
1.540852753010836 373195.8007754949 3582.945447959832
1.540864031782172 370279.421218653 3550.7233729393865
1.5408753089760288 368603.79172708886 3550.3122512517234
1.5408865845929993 368836.8089938306 3558.6191567020733
1.5408978586336792 368728.83384787047 3569.3885586455094
1.5409091310986616 368932.994923992 3550.5048120266692
1.5409204019885423 369586.4313819427 3542.1469477851974
1.5409316713039156 371993.5829420075 3546.454072090253
1.5409429390453748 373677.8105222748 3557.613598790087
1.5409542052135148 376237.80300646706 3583.7311510674044
1.54096546980893 376037.21669905086 3574.6466550077007
1.5409767328322146 375458.6852792213 3576.2891941217867
1.5409879942839624 374052.92294619663 3574.8634582503887
1.5409992541647681 373761.10646755213 3577.3471234650174
1.5410105124752265 375030.1469305806 3582.647676159764
1.5410217692159303 375574.30725058564 3581.9611562436426
1.5410330243874741 376735.15929748566 3563.851907238357
1.5410442779904532 375626.540095625 3561.5085438129304
1.5410555300254598 374772.54956319206 3553.437208185154
1.5410667804930895 374171.4220751475 3551.4117179704494
1.5410780293939355 375512.17003671004 3589.633184251941
1.5410892767285913 375729.19023039343 3597.5001296423943
1.5411005224976524 375200.7978373342 3598.2182981741335
1.5411117667017113 375226.7507833934 3584.486843400399
1.5411230093413624 376004.65614883986 3593.0281263984853
1.5411342504171996 377223.40902553214 3600.5629631804036
1.541145489929817 376896.85447882704 3643.1596580576866
1.5411567278798084 377486.9825357166 3636.7447521047807
1.5411679642677665 377447.6390687727 3650.865256015576
1.541179199094286 377094.68289682904 3626.733963280381
1.5411904323599614 377029.96749784204 3577.5527358906643
1.541201664065385 377016.54036664247 3601.3202714800723
1.5412128942111507 376936.02602827613 3660.5980487974953
1.5412241227978525 378843.84003585775 3733.876267017399
1.5412353498260842 381542.20166825876 3767.483931818069
1.5412465752964393 383824.17202722665 3735.7565765587947
1.5412577992095113 383051.52473424724 3668.0336033746394
1.5412690215658935 381797.2157448996 3642.794107177434
1.5412802423661793 381244.8237016921 3627.60487193639
1.5412914616109625 382580.98651047517 3649.0654131316614
1.541302679300837 384336.3187655202 3669.9516007995217
1.5413138954363952 384642.08823277644 3657.193398476368
1.5413251100182312 383024.4603804685 3629.9055670712087
1.5413363230469386 382018.4400964658 3639.890700494448
1.5413475345231096 380585.78053867904 3639.4040070859696
1.5413587444473387 379521.5421742881 3610.2727893695082
1.5413699528202187 377537.0089686839 3581.3712003851447
1.5413811596423423 377701.8172279837 3582.8056733108488
1.5413923649143038 376535.3702536381 3595.940107443972
1.541403568636696 374459.68646462343 3583.2189382825327
1.5414147708101118 372474.31441026006 3606.809225428215
1.541425971435144 370289.845604012 3580.8145597758535
1.541437170512387 367680.176210979 3568.942822333754
1.5414483680424327 365569.8775992786 3555.1595973025474
1.5414595640258748 362935.16573984345 3561.8568652987224
1.5414707584633063 360752.8027920021 3537.1953005901055
1.5414819513553195 358302.8789611389 3534.558980991448
1.541493142702508 358947.3127055891 3535.051663983974
1.5415043325054645 360926.46215879224 3526.2782838262233
1.5415155207647826 361369.7668847947 3557.8334622911184
1.5415267074810541 361773.62673986057 3551.052202187055
1.5415378926548726 362508.091375471 3572.386415113172
1.5415490762868305 365197.18849313486 3571.604883653809
1.541560258377521 368224.6246690497 3574.894470391074
1.5415714389275368 370888.0962281634 3581.8878530366837
1.5415826179374705 371292.379581623 3587.5899808868203
1.541593795407915 369721.31402698567 3588.338697294283
1.541604971339463 367441.94637741556 3605.603034348743
1.5416161457327069 367778.5684417143 3631.028252736109
1.5416273185882394 369882.48274677 3682.9622517723433
1.541638489906653 373546.1613265157 3753.4818060868156
1.5416496596885407 377005.68344692147 3794.7872010316314
1.5416608279344954 378139.273746271 3731.125051892132
1.5416719946451085 377014.8670504333 3662.3099506784083
1.5416831598209728 375008.81010702235 3625.6573804467757
1.5416943234626816 372608.33418048616 3631.1593348791885
1.5417054855708263 370846.860940553 3601.0009881098777
1.5417166461460003 368928.85228004045 3586.8306477292754
1.541727805188795 368439.32145374594 3595.3422447451944
1.5417389626998037 370029.5520900295 3590.4087037887307
1.5417501186796183 371810.1302518364 3624.6140982194793
1.5417612731288306 373162.6699136341 3621.7903626878633
1.5417724260480337 371785.2884033001 3589.8518290879933
1.5417835774378195 372917.2434007233 3564.950341505768
1.5417947272987795 375165.95577967894 3626.363026562672
1.5418058756315078 378428.95141540794 3618.5249009741015
1.5418170224365946 379918.4284610009 3632.8678383049405
1.5418281677146333 380585.7424573453 3669.0453708145637
1.541839311466215 380408.38672499394 3680.0985836090777
1.5418504536919326 378764.214359564 3693.4688928948835
1.541861594392378 378588.68989456195 3597.292462643867
1.5418727335681424 378778.84439263365 3625.1553779152327
1.5418838712198188 381379.5809256857 3674.610045310687
1.5418950073479991 384032.4945666778 3692.6915298103418
1.5419061419532745 386468.71145561576 3688.3274339810923
1.541917275036238 386988.44594203343 3681.3815036856686
1.5419284065974805 386189.0867042409 3689.774297100036
1.5419395366375939 385387.78309543733 3691.1267682797393
1.5419506651571708 385828.97792356194 3686.7307624721484
1.5419617921568023 386972.3943159938 3711.206141569942
1.5419729176370804 388368.7464705497 3706.89854599886
1.5419840415985968 389192.9051038399 3697.1727731679484
1.5419951640419436 392392.5352794495 3706.9787676038313
1.5420062849677123 394473.8278561466 3767.628155234963
1.542017404376494 394860.31657461415 3740.276749663687
1.5420285222688805 393318.1741998469 3751.624554709967
1.5420396386454642 393970.63109890855 3825.473979540588
1.5420507535068357 395478.570135141 3863.683985875049
1.5420618668535873 396651.13007067604 3846.3647975549943
1.5420729786863103 395498.65210789314 3823.4832812621103
1.5420840890055958 393739.3036728749 3752.310693393283
1.5420951978120354 390175.95654366625 3727.2422839421424
1.542106305106221 388582.02523369924 3719.8386462727262
1.5421174108887432 388549.1210610819 3731.411392854373
1.5421285151601942 389235.01223840076 3760.4637304955395
1.5421396179211655 387346.4177865481 3783.4635682754756
1.5421507191722468 386001.1973353081 3790.883495781511
1.5421618189140311 386560.24838521366 3824.118689813677
1.5421729171471097 389001.92996723193 3829.438788800587
1.5421840138720722 389480.3600187003 3775.0345440402525
1.5421951090895119 387208.5655288422 3756.984706030176
1.5422062028000179 385067.55917319853 3731.7681039755857
1.542217295004183 384495.25487090554 3711.975987963709
1.5422283857025973 385311.56686487974 3726.230526692231
1.5422394748958528 385723.5891354398 3708.551960977474
1.5422505625845397 386179.2233694403 3701.5716750836764
1.54226164876925 384850.2366876296 3728.0603501517235
1.5422727334505735 383663.99508174334 3704.133209934727
1.542283816629102 383265.8543216167 3689.367839505869
1.5422948983054265 385792.4427274643 3716.1202987221523
1.542305978480137 387199.8009981825 3732.289910833502
1.5423170571538258 385035.08384218154 3712.818879116528
1.5423281343270832 381179.67416393326 3700.4129484405607
1.5423392100004996 381586.03045575554 3705.2979710255618
1.5423502841746664 383001.2621084041 3754.9571701003088
1.542361356850174 385170.791053758 3748.633738752143
1.5423724280276128 385161.8672370288 3760.616715782261
1.5423834977075748 386731.2641925146 3743.614811525118
1.5423945658906495 388936.2279716245 3741.058591565909
1.5424056325774282 390259.7744579256 3735.8872648572337
1.5424166977685012 390365.9586573348 3744.6954880241024
1.54242776146446 389732.15407141455 3755.2785809975703
1.5424388236658937 390177.49939129624 3744.728025391005
1.5424498843733938 391643.0373124792 3775.8216796211127
1.5424609435875511 393251.41043234296 3839.28753931187
1.542472001308955 394339.6768035801 3871.7955841388302
1.5424830575381971 394245.84661098005 3857.6906402606164
1.5424941122758675 394791.2490720551 3799.5146982661417
1.5425051655225566 395594.44586114417 3794.3114427524624
1.542516217278855 397458.93023558933 3780.1161739790714
1.5425272675453525 397401.32095770974 3785.8659498560464
1.5425383163226405 396378.95163555566 3753.7775389294247
1.542549363611307 394009.9200727012 3755.610491544392
1.5425604094119454 392353.5195842243 3741.9089793539847
1.5425714537251434 391854.6118903726 3745.11866042955
1.5425824965514932 391924.867099677 3771.426454021809
1.5425935378915836 391866.4500098289 3759.8544084153527
1.5426045777460051 391492.211398366 3728.769325835037
1.5426156161153484 389555.3371872142 3718.9195714548578
1.5426266530002026 387000.6778828405 3698.437959477459
1.5426376884011594 384127.6173143845 3741.3888367963123
1.542648722318807 381653.29843097174 3730.128055002253
1.5426597547537362 378953.49833174463 3737.945126703233
1.5426707857065383 376594.1109528605 3722.8931865433337
1.542681815177801 375202.19177238026 3705.446784656085
1.542692843168116 373986.9582981634 3665.0787690733287
1.5427038696780722 372565.70090567437 3660.5303089634403
1.5427148947082596 369824.11676671915 3681.297654718217
1.5427259182592687 368277.70870992035 3682.9897789248644
1.5427369403316888 367923.06540118816 3673.311765888154
1.5427479609261099 367581.91939057177 3709.178338164026
1.5427589800431223 366944.1912888584 3678.4202241339567
1.5427699976833145 364165.30165615707 3660.7508770102895
1.542781013847277 365174.31810925866 3676.168336813911
1.5427920285355994 367344.823306223 3684.7642237872724
1.5428030417488716 369823.27900577977 3693.6547661223303
1.5428140534876835 370806.2844888467 3701.928388156517
1.5428250637526233 372392.9388229534 3715.2105058806906
1.5428360725442822 374974.1895459861 3741.089087056176
1.5428470798632488 376654.8578867753 3741.370340098908
1.542858085710113 377071.2198581316 3742.156443930382
1.5428690900854645 377806.3449562375 3779.177475918503
1.5428800929898927 378424.35026543535 3817.5078744670864
1.5428910944239864 379008.73511710827 3855.46076086592
1.5429020943883358 377337.8886414083 3853.968228121524
1.5429130928835293 376045.7095663551 3794.4416777579972
1.542924089910158 373777.49325784046 3789.666338720065
1.5429350854688095 370638.08040709235 3770.343458305087
1.5429460795600733 367807.138134651 3781.950232232239
1.5429570721845403 364519.38934140233 3804.175024892612
1.5429680633427978 364886.3662027622 3789.093682430402
1.5429790530354364 364961.5130157267 3846.216101583423
1.5429900412630444 364811.0700221391 3749.1522130982326
1.543001028026211 363464.9063853278 3705.053829081907
1.5430120133255263 362483.9758671839 3723.6886757025704
1.543022997161578 363070.5598426622 3762.1226219018276
1.5430339795349561 362953.91406093247 3796.2295814140984
1.5430449604462497 362974.13217567315 3761.1954540029856
1.5430559398960477 364394.702426204 3766.0911685506044
1.5430669178849385 367487.59551672696 3809.957739307208
1.5430778944135122 369692.54180558084 3807.7148362924054
1.5430888694823568 370718.82620231435 3771.674279535427
1.5430998430920613 371480.1671987559 3781.5819302783707
1.5431108152432154 375028.8977234618 3796.1344110796103
1.5431217859364068 378840.8388256019 3838.508117460851
1.543132755172225 383121.1134933195 3922.313601364414
1.543143722951259 387323.4978537868 4428.335836436209
1.543154689274097 391350.3140691648 5681.974380841778
1.543165654141328 391378.6737464033 6638.720872483018
