igrins/spectra/eg_uma_H_20190319.ecsv
# %ECSV 1.0
# ---
# datatype:
# - {name: WAVELENGTH, unit: um, datatype: float64}
# - {name: FLUX, datatype: float64}
# - {name: ERROR, datatype: float64}
# schema: astropy-2.0
WAVELENGTH FLUX ERROR
[from data line 17807]
1.6944370494555858 324041.57982479106 2715.4137698802406
1.694449847969371 326157.9724427081 2719.632411635318
1.6944626447018067 328279.23989709094 2731.920532391396
1.6944754396533386 329498.3538145574 2744.157352587309
1.6944882328244115 331679.3026340927 2735.375058408187
1.694501024215471 333180.70344164013 2756.6268935768358
1.6945138138269618 336411.0337873303 2751.0331676236565
1.6945266016593314 339960.02784033306 2774.1551220370998
1.6945393877130241 342846.5276661996 2805.600852312722
1.6945521719884864 343618.7061097042 2802.4885574896894
1.694564954486166 342907.16904256475 2783.8409630764722
1.6945777352065077 342270.97956014966 2783.1635125721764
1.6945905141499595 342985.09759932256 2775.848902925568
1.694603291316968 342939.55827151175 2776.516778389726
1.6946160667079802 344041.08529730735 2771.368184453609
1.6946288403234446 344044.18690418353 2776.3464997609767
1.6946416121638073 344865.4838040164 2783.753881868426
1.694654382229517 346026.4420622108 2789.109821719493
1.6946671505210216 347547.11754294974 2806.4982143592506
1.6946799170387687 348460.12507974554 2814.803711014325
1.6946926817832082 348002.8369776496 2818.8158796099374
1.6947054447547871 347382.1874472322 2805.2324506712753
1.6947182059539552 346019.1356470264 2804.316790787171
1.6947309653811617 345301.561621098 2791.8038479949187
1.6947437230368554 344203.0113157805 2783.924382193683
1.694756478921485 343786.1489616808 2801.1581055327806
1.6947692330355015 343754.00270661066 2797.6478412597085
1.6947819853793544 345292.0150709443 2816.8902196010104
1.6947947359534932 346659.44651538716 2834.056569208794
1.6948074847583687 345413.51716119284 2821.2749005590513
1.6948202317944314 343770.4818573065 2812.590088276962
1.6948329770621313 343235.5853592987 2813.981701843559
1.6948457205619198 343537.87530952354 2819.6790820123806
1.6948584622942482 341923.535832907 2810.968257742859
1.694871202259567 339682.72121690866 2792.8665497696975
1.6948839404583285 337668.3586852049 2785.7348807731337
1.6948966768909834 335456.89243112766 2760.5597413446944
1.6949094115579857 332756.0921472601 2755.948352937036
1.6949221444597846 331521.2926281556 2754.8688378350435
1.694934875596834 331590.4243532865 2770.5619419366326
1.6949476049695869 330431.4574200631 2772.0038803157245
1.6949603325784945 328283.60044983577 2750.0049446152993
1.6949730584240112 326494.63888737763 2749.011685105805
1.6949857825065893 325903.0839324415 2761.7847548806135
1.6949985048266816 324831.0027040213 2748.3581975731445
1.695011225384743 324297.79916794226 2729.946310050125
1.6950239441812256 323677.87969376997 2748.858114667954
1.695036661216585 324070.75525160914 2740.5926534658006
1.6950493764912744 323700.0169947457 2744.9096540947858
1.695062090005748 324417.22214182006 2739.78191747408
1.6950748017604604 325542.33331276296 2762.5117771389014
1.6950875117558666 327528.29191748524 2764.2830683429684
1.6951002199924217 329863.2588904276 2778.617255690077
1.6951129264705804 331428.32795070903 2792.544721046472
1.6951256311907976 331763.42373713164 2791.45907635792
1.6951383341535307 330669.1532621305 2767.4347769812844
1.6951510353592338 329513.57720935205 2768.0300659965187
1.6951637348083626 330570.06777063245 2774.3404948252073
1.6951764325013747 332927.12176688295 2788.4232654391203
1.695189128438725 335761.80040578684 2795.436463607067
1.6952018226208714 337174.89843989816 2787.1067005303685
1.6952145150482696 337427.9674184658 2781.3791451732122
1.6952272057213775 337932.21816073393 2791.7184522530138
1.6952398946406508 338877.68548068806 2810.699722589654
1.6952525818065485 340409.4828821232 2803.900075039898
1.6952652672195279 341318.548406629 2810.8249594477165
1.6952779508800457 341115.3564430558 2814.8346445329826
1.6952906327885606 342629.18716583523 2814.1602406477673
1.6953033129455313 345158.09170239384 2840.7831106757685
1.6953159913514155 346898.9958290509 2859.9602489707795
1.6953286680066721 346525.08399840735 2862.1307121121467
1.6953413429117594 344947.5151859594 2850.8876951703314
1.695354016067137 345640.29044191935 2849.2819860142354
1.695366687473264 347014.02175626694 2861.412798472485
1.6953793571305997 349115.3873434474 2863.9256830170707
1.6953920250396035 350791.4595049161 2880.4651996834255
1.6954046912007357 352649.0446970633 2894.3894120905707
1.695417355614456 352929.33670241246 2905.578849860366
1.695430018281225 352367.77274373965 2898.959489931169
1.695442679201502 351038.3419542666 2902.262248436616
1.6954553383757491 349737.813717772 2937.4605933295775
1.695467995804426 349500.21369709406 3313.0494665756737
1.6954806514879948 350862.49503388593 4033.315535487869
1.6954933054269161 356332.31291296263 4877.0125771747
1.6955059576216511 359526.1487378653 5301.111104093781
1.6955186080726616 359844.9149851433 5149.703239828445
1.69553125678041 357399.0881349346 4485.073421823393
1.6955439037453572 354638.61273670377 3630.9806000905037
1.6955565489679674 350806.7051708819 3062.2397593185788
1.695569192448701 347548.70947794727 2945.0720137776157
1.6955818341880224 346182.4154775788 2901.5621641103603
1.6955944741863933 347895.57910624787 2854.4760884069015
1.6956071124442766 349110.7700817579 2856.051225972659
1.6956197489621363 348766.8063291101 2878.3832573723303
1.6956323837404355 349908.29393721605 2866.3417056414764
1.6956450167796389 349545.4583429221 2889.275273815636
1.6956576480802088 349105.0058180402 2881.306649478553
1.69567027764261 346497.4642619061 2883.2609361485934
1.6956829054673068 345351.60911919374 2864.3099848175957
1.6956955315547637 346342.4321514346 2868.427706080987
1.6957081559054457 347973.291205414 2863.4492508378057
1.695720778519817 348489.3893233341 2883.2162321741225
1.695733399398343 347907.3692975389 2874.9369786965767
1.6957460185414903 347052.69770551694 2873.576992160578
1.6957586359497219 346622.8707064255 2880.2256565282996
1.6957712516235048 346955.27822342725 2870.5709647251156
1.6957838655633055 347328.50770091254 2901.5901298790286
1.6957964777695895 347338.01344393555 2882.717351718191
1.6958090882428232 346056.7858508484 2879.510503466214
1.6958216969834727 344902.3387983148 2882.255786636397
1.695834303992006 343449.8818948629 2857.7402081711825
1.6958469092688888 341874.3414593544 2864.9173562873552
1.6958595128145886 339494.2483416388 2859.1690606580073
1.6958721146295725 336569.7717204635 2843.8655954284477
1.6958847147143084 334111.9675470415 2819.7089965632913
1.6958973130692643 331475.84635783517 2815.3832297679846
1.6959099096949082 330151.82944474276 2814.9714874930437
1.6959225045917072 329343.55876937066 2816.2457187787363
1.6959350977601308 329846.07747814327 2820.8476433496135
1.6959476892006464 328659.04072745936 2823.9344475106823
1.6959602789137243 328002.7544093792 2803.3344785399618
1.6959728668998322 325616.80152205576 2810.027893029155
1.6959854531594398 325577.00624625816 2784.197853684953
1.6959980376930166 325133.7201210229 2793.1467142359324
1.6960106205010312 326650.6744120925 2810.3988843304865
1.6960232015839551 327948.2227508911 2817.1806532166947
1.6960357809422573 328906.5152729872 2809.892283153954
1.6960483585764077 330399.41532088805 2816.9023133808673
1.6960609344868773 330687.5371906108 2837.5266764771845
1.6960735086741359 330819.0326145848 2820.490446981293
1.696086081138655 330126.9476881036 2807.681924335478
1.6960986518809058 331754.64771097136 2825.468535589827
1.6961112209013585 334354.8589090976 2826.735093020004
1.6961237882004858 336855.4451214648 2847.959524733202
1.6961363537787584 338757.74402018095 2863.6034604440724
1.696148917636648 341334.161869421 2869.6791080993194
1.6961614797746278 343215.3881245388 2881.4189628993163
1.6961740401931684 343652.891071236 2878.037146674365
1.6961865988927438 342526.6715764494 2868.6161864094543
1.6961991558738254 343930.5406985688 2876.3929919558673
1.6962117111368862 346291.9736888465 2927.7496555595044
1.6962242646824004 348024.1061237359 2909.914157880554
1.6962368165108395 348220.0739398403 2880.3917281523077
1.6962493666226786 348411.68763423024 2895.4112738990425
1.6962619150183906 350060.6528368519 2922.041639980917
1.6962744616984486 351771.91657518456 2930.711518323084
1.6962870066633284 352534.4397978247 2927.825302582154
1.6962995499135023 353522.27656339156 2917.8540295504786
1.696312091449446 352978.5984436249 2921.065763054528
1.6963246312716336 355021.0252279548 2930.593187011787
1.6963371693805405 354095.75742243265 3010.926070524699
1.6963497057766415 355461.9008024198 2921.043524416129
1.6963622404604115 354656.9498381772 2934.3072612306064
1.6963747734323273 355985.1798186197 2942.5597058149865
1.6963873046928633 355860.16632848326 2921.812293431473
1.6963998342424949 356014.8678897891 2932.533765127217
1.6964123620816995 356909.65240916 2935.512251933786
1.696424888210953 356291.5139447948 2942.1968638764056
1.696437412630732 355566.03939632594 2938.332491303634
1.6964499353415128 354975.36641302623 2939.3393505472377
1.6964624563437718 354676.9927139292 2959.293477611258
1.696474975637988 354740.9488738985 2947.808819799477
1.696487493224637 354369.96990631113 2959.277557522622
1.6965000091041966 353313.48680030584 2978.4437468991837
1.6965125232771445 352876.34422945743 2967.8583401196647
1.6965250357439592 352652.2045435822 2969.775416262819
1.696537546505119 354502.64025135833 2961.9789923245917
1.6965500555611008 354588.5557267798 2972.022482278245
1.6965625629123842 353021.6852628144 2938.368799037341
1.6965750685594476 350939.2865645287 2932.4498152110345
1.6965875725027704 349349.21654516895 2934.5120758226985
1.6966000747428316 349243.885036682 2931.491172532202
1.6966125752801104 348591.0950858647 2928.5725195360524
1.696625074115086 347449.4102896146 2935.5932601371596
1.6966375712482384 346150.8625320015 2943.9471258395492
1.6966500666800473 346278.83448925515 2946.515693661926
1.6966625604109935 347116.5693782433 2959.4498076073046
1.6966750524415575 347198.9646263316 2973.066874123336
1.6966875427722186 346400.8429523409 2979.5309908256863
1.6967000314034588 344823.5895637255 2992.229962080585
1.6967125183357585 344076.4238793211 3022.776518847125
1.696725003569599 344580.51971849706 3100.635896629984
1.696737487105462 347176.6999683394 3208.6523043269135
1.6967499689438277 350466.24078131834 3258.720615328944
1.6967624490851798 351206.99575116683 3245.3867244057674
1.6967749275299988 348703.0592085304 3156.328149499631
1.6967874042787685 343123.3860021952 3084.795016812291
1.696799879331969 340056.62169747485 3081.3257361459823
1.696812352690085 341923.1018292584 3147.5500066165573
1.6968248243535984 345108.5839018739 3196.2330284162226
1.6968372943229921 347791.8553610822 3128.7304351750295
1.6968497625987498 346638.2941324347 3045.4122034608586
1.696862229181354 345312.8791786869 2992.9141681503506
1.6968746940712887 342985.4869269638 2964.842151477346
1.696887157269039 342106.06964374386 2934.837846093384
1.696899618775087 342886.22694414994 2936.616935288198
1.6969120785899183 344491.36969695636 2938.7050473730983
1.696924536714016 345644.939000464 2952.627817521334
1.696936993147866 345110.4690846617 2939.059113272223
1.6969494478919531 345489.8587352802 2918.795700647705
1.6969619009467614 346370.56549203885 2946.356239403649
1.6969743523127763 347663.8084278274 2957.106567612536
1.696986801990484 347706.5235166841 2950.1600399683994
1.6969992499803697 347442.5290361681 2959.817300738436
1.6970116962829187 347261.2838926433 2957.1763948674666
1.6970241408986178 347406.6889960817 2959.4885488125283
1.6970365838279535 347605.57523514197 2960.162483685218
1.6970490250714116 348364.0480160945 2963.650369760416
1.6970614646294786 348528.8617702869 2964.7090638880572
1.6970739025026427 347702.37941965257 2957.6162630454473
1.697086338691389 346483.0284112029 2959.805314210198
1.6970987731962066 344058.05167822586 2956.3886717484766
1.6971112060175815 341257.4172435942 2957.1535322363543
1.6971236371560023 338590.9707795687 3001.5934809438354
1.6971360666119568 337238.792968569 3064.681508375876
1.6971484943859327 339290.0447201797 3171.710102990771
1.6971609204784184 343089.4471171771 3246.112234821374
1.6971733448899031 343964.55286763294 3212.7433258575875
1.6971857676208737 342313.41636074014 3060.126855341327
1.6971981886718213 336789.80510345066 2984.8023866719527
1.6972106080432334 334701.64221232117 2932.8107116013625
1.6972230257356002 333367.0176151409 2969.9675495117567
1.697235441749411 332183.57734327996 3015.044297527851
1.6972478560851552 329919.79885125026 3056.0843220026377
1.6972602687433225 327788.78126279503 3230.1864465957447
1.6972726797244044 333279.96917270654 3438.5369468986487
1.6972850890288895 342586.19605875143 3558.991677520321
1.6972974966572698 348375.77167268586 3446.2134090106993
1.6973099026100344 344750.93759363564 3204.1287414273766
1.6973223068876764 339296.96311843616 3054.788047004873
1.6973347094906848 336772.3728741194 3046.6385093217873
1.697347110419552 338243.7076798903 3020.6995579625063
1.6973595096747693 340069.82198601787 3022.490316460404
1.6973719072568283 342167.0254843178 3025.5119265961525
1.697384303166222 345011.31967867934 3033.4676349626243
1.6973966974034413 345874.418896269 3047.8948568464452
1.6974090899689784 344802.97710797586 3011.971465858304
1.6974214808633274 345119.55382233975 2968.650529380236
1.69743387008698 345220.3548921869 2982.7691861381927
1.6974462576404286 345635.07472035906 2959.36966945871
1.6974586435241672 345152.0319199346 2950.2651499977997
1.697471027738689 345166.17029934644 2967.7152890184852
1.6974834102844885 346630.26550375216 3003.0576294148464
1.6974957911620572 346134.3062121137 3037.152166287743
1.6975081703718913 344597.10103818227 2999.1047364769474
1.697520547914484 341838.0060529311 2946.9535463067687
1.6975329237903294 339091.5224892739 2932.3672703528896
1.6975452979999235 337223.71700056916 2908.30612883799
1.6975576705437592 335382.57928324514 2908.0659710698274
1.6975700414223327 333274.8909091506 2901.0960418648106
1.697582410636139 329315.4035248222 2890.133171338265
1.6975947781856735 327414.8841768864 2873.5591206549016
1.6976071440714318 326484.4950687168 2864.6734855903946
1.6976195082939092 328204.4925925984 2885.1321318929313
1.697631870853603 328039.90796760336 2884.8290848130014
1.6976442317510076 327812.92013775546 2886.0396555805964
1.697656590986621 326858.51089669345 2890.136199362399
1.697668948560939 327392.29579001537 2879.863077584536
1.6976813044744588 328547.143749903 2894.4610969066716
1.6976936587276779 329749.1983228895 2890.2171043779094
1.697706011321092 330513.4130306139 2898.7649410843183
1.6977183622551997 329778.88005868706 2917.5462843355526
1.6977307115304987 331662.7765008316 2905.5417358677014
1.6977430591474862 332106.29397369386 2933.8168986874616
1.6977554051066612 335810.29949055053 2917.089970108089
1.697767749408521 336805.21759027406 2934.6480353607208
1.6977800920535642 339201.51141777047 2930.665034785806
1.6977924330422904 337849.87709883304 2949.343498428851
1.697804772375197 338469.8353973523 2935.3611156237744
1.6978171100527844 337216.6366303754 2955.6694425501896
1.6978294460755508 338128.1715614585 2942.467024733555
1.697841780443997 337451.07594814955 2952.206698138209
1.6978541131586211 337799.5101952583 2935.7856139183746
1.6978664442199238 337774.1364563679 2947.6516541741867
1.6978787736284051 338267.09335942066 2943.969304468699
1.6978911013845657 339156.4280599948 2948.369602745683
1.697903427488905 340760.6707524686 2957.995659791679
1.6979157519419255 340792.938703881 2977.980633763392
1.6979280747441259 341790.4875956257 2979.835591981513
1.697940395896009 341355.685934984 2969.3995436537452
1.6979527153980751 342154.8746702662 2976.351058634201
1.6979650332508263 341503.0641682111 2976.020564571914
1.6979773494547645 341607.6868802529 2964.104868842937
1.6979896640103904 341369.04010517866 2960.6635340353873
1.6980019769182075 341592.0153438909 2948.926072609528
1.6980142881787175 341594.12160887755 2952.097894974961
