igrins/spectra/eg_uma_H_20190319.ecsv
# %ECSV 1.0
# ---
# datatype:
# - {name: WAVELENGTH, unit: um, datatype: float64}
# - {name: FLUX, datatype: float64}
# - {name: ERROR, datatype: float64}
# schema: astropy-2.0
WAVELENGTH FLUX ERROR
[from data line 22777]
1.7551551617805405 275813.51717038004 10386.0068359375
1.7551667540477711 330194.7605118195 14030.6083984375
1.7551783450549419 388631.5801771982 12891.625
1.755189934802782 419683.1280660959 9594.7646484375
1.7552015232920235 410470.982568039 6880.8173828125
1.7552131105233972 385484.37565603235 5274.5791015625
1.7552246964976361 361491.1730092466 4376.65478515625
1.7552362812154712 343555.3481187044 3803.662109375
1.7552478646776355 332505.4093556501 3472.88623046875
1.7552594468848617 325155.4336007342 3273.625732421875
1.7552710278378838 321449.1837607691 3150.426513671875
1.755282607537435 317357.612395663 3054.22314453125
1.755294185984249 314127.4463761462 2919.0927734375
1.7553057631790607 311612.1713364249 2898.89013671875
1.7553173391226045 309765.3246460383 2881.475341796875
1.7553289138156156 309227.60552315763 2844.22705078125
1.75534048725883 307267.06025260047 2827.220947265625
1.7553520594529832 305954.1463958679 2789.578857421875
1.755363630398811 305661.90358991345 2751.878662109375
1.75537520009705 304580.8964070389 2732.5166015625
1.7553867685484381 303728.1052737045 2704.16015625
1.7553983357537115 302210.39361827937 2731.5048828125
1.7554099017136082 302425.5132118038 2744.35205078125
1.755421466428866 300995.1970977806 2749.58056640625
1.7554330299002239 299099.3447032106 2730.38623046875
1.7554445921284196 298163.1348249231 2722.004638671875
1.7554561531141937 299380.5052076987 2725.879638671875
1.7554677128582843 300047.15473330434 2725.5595703125
1.755479271361432 299275.4176107481 2715.98193359375
1.7554908286243767 298664.7432985141 2709.623291015625
1.7555023846478592 297529.5936107415 2728.17724609375
1.7555139394326196 296738.3465214404 2727.123291015625
1.7555254929793997 296911.54490870703 2707.275146484375
1.7555370452889423 296874.87171968364 2718.99658203125
1.7555485963619872 299499.78544889943 2749.28759765625
1.7555601461992787 301095.8084479184 2814.215087890625
1.755571694801558 305776.51500143606 2827.054931640625
1.7555832421695694 308865.12702526286 2861.682373046875
1.755594788304056 310745.8197157798 2842.813720703125
1.7556063332057608 311260.50882522797 2805.568603515625
1.755617876875429 311042.10436351027 2767.6611328125
1.755629419313804 310205.3090077557 2758.5888671875
1.7556409605216328 310095.20715631143 2719.529052734375
1.755652500499659 310181.1645491 2735.766845703125
1.755664039248628 310940.4394025927 2734.898193359375
1.7556755767692866 311664.49224590394 2723.45849609375
1.7556871130623812 311104.3470280691 2737.043212890625
1.755698648128658 312333.7699641317 2728.193603515625
1.7557101819688647 312398.65809431736 2716.8779296875
1.755721714583748 313613.0316255422 2714.42138671875
1.7557332459740562 313810.8476453632 2714.864501953125
1.755744776140537 313406.48368067725 2723.906494140625
1.7557563050839393 313335.86816136696 2726.911376953125
1.7557678328050124 312992.32123486407 2727.145751953125
1.7557793593045046 312322.4351279694 2722.8994140625
1.7557908845831662 311295.1995803623 2727.307373046875
1.755802408641747 310055.0640875045 2708.478759765625
1.755813931480997 313440.46070541075 2697.83935546875
1.7558254531016675 317187.947475554 2791.661376953125
1.7558369735045092 319158.54145049374 2796.20947265625
1.7558484926902742 316877.22056342405 2743.77685546875
1.7558600106597126 313651.16668388346 2759.756103515625
1.7558715274135785 312623.9359766604 2711.640380859375
1.7558830429526233 312357.9112642213 2723.284423828125
1.7558945572776006 311977.9081542728 2723.95849609375
1.7559060703892628 310227.2477583063 2726.053955078125
1.7559175822883641 309027.76302510063 2704.640380859375
1.7559290929756581 307449.5799847063 2718.54052734375
1.7559406024518995 307895.0776448202 2705.284423828125
1.7559521107178424 307480.28831398627 2688.809814453125
1.7559636177742428 309115.6718934684 2693.65869140625
1.755975123621855 310440.1235548609 2711.849609375
1.755986628261436 310797.95213367103 2711.7041015625
1.7559981316937407 310640.9822962965 2699.145751953125
1.7560096339195264 310927.9515685945 2715.41357421875
1.7560211349395503 311222.18664453976 2728.189208984375
1.7560326347545685 310671.14968173706 2707.692626953125
1.7560441333653392 308908.1017083858 2700.946044921875
1.7560556307726205 309902.98275340407 2671.626708984375
1.7560671269771704 310870.09879125934 2684.308349609375
1.7560786219797477 313184.214674727 2702.916259765625
1.7560901157811117 314529.607762883 2706.501220703125
1.7561016083820218 315373.0553461584 2711.293701171875
1.7561130997832375 313783.35479515366 2702.10546875
1.7561245899855187 312936.83965147537 2689.977294921875
1.756136078989626 311531.3003449018 2719.82421875
1.7561475667963216 312214.6343886917 2699.863037109375
1.7561590534063647 311308.4116770077 2707.291748046875
1.7561705388205173 312819.369664642 2680.747314453125
1.7561820230395424 313906.42642002675 2688.51904296875
1.7561935060642018 314619.4743689542 2709.498779296875
1.7562049878952581 312517.8232539449 2743.809326171875
1.7562164685334738 310381.6609858087 2707.362548828125
1.7562279479796137 307692.82781790616 2709.644287109375
1.7562394262344398 306508.81536157953 2682.097900390625
1.7562509032987168 304528.01079373516 2677.150390625
1.7562623791732102 303370.10686196864 2694.271728515625
1.7562738538586842 301909.9422239343 2694.70458984375
1.7562853273559036 300132.78106008895 2703.755859375
1.756296799665634 299322.62671030924 2697.71044921875
1.7563082707886413 299633.6147663006 2707.669189453125
1.7563197407256932 300785.0455534015 2707.633056640625
1.7563312094775545 300795.8806788342 2688.419677734375
1.7563426770449937 299554.3339586925 2671.9765625
1.7563541434287768 298963.36175032053 2664.917724609375
1.7563656086296722 298550.25473079947 2680.184326171875
1.756377072648448 297435.43848703266 2660.88916015625
1.756388535485873 296157.6552089966 2641.9111328125
1.7563999971427158 296225.61632251216 2652.611572265625
1.7564114576197452 298283.7641124051 2687.155029296875
1.7564229169177314 299801.5454638635 2714.121337890625
1.756434375037444 299483.5647270315 2721.928955078125
1.7564458319796528 299447.00754696946 2694.260009765625
1.7564572877451292 300587.76033267623 2722.374755859375
1.7564687423346441 302322.6502214874 2741.446533203125
1.7564801957489682 303098.9254406643 2720.92041015625
1.7564916479888746 302500.1319149862 2716.37353515625
1.7565030990551338 301840.72571545956 2698.436279296875
1.7565145489485197 301255.5754254848 2690.218505859375
1.7565259976698042 300759.83091358177 2690.298095703125
1.7565374452197595 299488.31463472743 2678.860107421875
1.7565488915991618 299061.6559729582 2672.0556640625
1.7565603368087834 299084.9704307042 2697.988525390625
1.7565717808493984 300344.02858908795 2699.4052734375
1.7565832237217818 300059.26343726617 2691.376220703125
1.7565946654267084 300606.7528790781 2692.243896484375
1.756606105964954 300105.390262624 2719.7880859375
1.7566175453372939 299872.41351740656 2724.157470703125
1.756628983544504 298131.3188863392 2713.6689453125
1.756640420587362 297774.02452955395 2715.633544921875
1.7566518564666431 297594.6170834052 2736.124755859375
1.756663291183126 297269.8435043772 2748.363037109375
1.7566747247375865 297964.1687063955 2751.49658203125
1.7566861571308032 297746.9758801302 2776.066162109375
1.7566975883635554 300137.81558423874 2779.430908203125
1.7567090184366205 300823.3460446339 2837.219482421875
1.7567204473507776 303241.7294112538 2886.645263671875
1.7567318751068066 303859.2715930961 2947.54736328125
1.756743301705487 303570.01282611786 3039.620361328125
1.756754727147599 298875.9234848139 3147.03662109375
1.7567661514339223 292510.6328371094 3288.75
1.7567775745652388 281628.15795997845 3601.53466796875
1.7567889965423285 271760.9043172086 4071.618896484375
1.7568004173659737 268361.1741393599 5001.75048828125
1.7568118370369565 287741.22506217274 6750.7041015625
1.7568232555560588 333257.03636055975 8689.7578125
1.7568346729240627 379120.2635026213 8642.4951171875
1.7568460891417523 399602.2260486968 6915.169921875
1.7568575042099093 387385.7350753661 5274.263671875
1.7568689181293191 364293.9090408594 4299.68408203125
1.7568803309007648 345275.86482643004 3725.59375
1.756891742525031 333494.44720775174 3382.5869140625
1.756903153002903 328414.14500503935 3175.201416015625
1.7569118574759996 322209.23096555856 nan
1.7569145623351645 316718.929846015 3065.86669921875
1.7569255071803327 314146.79362925485 2986.300259839787
1.756939155005425 310456.14247961645 2938.0108344726996
1.7569528009515292 308449.82494744053 2922.246557612356
1.7569664450188993 309866.3945449062 2921.259095347917
1.7569800872077883 311110.381854007 2958.6881392762843
1.75699372751845 312204.4454813297 2921.2628773486645
1.7570073659511392 311086.8956122787 2858.046870616718
1.7570210025061113 309474.3738090538 2819.6959112432737
1.7570346371836214 307942.6780158054 2793.725553643473
1.7570482699839252 307585.980145874 2764.2831717974836
1.7570619009072792 308779.8761691754 2763.873043887494
1.7570755299539391 309527.2396179263 2790.452996885661
1.757089157124163 309941.69803403376 2776.9518170188057
1.7571027824182086 309937.03380407393 2778.5921964534723
1.7571164058363336 310478.1460431861 2781.353595966304
1.7571300273787958 309468.2792439478 2787.121025696521
1.7571436470458544 308463.1399355185 2766.67130704013
1.7571572648377691 307540.9135384489 2769.7768640591953
1.757170880754799 307097.2748035436 2770.818305997558
1.757184494797205 307852.681543723 2773.461570802239
1.7571981069652467 307405.0723885722 2796.6382852425886
1.7572117172591857 307609.26810857316 2795.208377144404
1.7572253256792831 306457.6143633382 2806.0952397521082
1.7572389322258015 304823.9989376883 2796.269485894158
1.757252536899002 302508.4501334971 2786.223777808084
1.7572661396991474 298281.5525584447 2787.9131112941327
1.7572797406265028 296438.71533035056 2790.4104342699297
1.7572933396813295 295397.191518787 2812.0336844691265
1.757306936863892 295159.5077273738 2831.4020299382278
1.7573205321744554 292393.1988864471 2840.0744289961817
1.7573341256132844 289538.73921627476 2861.794896267282
1.7573477171806444 287878.42202392884 2916.0261933299125
1.7573613068768001 286944.4457594084 2999.218252764344
1.7573748947020196 284586.98749669536 3103.380821440661
1.7573884806565674 279546.8372921615 3271.8764895274426
1.7574020647407116 272344.7994345952 3524.0043941855547
1.7574156469547195 263951.0532725467 4022.369660375124
1.757429227298859 254655.25877264427 5059.713085279915
1.757442805773399 259081.07606678936 7217.30599837233
1.7574563823786074 293529.35289643053 11126.74002649136
1.7574699571147536 347445.0200353262 12789.314008769074
1.7574835299821074 384368.91279256274 9768.3668607667
1.7574971009809384 385003.2987687099 6719.2539163247475
1.757510670111518 362604.1892505529 4940.884780250556
1.7575242373741158 342299.4642304806 4045.0467267192375
1.7575378027690038 327921.32657759765 3567.8382397745213
1.7575513662964548 318961.27004865056 3293.068577428473
1.7575649279567391 313436.2343466342 3118.5628154062483
1.7575784877501313 310276.2925435583 3013.7550382471713
1.7575920456769027 308816.8702325467 2974.6800975672595
1.7576056017373274 309346.29056007083 2941.278908628595
1.7576191559316805 309756.2068313756 2877.1343204231794
1.7576327082602337 311420.9651017765 2876.826996927535
1.7576462587232649 314937.1047885106 2902.39078785504
1.7576598073210474 320268.15218559187 2962.095547964059
1.757673354053857 322973.67379351985 2968.2623576686365
1.7576868989219705 322553.81644935574 2898.704078526744
1.7577004419256632 320399.733986447 2844.525971755679
1.7577139830652135 319842.32691278076 2869.020406668934
1.7577275223408986 319907.14443803823 2859.6107984944156
1.7577410597529948 320433.9402462109 2860.372645401038
1.7577545953017824 321746.05871930136 2872.2354858820304
1.757768128987538 322284.03774641204 2902.4687084487155
1.7577816608105425 322237.58394093585 2889.7508661954566
1.757795190771074 321165.58144123986 2877.3344455868764
1.7578087188694136 320492.2781257547 2858.9946306597517
1.7578222451058414 320948.21987475746 2845.2898784631752
1.7578357694806381 321071.75961467274 2841.1976353849127
1.757849291994085 321359.4344242252 2826.4868796554615
1.757862812646463 321956.081411248 2830.30653943082
1.7578763314380557 322727.4432669672 2840.0551176362096
1.7578898483691445 323774.111757827 2835.6720006066403
1.7579033634400132 324019.7477963258 2829.5604262801803
1.7579168766509443 323847.02112529473 2830.8068272210444
1.7579303880022226 322526.3061207574 2811.5615887423537
1.757943897494132 321823.2490087429 2804.8693622145083
1.7579574051269566 321680.97815566976 2810.617359712831
1.7579709109009827 310303.98377494555 2787.453451974346
1.7579844148164951 304427.15310914227 2726.709746484833
1.75799791687378 306054.98850976623 nan
1.758011417073124 324963.8780852251 2816.089646472963
1.7580249154148133 325022.1430758842 2836.4576976857734
1.758038411899136 323786.6162687797 2840.462112182619
1.7580519065263795 321806.3733143462 2818.5558065210785
1.7580653992968318 318692.20882754575 2797.4964855659255
1.7580788902107818 316011.46142385516 2780.8930469599245
1.7580923792685181 313592.70810210897 2790.299268815914
1.758105866470331 310793.2180684954 2782.925262240835
1.758119351816509 308907.2310448141 2774.1251240624247
1.7581328353073442 306982.5948441332 2780.6506701871467
1.7581463169431262 305215.2152462378 2778.739511039614
1.7581597967241465 302651.3056030374 2760.262626609787
1.7581732746506957 300865.8160726802 2736.8211635677267
1.7581867507230675 300860.2679567462 2734.931183871368
1.7582002249415534 300897.78996083094 2760.441118875246
1.7582136973064464 301342.0974306071 2761.179689182502
1.7582271678180408 301653.7509952674 2761.5353196826773
1.7582406364766283 302462.89939670695 2755.755574494458
1.758254103282505 303312.72030421544 2762.938772128898
1.7582675682359652 304605.15872224694 2772.267383481244
1.7582810313373025 306752.38777690695 2771.4275256786864
1.758294492586815 308602.2689860902 2782.27527260265
1.7583079519847962 309355.9712472399 2775.779966146829
1.7583214095315431 310043.6585257473 2765.092167940478
1.7583348652273536 311899.7365352311 2768.591556492484
1.7583483190725238 315154.91644848033 2788.511669507935
1.7583617710673516 317792.5652092604 2799.9751220783755
1.7583752212121353 318321.4888790584 2799.747710193939
1.7583886695071727 315769.03736921574 2784.1595837953596
1.758402115952764 312949.0595230353 2771.942764077836
1.7584155605492073 310895.0054943405 2772.174015924134
1.758429003296804 310442.81280811667 2778.4133734860566
1.7584424441958517 308958.30915511854 2777.4566787820613
1.758455883246654 307468.81210178573 2771.299630868323
1.7584693204495099 305598.83560817316 2783.131591446845
1.7584827558047227 305465.3581183814 2776.7613974903834
1.7584961893125926 306824.9566939905 2789.269029501405
1.7585096209734232 308718.8808772997 2807.0048840342083
1.758523050787517 308860.1592287939 2799.0373734807026
1.7585364787551763 307956.67986770463 2753.67374574493
1.7585499048767064 307959.98972097255 2769.0747222751497
1.7585633291524105 308002.5226110177 2787.738472345505
1.7585767515825932 308051.9183163318 2777.0517809063995
1.7585901721675596 306883.85150200594 2785.319188989046
1.7586035909076156 306787.34940580017 2755.8215086894184
1.758617007803066 306800.1806472329 2764.9089805277995
1.758630422854218 307521.27542768116 2768.924207643905
1.7586438360613779 306881.5121035459 2778.46462797625
1.7586572474248527 308674.4252039485 2770.1984099195333
1.758670656944951 310471.9938057231 2809.886345631296
1.7586840646219783 312517.2549228465 2812.3163663330806
1.7586974704562457 311145.16313888977 2800.6834077476697
1.7587108744480617 310375.97787584673 2787.473996985929
1.7587242765977344 310476.8527041167 2783.5706400357763
1.7587376769055738 311036.0188417115 2812.790539764483
1.7587510753718905 310847.2875079832 2797.686527762125
1.758764471996995 311312.9825315509 2804.7713418435824
