igrins/spectra/eg_uma_K_20190319_smoothed.ecsv
# %ECSV 0.9
# ---
# datatype:
# - {name: WAVELENGTH, unit: um, datatype: float64}
# - {name: FLUX, datatype: float64}
# - {name: ERROR, datatype: float64}
# schema: astropy-2.0
WAVELENGTH FLUX ERROR
[from data line 18265]
2.1206275158441508 185383.58692972528 1513.973429361979
2.1206418587117692 185430.65487193476 1512.3817138671875
2.1206561998044045 184962.92293390568 1509.8744710286458
2.120670539122221 185380.98307698246 1513.481730143229
2.1206848766653827 186126.50704896846 1517.8260498046875
2.120699212434051 187176.65585405586 1522.7736002604165
2.1207135464283886 187060.21130662726 1521.6496175130208
2.1207278786485553 186537.45834038995 1522.3568929036458
2.120742209094712 185741.25899926721 1522.7563069661458
2.1207565377670186 185497.96813841216 1524.3810628255208
2.1207708646656322 184788.97623094267 1521.4359130859375
2.1207851897907117 184312.22533960655 1517.3441975911458
2.1207995131424133 183747.41895009464 1511.7300618489583
2.1208138347208934 184156.1264058486 1511.0048828125
2.120828154526307 184462.31009487473 1512.267130533854
2.120842472558808 184048.72199972844 1508.1510416666665
2.1208567888185517 183370.83290972287 1507.6361083984375
2.1208711033056895 182489.82006751932 1505.1131998697915
2.1208854160203727 182194.89237022947 1505.180460611979
2.120899726962755 182075.22761392262 1503.1971028645833
2.120914036132984 182196.66529454262 1503.2015787760415
2.120928343531212 181667.90872013697 1504.0709228515625
2.120942649157586 181158.12356297375 1501.7620442708333
2.120956953012253 181137.45228145565 1501.8692626953125
2.1209712550953634 181958.10325509871 1506.3706868489583
2.120985555407061 182464.6877930279 1517.6266276041665
2.1209998539474917 182650.05905649185 1536.0850830078125
2.1210141507168006 182703.1356264818 1556.042236328125
2.1210284457151314 182263.8492077919 1567.7945149739583
2.121042738942628 182626.60187983804 1564.0887451171873
2.121057030399431 182491.44607244164 1545.7034505208333
2.121071320085684 182698.13137362897 1526.6653645833333
2.1210856080015255 182344.8159733712 1514.8044026692708
2.121099894147097 182417.98864029336 1511.293701171875
2.1211141785225367 182774.64571812568 1508.2518717447915
2.1211284611279826 183051.30882879812 1506.728800455729
2.121142741963573 183164.62877622104 1507.9750569661458
2.1211570210294446 183445.4497491239 1509.9938151041665
2.121171298325732 183302.29001109453 1507.3203938802083
2.1211855738525713 183241.80571031183 1497.5055338541665
2.1211998476100966 183006.21886450457 1493.465861002604
2.12121411959844 183084.4207453377 1494.6649983723958
2.1212283898177353 183564.1913628305 1501.5197347005208
2.121242658268115 183976.72367860208 1504.5746256510415
2.1212569249497086 184623.51346595737 1505.766153971354
2.1212711898626457 184880.88418744772 1508.2689208984375
2.1212854530070575 185249.9404000235 1511.9287109375
2.121299714383072 185511.2644271916 1518.0946858723958
2.1213139739908153 185796.0482693177 1523.1447347005208
2.1213282318304167 186048.25153274386 1528.9916585286458
2.1213424879020004 186715.4252028289 1536.0901692708333
2.121356742205693 187151.79666344333 1541.9471435546875
2.1213709947416173 187324.63142831286 1544.0392252604165
2.1213852455098983 186614.7564161733 1537.8040771484373
2.1213994945106593 186324.5724193411 1530.658935546875
2.1214137417440213 186600.7423527785 1525.971476236979
2.1214279872101054 186940.31882992946 1522.4690755208333
2.121442230909032 186756.2755037902 1521.4640706380208
2.121456472840922 186182.86788294849 1521.8699544270833
2.1214707130058934 185771.8170020298 1526.6451822916665
2.1214849514040632 185713.82164384075 1530.9884440104165
2.1214991880355503 185098.50138832603 1531.532470703125
2.1215134229004695 184698.8688611734 1529.1759847005208
2.1215276559989373 183947.50858639795 1522.5733235677083
2.121541887331069 183980.1728501488 1516.7649739583333
2.1215561168969765 183468.07301924715 1510.3267415364583
2.1215703446967753 183649.82183478907 1510.2099202473958
2.1215845707305756 184138.68218146497 1511.964640299479
2.12159879499849 184624.9843718469 1513.7374267578125
2.1216130175006294 184473.6777635715 1511.7784830729165
2.1216272382371026 183444.3736518323 1507.976318359375
2.1216414572080207 183166.22062889987 1507.3837483723958
2.1216556744134896 183336.11973975186 1509.7589925130208
2.1216698898536177 183721.45050438883 1511.0316569010415
2.1216841035285126 183715.13613792442 1510.028564453125
2.1216983154382794 183558.70376712657 1509.409952799479
2.1217125255830225 183672.9389655798 1512.0556640625
2.121726733962846 184233.5620007794 1515.429443359375
2.1217409405778547 184151.8037347686 1521.1493733723958
2.1217551454281502 184334.78185366048 1533.517578125
2.1217693485138343 183927.2573100694 1549.6070149739583
2.121783549835008 183993.94486125832 1562.4312744140625
2.121797749391772 184392.52487103833 1562.366007486979
2.121811947184225 184862.50185195642 1549.5208740234373
2.1218261432124663 185547.07617025034 1533.958292643229
2.1218403374765926 185158.9189212543 1519.3958740234375
2.1218545299767015 184582.00081029243 1513.0503743489583
2.121868720712889 183977.8453656489 1511.518310546875
2.1218829096852505 184123.22654502548 1515.1560872395833
2.1218970968938797 184633.09018407133 1519.8505859375
2.1219112823388713 184665.6466953127 1520.4401041666665
2.121925466020318 184419.47303824848 1520.3599853515625
2.121939647938311 183933.13785051933 1519.212646484375
2.1219538280929426 183726.50023952717 1520.6346842447915
2.1219680064843027 183107.7921683275 1519.912638346354
2.1219821831124808 182797.1076066897 1518.6290283203125
2.121996357977566 182861.46238667675 1517.981241861979
2.122010531079647 183267.5271659271 1522.152587890625
2.122024702418809 183313.98003935895 1529.9173583984375
2.122038871995141 182806.0984386707 1534.126261393229
2.122053039808726 182204.57704843048 1531.9802246093748
2.1220672058596506 182897.46718697267 1524.5053304036458
2.1220813701479977 183442.72509223776 1515.0933430989583
2.122095532673851 183769.11352535163 1508.3249104817708
2.1221096934372934 183223.27827938553 1504.352579752604
2.122123852438405 183093.0189578851 1505.1006673177083
2.122138009677268 182993.26274313676 1504.5989583333333
2.1221521651539605 182650.09695840077 1502.7899169921875
2.122166318868562 182137.97167364025 1499.62646484375
2.122180470821153 181910.6351319809 1498.5685221354165
2.1221946210118086 181822.77537952113 1496.8392740885415
2.1222087694406064 181089.34589823117 1492.0718994140625
2.122222916107622 180252.3619072684 1484.4710286458333
2.1222370610129313 179626.09701341938 1482.588623046875
2.122251204156607 179538.56052121974 1483.0301513671875
2.1222653455387235 179559.50481267652 1484.4770100911458
2.1222794851593525 179577.66185434852 1481.6541748046875
2.1222936230185674 180441.37798399696 1484.1578369140625
2.122307759116438 180809.11200101534 1488.4283447265625
2.122321893453035 181324.42020325264 1492.7168782552083
2.122336026028427 180634.68577879423 1491.6659342447915
2.122350156842684 180911.44686957385 1490.8050130208333
2.122364285895872 180307.26496113423 1488.793253580729
2.122378413188059 180617.0658603693 1489.2448323567708
2.1223925387193114 180775.27153847239 1489.7566731770833
2.122406662489693 181665.49071782333 1492.0358479817708
2.122420784499271 182180.57639718897 1492.4498697916665
2.122434904748106 182469.07245704558 1494.4319661458333
2.1224490232362627 183058.02811021084 1501.2481282552083
2.1224631399638034 184196.33435717953 1512.4522298177083
2.122477254930788 185472.43640045339 1522.39306640625
2.122491368137278 185940.69342439316 1523.6928304036458
2.1225054795833334 185344.48252222533 1515.7231038411458
2.122519589269012 185222.95278072485 1509.7067464192708
2.1225336971943722 185957.1779136064 1507.8539225260415
2.1225478033594714 187477.34807304753 1512.805460611979
2.1225619077643656 188517.95218126365 1514.5343424479165
2.122576010409111 189086.6049181356 1513.8133138020833
2.1225901112937624 189253.20589352062 1513.6913655598958
2.1226042104183724 188518.95047430214 1509.4922688802083
2.122618307782996 187800.50506757182 1508.1256917317708
2.122632403387685 187225.00101277404 1504.5118815104165
2.12264649723249 187112.65716258975 1507.7561848958333
2.1226605893174626 186457.02389869065 1507.7880859375
2.122674679642653 185218.42095117675 1504.4952392578125
2.1226887682081097 183934.7025170838 1497.7144368489583
2.122702855013882 183026.75354557403 1494.103068033854
2.122716940060015 183277.80828119867 1494.2764892578125
2.122731023346558 183999.87952508297 1496.5481770833333
2.1227451048735566 184247.76556055414 1498.564982096354
2.122759184641053 183838.69035398497 1499.4059651692708
2.1227732626490954 182707.69945519138 1497.350382486979
2.1227873388977248 182296.103491641 1494.732177734375
2.122801413386984 181804.13703589287 1491.3955078125
2.1228154861169166 181537.44944105917 1488.321533203125
2.122829557087561 181215.14007480175 1487.635538736979
2.122843626298959 181368.75169131067 1488.630126953125
2.1228576937511505 181481.51657163232 1491.440185546875
2.1228717594441724 181163.82078761846 1491.580851236979
2.1228858233780636 180826.5442437546 1492.811808268229
2.1228998855528607 181214.83034115672 1494.7456868489583
2.1229139459686004 181995.63877955888 1497.433146158854
2.1229280046253174 183122.21941320243 1499.7582600911458
2.1229420615230463 183738.0538132391 1504.4198811848958
2.1229561166618214 184420.6624434181 1509.3854573567708
2.1229701700416745 183681.30107367577 1505.297607421875
2.1229842216626387 183570.3003225695 1500.8561604817708
2.1229982715247457 183822.24715764046 1501.8052571614583
2.123012319628024 184762.08431352972 1510.57177734375
2.1230263659725055 185400.74990397668 1515.2974853515625
2.1230404105582177 185648.8585816864 1512.3782552083333
2.123054453385189 186543.21380997266 1514.1979166666665
2.123068494453447 187217.21398411176 1522.7831624348958
2.123082533763018 187407.03881744633 1537.432657877604
2.1230965713139263 186683.99128951557 1548.5345458984375
2.123110607106199 186281.76028110093 1553.0375162760415
2.1231246411398588 185830.56157766533 1547.4933268229165
2.123138673414929 186152.2389393397 1538.5172119140625
2.1231527039314315 185573.15851437414 1527.5348307291665
2.123166732689388 184793.1152775389 1522.0665690104165
2.123180759688821 183362.79100776662 1533.4033203125
2.1231947849297486 183375.74460827047 1612.030314127604
2.1232088084121905 183656.181339601 1769.1273193359375
2.1232228301361644 184078.12232533886 1944.7773437499998
2.1232368501016885 183561.8415082641 2036.353556315104
2.12325086830878 183415.6486597471 1977.49755859375
2.123264884757454 183148.82683165552 1814.1405843098955
2.123278899447725 183284.8049867577 1647.3361409505205
2.123292912379609 182919.03087687277 1545.0701497395833
2.1233069235531183 183772.7853235313 1517.9412434895833
2.1233209329682654 183715.7618969264 1513.2355550130208
2.123334940625063 183990.48220950586 1515.9144694010415
2.123348946523522 184088.43845556263 1516.5270182291665
2.123362950663652 184888.54879554803 1517.4886881510415
2.1233769530454616 185096.0140967131 1517.044677734375
2.1233909536689617 185131.0334730969 1517.5857747395833
2.1234049525341585 185331.94815055735 1521.0108235677083
2.12341894964106 185706.75448351767 1522.776652018229
2.123432944989671 185459.57343438547 1523.0308430989583
2.1234469385799986 185733.5798544891 1525.5037841796875
2.1234609304120453 186705.6093419384 1534.3287353515625
2.1234749204858168 188572.83287981935 1548.5381673177083
2.1234889088013142 189544.90942683542 1556.7005615234375
2.1235028953585413 189866.86693698406 1556.2076822916665
2.1235168801574984 189216.74677315514 1545.857503255208
2.1235308631981873 189164.6234044182 1537.3951009114583
2.1235448444806058 188924.61162356244 1532.671630859375
2.1235588240047543 188055.21343828773 1528.440185546875
2.1235728017706297 187547.78963680787 1527.9208577473958
2.12358677777823 187147.32902653993 1528.6241861979165
2.123600752027551 187696.41855518415 1531.3970540364583
2.12361472451859 187474.00198496695 1530.7305908203125
2.12362869525134 187115.91053890914 1528.4540608723958
2.123642664225795 186620.15547575348 1528.1324869791665
2.1236566314419503 185355.05329183844 1521.1905110677083
2.123670596899796 184746.9240797875 1515.0450032552083
2.1236845605993255 183827.64716670616 1509.122843424479
2.123698522540528 183768.69303958054 1510.3624267578125
2.123712482723394 184115.16125971248 1515.3869222005208
2.123726441147913 184919.21585116847 1518.9983723958333
2.1237403978140734 185940.6918205139 1521.1809895833333
2.1237543527218614 185891.9513150168 1517.0236409505208
2.1237683058712666 185124.6152967362 1511.7276204427083
2.1237822572622727 183740.721631279 1509.591552734375
2.123796206894865 183150.86060214444 1512.2930908203125
2.1238101547690276 183215.14356293052 1514.2537841796875
2.123824100884745 183972.66631716973 1515.9046630859375
2.1238380452419996 183873.90349864567 1513.4624837239583
2.1238519878407733 183862.600244454 1513.5201009114583
2.1238659286810453 183340.04699634644 1510.9615478515625
2.1238798677627986 184091.4798541763 1512.483154296875
2.123893805086012 184453.02746767754 1514.7098388671875
2.123907740650663 184508.05112262757 1516.47802734375
2.1239216744567297 183898.90777654687 1517.686808268229
2.1239356065041894 183094.71249101893 1516.2113850911458
2.1239495367930195 181929.6652861543 1512.290568033854
2.1239634653231927 181523.6103616943 1510.123291015625
2.123977392094686 181643.89611268774 1510.3004964192708
2.123991317107472 182233.06675874634 1515.7029622395833
2.1240052403615244 181692.48675723653 1518.1065673828125
2.1240191618568147 180936.71599442698 1516.1397705078125
2.1240330815933137 180495.72943135182 1511.1139322916665
2.1240469995709934 180070.59788902092 1502.6005045572915
2.1240609157898227 179980.89260657603 1501.709025065104
2.12407483024977 180083.87922486154 1504.434855143229
2.1240887429508044 180032.6968900217 1507.405517578125
2.124102653892893 179841.90965990728 1506.226318359375
2.1241165630760017 179348.75642387685 1501.1490071614583
2.1241304705000967 179439.56875417137 1500.099650065104
2.124144376165143 179281.0044691831 1500.7403971354165
2.1241582800711036 178854.20065528323 1501.5441487630208
2.1241721822179427 177796.6555011731 1497.8551839192708
2.1241860826056222 176867.595673348 1491.6346435546875
2.1241999812341046 176036.7991179969 1490.0577799479165
2.1242138781033493 176253.33264886128 1493.1852620442708
2.124227773213318 177304.60729611784 1500.5504964192708
2.124241666563968 178620.50844307785 1504.0970865885415
2.124255558155259 179423.2749486239 1505.9851888020833
2.124269447987149 179302.91941549376 1503.064005533854
2.124283336059593 180177.27950766147 1506.169921875
2.1242972223725483 180491.64353662898 1510.015909830729
2.1243111069259695 180645.2363767457 1514.8321533203125
2.124324989719811 179690.24008692947 1516.9826253255208
2.124338870754027 180231.09469194862 1526.5618489583333
2.1243527500285686 181014.11993574136 1541.2738444010415
2.1243666275433895 182118.51491523357 1560.094563802083
2.1243805032984397 182238.2807775544 1581.6923421223958
2.12439437729367 182799.02355885922 1617.2230631510415
2.1244082495290293 183827.45469578932 1666.705078125
2.124422120004467 185205.0854787237 1727.8363444010415
2.1244359887199296 186964.6489937451 1783.1898600260415
2.1244498556753655 189033.95685914624 1805.542765299479
2.124463720870721 190003.6866308746 1777.5068359375
2.12447758430594 190094.68157466874 1716.3994140625
2.1244914459809685 188676.912204412 1653.828409830729
2.1245053058957497 188296.2949140962 1614.2524007161455
2.1245191640502266 188010.39541569704 1592.0692138671875
2.1245330204443422 188754.30592440034 1581.2118326822915
2.1245468750780367 188859.99954162433 1568.091593424479
2.1245607279512515 188815.72775230778 1553.5959065755208
2.1245745790639257 188201.13140778482 1541.7588704427083
2.124588428415998 187551.53706435597 1535.0883382161455
2.124602276007408 186658.56211379584 1531.5552571614583
2.1246161218380912 186404.52239000457 1531.7705891927083
2.1246299659079853 187655.7180600654 1537.0666097005205
