igrins/spectra/eg_uma_H_20190319_smoothed.ecsv
# %ECSV 0.9
# ---
# datatype:
# - name: WAVELENGTH
#   unit: um
#   datatype: float64
# - name: FLUX
#   datatype: float64
# - name: ERROR
#   datatype: float64
# schema: astropy-2.0
WAVELENGTH FLUX ERROR
[from data line 10029]
1.535840015417978 404722.68095566833 3635.220296223958
1.535850217353299 401925.36164921586 3623.788167317708
1.5358604181431417 400419.3028413118 3610.0162760416665
1.5358706177880765 398392.7458669082 3588.4526367187495
1.535880816288672 397362.46512594004 3570.3104654947915
1.5358910136454977 396760.0108155207 3565.352132161458
1.5359012098591227 396604.38145572576 3567.517171223958
1.5359114049301166 395865.4056455202 3576.2502441406245
1.5359215988590493 394773.2677239225 3574.616292317708
1.5359317916464892 393813.7829804104 3567.617268880208
1.535941983293006 391693.12607205514 3553.066487630208
1.5359521737991684 388946.2379082885 3543.9875488281245
1.5359623631655457 386464.9678335106 3537.606038411458
1.5359725513927072 385907.7944304129 3535.286376953125
1.5359827384812215 384440.5759409303 3521.7077636718745
1.5359929244316575 383619.61232659593 3515.5919596354165
1.5360031092445854 381758.60037094273 3511.8771972656245
1.5360132929205725 380240.2950923352 3511.084065755208
1.536023475460189 377983.21277163934 3495.3321940104165
1.5360336568640023 374696.86894909537 3477.769368489583
1.536043837132583 373689.9220960691 3464.193033854166
1.5360540162664984 371881.8824986519 3435.891845703125
1.536064194266318 372085.1407078834 3406.3251139322915
1.5360743711326101 371137.7200611113 3400.8046874999995
1.5360845468659436 370516.8799153055 3420.994710286458
1.536094721466887 369380.1906733137 3451.3149414062495
1.536104894936009 368428.8681421277 3491.275472005208
1.5361150672738784 368908.22826196614 3531.885091145833
1.536125238481063 371856.01725059707 3566.683837890625
1.5361354085581314 373995.87622721493 3539.085774739583
1.5361455775056523 373609.60051453754 3497.589436848958
1.5361557453241945 371921.70558132284 3451.402587890625
1.5361659120143254 370897.54240857007 3428.9580078125
1.5361760775766147 372345.539140412 3425.9531249999995
1.5361862420116283 372971.16379670193 3425.323567708333
1.5361964053199368 375926.9453114603 3443.432454427083
1.5362065675021075 377070.49667042674 3440.570149739583
1.536216728558708 380990.3233925625 3443.6730143229165
1.536226888490308 381258.29613280034 3450.7512207031245
1.5362370472974738 383068.6150989152 3470.939534505208
1.5362472049807745 382113.4899200762 3486.3203125
1.536256131488256 382347.68145952333 3477.320068359375
1.5362573615407775 380271.1131838673 3458.74755859375
1.5362675169780513 379909.2230215962 3579.404577196275
1.5362680819639791 381505.0101072716 3648.0271571292524
1.5362800306246032 385073.0115337577 4505.11747757708
1.5362919774707349 390083.8172732614 3919.2863634205232
1.5363039225029802 393494.7220653394 3800.3279207807764
1.5363158657219431 395177.6109307878 2100.609654037517
1.5363278071282302 394355.2293859178 2855.5625583947312
1.536339746722446 392038.43389825174 1939.3893322832191
1.5363516845051972 391674.7073704081 2416.3269217145566
1.536363620477089 391870.0963949583 1031.690583438427
1.5363755546387259 392787.3434153765 1278.8265793019536
1.5363874869907141 393803.63280913996 1304.1621829014703
1.5363994175336584 395773.0159887107 1774.2004744824828
1.536411346268164 397385.09078948514 1648.5051441804915
1.5364232731948368 396856.47275375907 1970.455519749401
1.5364351983142817 395420.4744467143 1453.868487920107
1.5364471216271038 395462.0736653933 1193.4992178075192
1.5364590431339078 398758.07600701175 369.16181756305355
1.5364709628353002 402291.7101496012 1161.3303206758308
1.5364828807318853 406532.56916598167 1376.6219351868579
1.536494796824268 408061.50752041314 1759.2482250409041
1.536506711113054 408774.1913344155 1953.6962586708294
1.5365186235988477 406179.6152584887 4000.9170066656757
1.5365305342822544 403456.3529631062 3469.2720617974765
1.5365424431638792 401636.3109273635 4115.9018389673965
1.5365543502443268 401343.3402019112 1829.742911639159
1.536566255524202 400031.94566344976 2763.9573675187266
1.5365781590041105 398256.3940589939 1231.8920111092646
1.5365900606846568 395661.16064464115 1926.205660576509
1.5366019605664456 395216.55683938897 2500.524540992768
1.536613858650081 395897.87582818244 2621.694782999989
1.5366257549361693 396366.53935400234 1929.4773022065194
1.536637649425314 395360.4474837065 770.1497152257168
1.5366495421181203 394476.55564246594 1442.3597090742537
1.5366614330151938 394068.65443581727 1454.6258776555323
1.5366733221171374 394843.69780660316 2305.345086099901
1.5366852094245569 395793.66732294793 1573.6435494556379
1.5366970949380572 396027.8608046979 1643.0621034197188
1.5367089786582415 394697.20076674304 1626.8008144350738
1.5367208605857159 392673.75137112796 1630.7369859679532
1.5367327407210842 391532.74069517583 3231.5163109122714
1.5367446190649512 393115.4650608891 2587.723969507169
1.5367564956179207 394807.6406251773 2814.4007802693927
1.5367683703805977 397019.36743429827 1695.7228062972717
1.536780243353587 396626.30329391704 1629.4626148462771
1.5367921145374916 396049.4178739323 2449.624507041617
1.5368039839329182 393840.0533226017 2234.149011249315
1.536815851540469 393043.0346145616 3133.712094213798
1.5368277173607492 392883.917199848 2082.927383319859
1.5368395813943634 395328.0261778805 2315.9584140205534
1.5368514436419152 396041.0200946464 1119.07361729712
1.536863304104009 395320.5846864216 1330.2998892244195
1.5368751627812496 393512.3874706763 809.0358984525324
1.5368870196742397 392637.95800882473 1769.1593194668874
1.5368988747835854 392350.7689708763 1625.6833487002714
1.5369107281098897 390698.67993933544 2992.1618400068
1.5369225796537562 388823.90266090166 1864.3446487488818
1.53693442941579 387909.72031697875 2726.2581768508644
1.536946277396595 388539.9679732019 2567.040176470966
1.5369581235967749 390710.1220664729 2984.6133936342558
1.5369699680169333 391355.0903532663 2094.240020617336
1.5369818106576745 391628.192116924 1378.1392563623667
1.5369936515196032 390553.34625785105 910.8760994476213
1.5370054906033221 390056.30032760254 2047.5331406015302
1.5370173279094357 390458.0562653766 2228.6980701016187
1.5370291634385476 391826.8619445 3334.0389370606185
1.537040997191262 392714.0253041082 3056.629124567373
1.5370528291681824 392361.7079247451 3089.4224161805278
1.5370646593699124 392484.2437665493 2104.6290660482628
1.537076487797056 393685.2880532888 1904.0809893062456
1.5370883144502165 396502.4620637776 1975.5701168564983
1.537100139329998 397904.9137188233 1800.9928962873262
1.5371119624370044 398262.20287341875 1579.983798194391
1.5371237837718388 396145.5357909128 2906.9033845531853
1.5371356033351045 395684.5577866447 2861.841779063015
1.5371474211274059 396304.5964959427 3273.135249186128
1.537159237149346 399405.4679399034 1114.900795654904
1.5371710514015284 402273.8715077562 1879.249520859474
1.5371828638845566 404630.9124676493 1274.5731027102836
1.537194674599034 405656.9697002083 1633.4174143003397
1.5372064835455637 406154.66206830565 2090.5017254428544
1.53721829072475 406050.7969439635 3211.702933310534
1.5372300961371956 405302.5601653581 5655.322685363256
1.5372418997835042 402833.3334169575 5721.71110781133
1.5372537016642784 401458.36523794534 6669.961241118974
1.537265501780122 402193.30816514255 5690.269202834896
1.537277300131638 402829.6622757786 4912.523036016576
1.5372890967194306 402004.47838207165 3135.5804442192616
1.5373008915441018 399462.1492427701 1946.110555527129
1.5373126846062546 398585.71036165673 1921.4673359245394
1.5373244759064932 396781.7990641684 2901.0779611251737
1.5373362654454203 397717.84512126487 2451.559113462886
1.5373480532236394 397638.24802066816 2019.7875253647746
1.5373598392417522 398654.41515430144 1314.9859068373505
1.537371623500363 397473.0902877183 1453.7834849166798
1.5373834060000746 396040.2607947086 2290.1123553654033
1.5373951867414895 394739.1017961899 2268.4469816496226
1.5374069657252112 392429.78107708716 2358.2400484431473
1.537418742951842 392113.4710174957 2603.084394339361
1.5374305184219852 393221.2543188299 1834.9748359689452
1.5374422921362438 394873.8572374105 1538.8588395865772
1.5374540640952201 394972.30732100597 1216.5257300208236
1.5374658342995178 394667.6136400895 2163.2533564832456
1.5374776027497385 395409.17671301763 3098.998361818687
1.5374893694464855 397049.0455550932 2716.0241556031324
1.5375011343903622 397077.23156064475 1912.301951802247
1.5375128975819705 395780.9447016159 1013.6598821438802
1.5375246590219127 395303.1431922751 3144.0132003779795
1.537536418710792 394615.1497658259 3094.8628207564725
1.5375481766492116 394460.75018479093 3970.662802637704
1.5375599328377736 392752.8535569692 1666.480824932578
1.5375716872770793 393868.4872916411 1919.6098901684559
1.5375834399677333 396047.7285958653 1210.8027120489414
1.5375951909103365 398365.5218415905 1621.1851167133218
1.5376069401054924 398780.0039340972 1826.5276998176128
1.5376186875538027 395949.1562629793 2485.312486990968
1.5376304332558706 394753.72045932646 2869.5058235332945
1.5376421772122977 393139.1550614861 3156.4789554368185
1.537653919423687 391888.66589234094 3660.700123349835
1.5376656598906404 390835.09188612923 5124.510979728127
1.5376773986137597 390027.7088962705 4134.607969182813
1.537689135593649 390166.9115570357 2746.2129599450377
1.5377008708309083 387668.85796740535 1541.0680376864161
1.537712604326141 385437.3846839805 2408.189147480915
1.5377243360799493 384911.40121076204 2703.00668690017
1.5377360660929356 384641.74864540296 2997.645811161827
1.5377477943657007 384431.1190216149 2357.074266288984
1.5377595208988486 383764.6863002198 2920.2798505651385
1.5377712456929797 384670.1142311713 1627.9380194715088
1.5377829687486975 385676.73232059565 2074.4413574567106
1.537794690066603 385958.17916406586 2750.9016714705604
1.5378064096472976 386574.0321588358 2727.795791830439
1.537818127491385 387746.8485349392 3532.0546231630924
1.5378298435994662 388013.2175359804 2600.64396404496
1.5378415579721432 386943.61427756207 2996.8572652816174
1.5378532706100176 386423.56981327874 3022.601033192843
1.5378649815136916 386564.53123642283 7014.61482348213
1.5378766906837669 385725.6975684501 6372.009226980848
1.537888398120846 384297.8992264094 6249.046387176562
1.537900103825529 382593.3921094579 4235.575164261972
1.5379118077984197 383018.51361384336 4747.975959737814
1.5379235100401176 383043.0093776734 5221.920553784745
1.5379352105512258 382878.54572507465 3411.417741347587
1.5379469093323461 380364.3785194026 3122.9696360277735
1.5379586063840796 377379.2068069673 1381.0982165565524
1.5379703017070283 374787.7529231092 1414.2508942381412
1.5379819953017932 372984.79017448664 1193.1226220522947
1.5379936871689757 372284.2456121076 1970.0763420063324
1.5380053773091784 373453.49716872594 1860.1649707354889
1.5380170657230021 374085.03121647675 1966.052173924794
1.538028752411048 374263.76561855373 1656.76015681894
1.538040437373918 372858.65515361814 1560.1022011071177
1.5380521206122133 373413.1530689942 1397.611491822313
1.5380638021265352 373819.48025214224 1716.3238089471206
1.5380754819174853 374194.3532515075 2286.4271734681147
1.538087159985665 374657.5164941362 2629.3061248705317
1.538098836331675 376999.66455202363 2210.1430272619787
1.5381105109561166 379388.6397553913 1226.516338383737
1.538122183859592 381144.3180133302 2262.683254672521
1.5381338550427017 382078.7746967556 3608.9332495545104
1.538145524506047 382499.6521884939 3980.4525576970245
1.538157192250229 382297.256403574 3192.110379173898
1.5381688582758486 381337.9355863663 1951.5591882865274
1.5381805225835075 379826.20962583146 2961.792782824332
1.538192185173806 379201.49077672756 3097.141977301836
1.5382038460473457 378814.20460413984 2616.241555652445
1.538215505204728 379220.9600119777 921.8246601357027
1.5382271626465527 379482.7101237754 672.385577552861
1.5382388183734212 379207.464559049 599.1306657760238
1.5382504723859354 380044.0248546952 1266.092371406446
1.5382621246846948 379690.2523206339 1654.240015279997
1.5382737752703013 379879.5485685325 2537.6809444474825
1.5382854241433548 381007.72789940506 2072.754505548104
1.5382970713044573 382027.6037775645 1819.4149738809847
1.5383087167542082 382000.60585812305 2722.1632423960436
1.5383203604932092 381180.15649355424 3754.1789800563874
1.5383320025220615 381099.2923208567 3162.033889904512
1.5383436428413644 381062.3386294093 1451.5023083064332
1.53835528145172 382299.79151329026 2859.5223560963664
1.5383669183537276 383311.163346092 4196.487144717572
1.5383785535479886 384694.6840523672 5292.155263960121
1.5383901870351038 383981.9848972595 4416.593772408129
1.5384018188156732 382833.08770376747 4352.01242341828
1.538413448890298 382204.98948715726 3693.8082882721533
1.5384250772595776 381576.0883601311 2778.0636304548893
1.5384367039241136 381934.5573286356 2213.526733427755
1.538448328884506 382052.3812121349 1776.4814461326
1.5384599521413553 382805.7663311204 1017.8792361847121
1.5384715736952614 384921.06354412466 1574.2679538809193
1.5384831935468255 387096.8877044869 2517.4206312333336
1.5384948116966475 387206.38674029737 3015.054161749885
1.5385064281453278 387061.3444960093 2589.5604753402918
1.5385180428934666 387580.60925600876 2104.527932974678
1.5385296559416644 389973.0529872571 2492.3884410775986
1.538541267290521 389936.3526957623 1937.886617363865
1.5385528769406365 390457.0629659998 2460.7468330902902
1.5385644848926119 392238.69538242614 2257.47261699585
1.5385760911470467 394907.98236789834 3218.3626586422547
1.538587695704541 396226.53176514176 2209.190309919522
1.538599298565695 395072.51494710986 1728.198822092666
1.538610899731109 393908.5025301316 972.0057817008613
1.538622499201383 393425.1883909154 1393.0070899444295
1.5386340969771164 395390.9529320107 2748.9851828824267
1.5386456930589099 397753.0683566161 3557.5374322832963
1.538657287447363 397887.23850061337 4091.750314439715
1.538668880143076 397196.76785075373 3237.0729261955803
1.5386804711466484 396916.9253749181 3165.6403017448
1.53869206045868 397148.3488893444 2161.7388294516213
1.5387036480797718 396222.3862826984 1859.5616472011689
1.5387152340105221 395799.59943729645 782.3902215712453
1.5387268182515308 398207.758908637 1539.4160156882551
1.5387384008033989 399189.9992442563 2846.94725109787
1.538749981666725 397947.101264369 2704.376761500588
1.538761560842109 394948.4968294775 3180.057128206825
1.5387731383301513 393014.5567548893 2778.467190369939
1.53878471413145 392224.87141448824 2927.387334286372
1.5387962882466062 390594.4923903475 2540.146157550167
1.5388078606762192 386941.6403746464 1218.7614589423
1.5388194314208876 384236.29685375094 1789.71492051575
1.538831000481212 381987.9513461869 1167.8642422446096
1.5388425678577917 382846.0816454472 1126.885401694231
1.538854133551226 383550.62369545945 2343.657797439443
1.538865697562114 385191.8427938882 3379.9430904776136
1.538877259891055 385717.0696442308 4306.042969876677
1.5388888205386502 385377.3651055329 3928.5841586293764
1.5389003795054965 384987.63350869005 3062.2742080042417
1.5389119367921948 384282.58509547357 2953.1643953806006
1.538923492399344 383726.64148523397 2374.308480584489
1.538935046327543 382983.3215623595 2823.118240181252
1.5389465985773916 382801.0490165632 3115.029083861342
1.5389581491494886 383861.02348813723 3329.4347741921947
1.5389696980444334 383907.2864205011 3035.6336156445695
1.538981245262825 383452.8799780173 3059.9337537985093
1.538992790805263 382873.75844702567 3982.9112198389957
1.5390043346723463 382800.86533633317 3487.752158780678
1.5390158768646736 383857.33258008165 2527.469379760323
1.5390274173828444 382967.1913759308 783.2071585293494
1.5390389562274573 382147.6168657013 2060.2245407405394
1.5390504933991116 381075.5906287108 2597.109660984053
1.5390620288984063 380394.9052168679 3095.532068339466
1.5390735627259395 378991.7835132729 2580.7987384629037
1.5390850948823123 377107.45451764 1968.4164952668186
1.539096625368121 375317.7163908285 1445.4758303378474
1.5391081541839657 372199.0421833666 940.8317774712899
