igrins/spectra/eg_uma_K_20190319_smoothed.ecsv
# %ECSV 0.9
# ---
# datatype:
# - {name: WAVELENGTH, unit: um, datatype: float64}
# - {name: FLUX, datatype: float64}
# - {name: ERROR, datatype: float64}
# schema: astropy-2.0
WAVELENGTH FLUX ERROR
[from data line 29199]
2.2857169883046713 158353.83952785213 1767.111857096354
2.2857317303693883 159085.8021056288 1778.2217610677083
2.2857464705194803 159126.50448641492 1784.155558268229
2.2857612087556802 158376.37547593814 1789.0514322916665
2.2857759450787243 158380.44827733596 1797.9058430989583
2.2857906794893466 159366.86195829042 1798.2811279296875
2.285805411988285 159544.8893009784 1785.4183756510415
2.285820142576282 159503.94441761094 1762.9187011718748
2.2858348712540795 159328.72788536205 1746.4503580729165
2.2858495980224216 159518.2433401108 1736.759806315104
2.285864322882055 159284.2159385019 1730.705810546875
2.2858790458337275 158366.27470138305 1726.439737955729
2.2858937668781913 158136.74730602436 1726.265421549479
2.285908486016198 158316.37362598866 1724.8517659505208
2.2859232032485024 158564.38356090942 1720.6982014973958
2.2859379185758617 158605.30365605536 1720.3226318359375
2.285952631999033 158445.08769380022 1723.728597005208
2.285967343518779 159538.16205667792 1733.431193033854
2.285982053135861 160029.5959127427 1730.768107096354
2.285996760851045 159543.13334151864 1725.894327799479
2.286011466665097 157740.08552100108 1715.5770263671875
2.2860261705787863 157343.41856659454 1714.6775716145833
2.2860408725928827 157672.59109355602 1714.5912679036455
2.28605557270816 159269.24354042968 1719.5506998697915
2.2860702709253937 158575.62673480596 1716.2445882161455
2.2860849672453596 157935.2656266059 1713.961954752604
2.2860996616688376 156381.10612679773 1709.6896972656248
2.2861143541966076 156089.67289554977 1712.1359049479165
2.286129044829454 156119.1463452874 1717.4562988281248
2.286143733568161 156458.1795408865 1724.150716145833
2.2861584204135155 156796.3287854036 1728.871866861979
2.286173105366307 157255.55766153213 1730.5980631510415
2.286187788427326 157277.44462074462 1727.1184895833333
2.286202469597368 157491.74841491156 1721.1930338541665
2.286217148877225 156903.72013540217 1712.4457600911458
2.2862318262676964 156650.89692967111 1707.78466796875
2.286246501769581 156812.72205256042 1705.2814534505208
2.286261175383679 156227.70380847622 1704.7721354166665
2.2862758471107956 155974.94291343263 1706.5553792317705
2.2862905169517345 154942.5950982924 1712.4915771484375
2.286305184907304 155330.89976438048 1720.5799560546873
2.286319850978314 155730.2539095322 1727.0791829427083
2.286334515165573 155544.07441005984 1723.7742919921875
2.2863491774698983 155833.20519356316 1720.574259440104
2.2863638378921034 156060.8056048964 1715.5243326822915
2.2863784964330054 156301.71430904273 1711.593302408854
2.286393153093425 155529.01675085587 1709.2968749999998
2.286407807874183 154727.21052587684 1709.4488932291665
2.286422460776104 154960.6765596247 1713.124552408854
2.2864371118000117 156203.5934500852 1713.9366861979165
2.2864517609467354 156884.1256279919 1712.8973388671875
2.2864664082171045 156567.8648139889 1707.3158365885415
2.2864810536119506 155683.00168412869 1707.4739990234375
2.286495697132107 155523.8786971877 1708.4848225911458
2.28651033877841 155469.7261790736 1711.2565104166665
2.286524978551697 155132.18020252784 1708.686767578125
2.2865396164528087 154609.32083276703 1707.162882486979
2.2865542524825853 155522.94730286673 1716.7926025390625
2.2865688866418714 157049.1703321466 1732.856689453125
2.2865835189315145 157579.21061231522 1748.830607096354
2.28659814935236 157488.31582804729 1765.044474283854
2.2866127779052587 156772.714739819 1778.8483479817705
2.2866274045910635 156203.81324689306 1797.148518880208
2.2866420294106278 155912.51982197608 1819.1524251302083
2.2866566523648078 156222.37305800975 1835.979532877604
2.28667127345446 157649.11797878312 1843.487589518229
2.2866858926804476 158378.7124429635 1844.114583333333
2.2867005100436297 158842.17893502576 1851.7969563802083
2.2867151255448728 158404.39999176995 1851.7804361979165
2.286729739185041 158178.4597353562 1832.1788736979165
2.286744350965004 157829.58639102048 1795.1327311197915
2.286758960885632 157489.71333544137 1761.793497721354
2.286773568947796 157347.00653343584 1741.0110677083333
2.286788175152371 157132.16592125144 1738.5513509114583
2.286802779500234 157781.74414990563 1747.9915364583333
2.2868173819922624 157798.82012427115 1756.8933919270833
2.2868319826293364 157535.78858548263 1758.2493896484375
2.2868465814123393 156654.74147132135 1752.6458333333333
2.2868611783421553 156422.1457506688 1749.143351236979
2.2868757734196707 156447.28455224948 1746.0145670572915
2.2868903666457734 157098.73064033053 1745.973876953125
2.2869049580213545 156719.44524374863 1742.254679361979
2.2869195475473076 155648.87825824416 1737.6679280598958
2.286934135224526 154999.5487824197 1739.3059082031248
2.286948721053905 155482.27047144275 1752.0930175781248
2.286963305036345 156258.52349873655 1766.0885416666665
2.286977887172747 157354.21702603216 1775.7399088541665
2.2869924674640134 157868.79076011723 1773.0345458984375
2.287007045911048 158649.0243742917 1769.573282877604
2.287021622514757 158329.1456469525 1765.663859049479
2.287036197276051 159042.42873900617 1768.802978515625
2.28705077019584 159419.44989178146 1764.040568033854
2.287065341275037 159486.53694901912 1749.51171875
2.2870799105145556 158467.5215327366 1732.9679361979165
2.2870944779153146 157882.5378843794 1725.1811116536458
2.2871090434782317 157562.27087977555 1723.9777832031248
2.2871236072042285 157367.54875079283 1722.8426106770833
2.287138169094227 157018.92253755813 1719.603312174479
2.2871527291491534 156271.26169603586 1712.0713704427083
2.287167287369933 156586.82742974572 1711.8705240885415
2.2871818437574962 156625.06375244464 1712.18701171875
2.287196398312774 157468.6315182988 1717.5653889973958
2.287210951036699 156958.30225915587 1711.4359944661458
2.2872255019302075 156947.56977178156 1709.6015218098955
2.2872400509942343 156384.25854251636 1712.38037109375
2.2872545982297208 156323.06931023148 1719.126505533854
2.287269143637607 156213.28383023792 1718.3441162109375
2.287283687218837 156755.78909564167 1716.7757975260415
2.287298228974355 157609.4074180902 1719.8110351562498
2.287312768905109 157843.79454261417 1726.5508626302083
2.287327307012048 157616.43371762603 1729.093546549479
2.2873418432961237 157293.10513119574 1731.2554524739583
2.287356377758289 156785.99045146443 1729.3681233723958
2.2873709103994995 156141.48368621067 1726.308634440104
2.2873854412207133 155130.4006375292 1719.095784505208
2.287399970222889 155195.1631305645 1719.3097737630208
2.287414497406987 155696.9231406388 1723.5723876953125
2.287429022773974 156702.42493788942 1726.67236328125
2.287443546324813 157026.39576279078 1725.4790039062498
2.287458068060472 157404.65543566804 1723.2706705729165
2.28747258798192 156963.2272518794 1722.4867350260415
2.2874871060901305 156899.24346722636 1723.8399658203125
2.2875016223860767 156720.74557604527 1724.1575927734375
2.287516136870732 157352.31437250963 1727.2474772135415
2.2875306495450767 157985.96845888463 1734.48193359375
2.2875451604100894 157065.06662464375 1737.5025227864583
2.287559669466752 155705.65309490272 1747.706827799479
2.2875741767160482 154685.47374686634 1763.807413736979
2.287588682158964 155817.01504797814 1787.7431640624998
2.287603185796487 156806.7801831647 1795.2436116536458
2.2876176876296075 157653.24830486366 1789.1742350260415
2.2876321876593173 157675.65665288112 1777.013956705729
2.28764668588661 157915.67402088162 1774.6171468098955
2.287661182312481 157749.3623631434 1783.2691650390625
2.28767567693793 158233.26285581655 1815.6452229817705
2.2876901697639553 158067.84405082164 1868.986857096354
2.28770466079156 159489.98206926504 1930.597737630208
2.2877191500217475 160482.14090321923 1950.0709635416665
2.287733637455524 160647.9547452299 1909.868448893229
2.2877481230938983 159085.37170931906 1844.379150390625
2.28776260693788 157839.11264641507 1798.6010335286458
2.2877770889884808 157817.08474366664 1788.991495768229
2.2877915692467163 159020.59252917801 1800.1876627604165
2.2878060477136004 159203.63151919242 1809.3987630208333
2.2878205243901535 159580.1227960006 1805.9442138671875
2.287834999277396 159701.4614277526 1791.0183919270833
2.2878494723763483 159633.50107515557 1775.725830078125
2.287863943688036 160043.3118141282 1769.1529541015625
2.2878784132134857 159409.7862881071 1759.050089518229
2.2878928809537253 159158.0344887206 1753.6404622395833
2.2879073469097855 157868.48745705726 1749.445841471354
2.2879218110826973 157200.3613741661 1748.1217447916665
2.287936273473498 156782.4119996478 1742.6144205729165
2.2879507340832217 157065.23405111942 1737.1580403645833
2.2879651929129086 157654.33079490525 1737.2187093098958
2.2879796499635976 158453.82718717575 1738.83837890625
2.287994105236332 158641.1779469355 1741.457560221354
2.288008558732157 158618.37439324852 1740.4510498046873
2.288023010452119 158205.83991172144 1741.7816569010415
2.288037460397266 157416.63008230412 1737.010050455729
2.2880519085686495 156520.25892386984 1734.5199381510415
2.2880663549673224 156617.99743945568 1734.085245768229
2.2880807995943377 156712.06284498045 1737.72314453125
2.2880952424507535 156596.05347982532 1738.9850667317705
2.2881096835376304 155764.29446034378 1735.4018554687498
2.2881241228560256 155833.99027789355 1738.9584554036458
2.2881385604070044 156499.77591704615 1749.747843424479
2.2881529961916307 156803.93169231038 1763.2328287760415
2.2881674302109722 157553.07822759662 1782.1105143229165
2.2881818624660966 157933.03886801988 1792.805745442708
2.2881962929580775 158623.5901347218 1796.6307373046875
2.288210721687984 158331.29384157527 1780.459554036458
2.2882251486568945 157477.5428084025 1764.337687174479
2.288239573865885 156776.2043026577 1764.3499755859373
2.2882539973160334 156530.79823432484 1783.6337890625
2.288268419008422 155812.66699584288 1810.159708658854
2.2882828389441343 155648.30091343835 1839.9576416015625
2.2882972571242544 156756.55782159342 1861.7115071614583
2.2883116735498708 158339.74296809672 1869.8329671223955
2.288326088222071 158491.76748783604 1852.9825846354165
2.2883405011419478 156917.67799386845 1828.4257405598955
2.288354912310594 156731.70325923135 1818.1302490234373
2.288369321729105 157651.0936368785 1818.96044921875
2.2883837293985767 158293.80299329635 1817.5707194010415
2.288398135320111 157586.47990955773 1801.13720703125
2.2884125394948076 157195.37755522266 1790.308146158854
2.28842694192377 157310.8375892666 1788.7862548828125
2.288441342608104 157285.75851941304 1794.6483561197915
2.2884557415489177 156818.61478806482 1801.5653076171875
2.288470138747319 156806.9334016956 1819.4203287760415
2.2884845342044215 157979.85044401174 1838.6561279296875
2.288498927921337 158906.86012445323 1839.4154459635415
2.288513319899182 159180.94950183813 1818.3837483723958
2.2885277101390735 158680.47983710637 1790.6938069661455
2.288542098642132 158316.8089253654 1779.039103190104
2.2885564854094778 158222.35525364132 1778.731486002604
2.2885708704422365 158012.24728841905 1783.7840576171875
2.288585253741532 157915.8856815713 1786.3487955729165
2.288599635308493 158137.22214243404 1787.5580240885415
2.2886140151442502 157706.29904495928 1783.4386393229165
2.2886283932499336 157386.23959097953 1778.706583658854
2.2886427696266773 157289.53559819478 1780.5121256510415
2.2886571442756183 157930.8163883338 1789.5861409505205
2.2886715171978937 158497.88478333768 1798.449747721354
2.2886858883946437 158547.18401380628 1795.5815429687498
2.28870025786701 158644.24117018408 1786.4615885416665
2.2887146256161364 158639.74244574536 1784.0358072916665
2.2887289916431692 159216.38626701798 1786.742472330729
2.288743355949258 158846.14877700416 1786.7423095703125
2.288757718535549 158961.49429149018 1782.7547607421875
2.2887720794031976 158665.0012164515 1778.564249674479
2.2887864385533567 159149.24405532313 1783.2575276692708
2.2888007959871834 158420.3095679743 1783.945597330729
2.2888151517058346 157768.44583982675 1786.4613444010415
2.288829505710471 156898.8323351186 1784.526163736979
2.288843858002255 156668.06580698164 1789.5634765625
2.2888582085823512 156739.27384576018 1790.191935221354
2.288872557451925 157062.16551585123 1794.716593424479
2.2888869046121445 157637.82503737177 1795.5791829427083
2.2889012500641805 157786.87616301083 1801.410685221354
2.2889155938092065 158094.56969441235 1801.952677408854
2.2889299358483957 157521.18966664196 1795.313273111979
2.2889442761829244 156992.3590790741 1790.051554361979
2.2889586148139713 156828.10961498134 1791.6641438802083
2.2889729517427173 157051.3604800891 1799.507568359375
2.288987286970344 156835.9485853566 1803.1998291015625
2.2890016204980372 156716.57681233002 1811.4466552734375
2.289015952326982 157131.8480675424 1823.2108968098958
2.289030282458369 157838.6961629487 1841.9566650390625
2.289044610893386 159284.03766331726 1854.4606119791665
2.2890589376332278 158375.69685405787 1852.9439697265625
2.2890732626790893 158350.59533889915 1844.39013671875
2.2890875860321658 156930.56961278722 1825.276163736979
2.289101907693656 156711.44980826922 1814.255167643229
2.289116227664762 156789.23460999416 1811.476359049479
2.2891305459466857 157081.2475295234 1819.56396484375
2.289144862540631 157412.65789902784 1823.3153889973958
2.289159177447807 156618.36700374534 1821.404581705729
2.2891734906694206 156012.7551201019 1816.033487955729
2.2891878022066843 157012.3989353174 1821.7186686197915
2.2892021120608095 157833.76053293073 1827.4647216796873
2.2892164202330125 157874.18692630844 1829.130126953125
2.2892307267245084 156134.9604182592 1825.2702229817708
2.289245031536519 154762.0829659003 1821.018351236979
2.2892593346702625 154704.9039358055 1829.170694986979
2.289273636126963 156245.23842795886 1836.7295735677083
2.2892879359078466 157294.2767581712 1835.7070312499998
2.2893022340141393 156704.28599236024 1828.730265299479
2.28931653044707 155631.29834700364 1829.1054280598955
2.2893308252078715 156081.29677758468 1842.3733723958333
2.289345118297775 156258.8220637244 1862.8637288411458
2.289359409718017 155763.0602226272 1900.165120442708
2.289373699469835 154633.95171104925 1980.6420084635415
2.2893879875544667 155039.74034737924 2114.1163736979165
2.2894022739731543 156789.54574456366 2291.932373046875
2.289416558727141 158676.89982393337 2453.605305989583
2.289430841817673 159540.9909811482 2548.0807291666665
2.289445123245998 160300.0023561521 2571.2230631510415
2.2894594030133635 160904.7479050649 2532.7985026041665
2.2894736811210215 160647.0242855281 2462.995361328125
2.289487957570227 160888.0653688995 2382.929524739583
2.2895022323622336 161457.10091672168 2302.461263020833
2.2895165054983004 162415.23775602458 2215.932698567708
2.2895307769796855 161328.32071451886 2101.3043619791665
2.289545046807651 158947.11873336334 1996.4196777343748
2.289559314983461 156642.0739663633 1919.188517252604
2.2895735815083813 155307.25045763442 1883.9911295572915
2.2895878463836783 155164.2242232008 1871.511271158854
2.2896021096106236 156210.65090346814 1885.2996419270833
2.289616371190487 157846.7278534745 1903.9975179036455
2.2896306311245436 157744.7962336265 1917.1139322916665
2.289644889414068 157053.8340393834 1927.0905354817708
2.2896591460603397 155030.71818265796 1925.9118652343748
2.289673401064637 154512.57478997688 1928.902587890625
2.289687654428242 154106.06531228975 1920.040283203125
2.2897019061524397 155434.71845016145 1917.0082600911455
2.289716156238515 155820.8486422191 1908.2856038411455
2.289730404687756 156186.747900302 1904.902587890625
2.289744651501452 155811.37206809738 1907.3846028645833
2.289758896680897 155193.59469947667 1912.3382568359373
2.289773140227383 156295.62088388953 1927.7071533203125
2.289787382142207 156308.30693467858 1940.3307698567708
2.2898016224266664 156741.6082903098 1968.4140625
2.2898158610820625 155201.28098636217 1997.4674479166665
2.289830098109697 154739.3468033601 2060.416829427083
2.2898443335108736 154175.02182353023 2189.685872395833
