igrins/spectra/eg_uma_H_20190319.ecsv
# %ECSV 0.9
# ---
# datatype:
# - name: WAVELENGTH
#   unit: um
#   datatype: float64
# - name: FLUX
#   datatype: float64
# - name: ERROR
#   datatype: float64
# schema: astropy-2.0
WAVELENGTH FLUX ERROR
[from data line 25036]
1.7092247196180528 335194.62772563467 4261.159230090529
1.7092377793338887 332705.8009812407 1834.1660778824128
1.709250837227136 333457.01190919953 1561.3726034393515
1.7092638932981976 338232.0100193613 1680.5575201415054
1.709276947547475 338114.06499598245 175.5891939056753
1.7092899999753688 340976.98525482125 1768.4394574069179
1.709303050582283 341153.47266767453 1867.352330949397
1.7093160993686185 340463.6278477236 9266.484312466848
1.7093291463347784 338951.7053244321 5374.075233004598
1.709342191481166 338243.31648572464 6176.257550702886
1.7093552348081844 340030.08541156846 1908.363270623598
1.7093682763162366 342382.64171844634 4859.343152100013
1.7093813160057256 341251.8951127552 4833.614510323642
1.7093943538770568 343910.2702499209 2097.9477840206164
1.7094073899306343 344293.5264213292 752.3053890430615
1.7094204241668602 344048.7121436352 700.4031696534695
1.7094334565861418 340266.73640283616 3450.1530920050104
1.7094464871888824 339881.9013880943 1566.0563374884543
1.7094595159754884 342813.1736048476 2806.3297661870333
1.7094725429463637 343050.45764500374 3628.8918554543907
1.709485568101915 346571.7750986034 1117.1104278309374
1.709498591442548 345459.0737479714 1065.9769674476227
1.709511612968669 344321.81264154316 954.631103690754
1.7095246326806832 343506.26664865273 2848.7915009265907
1.7095376505789988 340399.87596466055 4104.641671413755
1.7095506666640223 341555.7080123873 3990.8060390685846
1.7095636809361603 339924.8577583735 4373.597615138535
1.70957669339582 343187.80860601424 196.70114136822016
1.70958970404341 347131.69288015785 1438.4327106466264
1.7096027128793376 345303.8233596508 1388.1822810035383
1.7096157199040105 345746.4225683054 887.5814152253506
1.7096287251178384 343077.44845193333 3478.804703458078
1.7096417285212289 342622.1772147777 1015.3450082107526
1.7096547301145906 343912.3914245193 607.1509019016686
1.7096677298983332 343980.31309143355 726.1399607716206
1.7096807278728663 343653.157879306 5912.400795953478
1.7096937240385996 344680.2824080332 813.9356862766344
1.709706718395942 343807.02701488865 1128.078089869538
1.7097197109453042 345487.45336151094 4498.66865365673
1.709732701687097 345337.3501021141 2883.318618623969
1.70974569062173 346001.90683589014 268.9983656016292
1.7097586777496154 346946.7235989766 841.2534316725446
1.7097716630711632 348472.937411264 439.1056872931515
1.7097846465867852 347489.66777705203 831.9405399752659
1.7097976282968932 347064.72168729384 1459.4374157291147
1.7098106082018987 346971.5709599256 3694.846694056629
1.709823586302214 348133.0711550771 5559.739634293717
1.709836562598252 352326.23864454223 1290.5705920479174
1.7098495370904239 351612.15771225834 490.48667712985446
1.7098625097791442 352224.27135017014 1707.8006096089568
1.7098754806648249 351805.60240239504 1076.2421429668502
1.7098884497478801 351755.8498027896 466.17975348213827
1.7099014170287232 353063.0141191323 161.33658011133056
1.7099143825077674 350860.96778274304 1505.6308482428967
1.7099273461854279 349348.60184513574 5965.9385267635225
1.7099403080621178 346929.3530431372 2986.6546644610094
1.7099532681382523 343544.63636960735 510.1656060233153
1.7099662264142474 342696.3904340101 1602.8341425439485
1.7099791828905166 341584.32948558347 4775.320301516827
1.7099921375674763 336949.06014853116 3685.3667413461785
1.7100050904455413 331970.68205573986 2895.728037757954
1.710018041525128 328448.487876853 457.1067809077629
1.7100309908066522 325081.5504748282 318.8562721037583
1.7100439382905306 321902.1851379953 169.99367930631504
1.7100568839771795 322733.9998580316 1312.4696909523318
1.7100698278670157 323553.42820138455 1597.7083329432483
1.7100827699604566 319357.8580328549 921.7641202114401
1.71009571025792 321496.47937056265 1373.042370202605
1.7101086487598223 321768.5351528101 700.0442826255644
1.7101215854665823 319682.3496400757 1838.7540260354497
1.7101345203786176 320483.887470633 2564.5157052828013
1.7101474534963463 323523.96602491866 178.50195130385413
1.7101603848201885 325298.0885321281 147.6983565403275
1.7101733143505613 324940.3631143829 1003.8866467143581
1.710186242087885 323529.8523497511 2175.647690947385
1.7101991680325785 328181.9720124938 804.6244015941509
1.7102120921850612 330445.60250411934 591.0937217301312
1.710225014545753 330958.4132710695 4181.85297692411
1.710237935115074 328592.7188154698 1919.3506400651597
1.710250853893445 332123.1030863329 1651.9358604443446
1.710263770881286 332422.0028022068 4355.096653057978
1.7102766860790186 332505.8812952828 1081.7137458611571
1.710289599487063 332675.80749578855 4212.878452288844
1.7103025111058412 333320.9561674283 3668.7969948026644
1.7103154209357745 331657.6335844314 1303.6622361141624
1.7103283289772848 331974.4473256178 1157.0938155107058
1.7103412352307938 330818.960053842 1921.3019065411156
1.710354139696725 332407.7190887362 2399.4535702005032
1.7103670423754997 332860.9362222189 3669.2351126773274
1.7103799432675415 331746.1729864759 2291.804154373212
1.7103928423732735 326963.5661533422 16.092388785931004
1.710405739693118 329462.00784906995 377.1050303056841
1.7104186352275002 330403.8428453549 6.139842350953906
1.7104315289768428 328546.6369509041 1920.6699031720448
1.7104444209415701 328534.97568539274 381.599269677428
1.710457311122107 330611.90709546633 944.3904916230865
1.7104701995188774 332197.8189902669 2713.7558606086563
1.7104830861323068 335548.90303349606 2003.187431640137
1.7104959709628191 333759.723087074 1068.8989501764743
1.7105088540108409 334993.50687833765 818.7953487751511
1.7105217352767974 329267.2495152238 1158.2016575144728
1.7105346147611145 328477.52831837983 1361.9433396065817
1.7105474924642172 330540.70376002486 711.2860903179313
1.7105603683865338 331051.1644748478 250.77835357983184
1.7105732425284894 327317.61097339605 238.058025953292
1.7105861148905115 332601.1714452961 1239.228196328977
1.7105989854730266 336742.60381494754 683.9604562652993
1.7106118542764626 335295.45639527723 1152.5480437911606
1.7106247213012464 334851.89494877745 1402.774187133143
1.710637586547807 333567.0671505079 2901.0316828708064
1.7106504500165718 333609.3992515935 4999.213423465384
1.7106633117079686 343431.48033334845 542.783034985102
1.7106761716224266 349831.5881035586 2400.793473519776
1.7106890297603745 343959.7533155743 3143.9356021630597
1.7107018861222412 340492.5596004237 415.91105182067383
1.710714740708457 340215.5576856002 1339.6532628614966
1.7107275935194497 337764.23973223445 46.850668497903925
1.7107404445556509 335063.12502265675 1754.2570228476297
1.7107532938174894 334910.04845698515 2603.2879798973686
1.7107661413053958 334045.2441142754 2022.1364249726728
1.7107789870198018 330011.12893829163 1218.2513760263068
1.7107918309611363 330065.57461824216 2123.291355234913
1.710804673129832 328081.9004611754 3204.742368986649
1.7108175135263193 323964.1146372921 1695.6170097209447
1.7108303521510295 322177.0654156329 4573.572173983401
1.7108431890043958 317202.7433478442 2296.322178781596
1.7108560240868491 318059.23174683744 1987.5489801073766
1.7108688573988229 317785.1601191247 1132.6343561798046
1.7108816889407474 316472.9148105384 1560.3327603218006
1.7108945187130584 313627.4480490992 1456.3266336353106
1.7109073467161866 311161.62300027366 2841.873349793073
1.710920172950566 315285.03564576496 1335.8642557080946
1.7109329974166312 317272.8650674617 1016.9678738231135
1.7109458201148153 319559.6589296459 38.941019507187605
1.710958641045551 320104.48474581883 478.79007399853197
1.710971460209275 325394.9268045533 2528.6405519230784
1.7109842776064208 326173.74830903194 1983.3139113658228
1.7109970932374228 325363.0243379671 1332.8258119277668
1.711009907102716 329379.3845252664 523.2744168972938
1.7110227192027365 329015.163381551 1529.8425220631427
1.7110355295379196 329932.947039056 1420.9665378048812
1.711048338108701 332395.7571176956 850.6336626239852
1.7110611449155166 332801.53870200436 1927.5374633972579
1.711073949958803 335590.5717376223 643.5330678238485
1.711086753238996 336410.21344875294 3121.6137032672245
1.7110995547565335 335388.4467446178 2689.8007801989347
1.7111123545118523 334563.3764028884 1163.0652429001104
1.7111251525053888 336071.78657591576 110.80191559422595
1.711137948737582 334371.5990577262 928.4108166099929
1.7111507432088684 330088.75487833604 162.2948823468378
1.7111635359196868 330012.90495854145 1925.7311816472381
1.7111763268704747 331535.1240786913 976.1711207855677
1.7111891160616717 331435.3490207448 3218.487047782184
1.7112019034937165 329357.4107143486 3640.69488386023
1.7112146891670472 329449.7461327157 734.2282399862358
1.7112274730821042 328076.2901360493 2017.7124803187676
1.711240255239326 325569.06462409406 56.3420644515129
1.711253035639153 324189.24091850483 2653.711579205507
1.7112658142820256 323708.7200300321 1069.6651480258295
1.7112785911683832 322729.7336896558 678.8244888917029
1.711291366298667 317087.3942445777 2218.2635540067604
1.7113041396733177 314904.1731576631 673.7839339508189
1.711316911292776 315669.2267474383 1825.9453370220244
1.7113296811574839 314901.4276478096 1340.429600840228
1.7113424492678821 314137.4093208226 3704.13293807115
1.711355215624413 311987.27349180594 1931.6279409320966
1.711367980227518 313226.8898335134 1195.3275181392728
1.7113807430776402 312727.0484498889 1825.048434458298
1.7113935041752215 312183.76672804373 1006.6408941636779
1.7114062635207052 308388.6899727708 793.2099821147103
1.7114190211145344 307602.3988675647 202.93236555585293
1.7114317769571519 306259.98547740345 3696.129587868536
1.7114445310490007 307274.6480089464 982.4207312283003
1.711457283390526 305157.6834177542 571.6144071013757
1.7114700339821705 303640.612651975 2186.2922860486133
1.71148278282438 301834.95599227527 1705.7525972639148
1.7114955299175976 301288.47360270104 420.1376452588908
1.7115082752622686 298398.5924124668 385.30716839965555
1.7115210188588383 297306.13634661236 2154.1159345375027
1.7115337607077517 294214.1377255857 858.7044006859526
1.7115465008094541 294441.36607923976 1073.1686690926433
1.711559239164392 286786.5590288364 1333.3013913550735
1.7115719757730106 287672.0077932437 2580.866219540032
1.7115847106357571 284603.7306289395 1810.9314792157284
1.711597443753077 284210.6034238574 1728.9311064120875
1.7116101751254176 280397.9043158843 173.85150905340697
1.711622904753226 279336.6962691635 196.82471218569282
1.7116356326369497 275716.07301334484 2962.213885394879
1.7116483587770357 277198.3183839074 99.55833154641884
1.7116610831739318 275592.2035434083 4023.5800073344863
1.7116738058280867 274816.3168152996 297.0374236986963
1.7116865267399477 278610.8744275223 1050.321687156653
1.7116992459099643 278282.55766728456 3094.477912461706
1.7117119633385844 273526.7557912685 478.07807099470284
1.7117246790262572 273342.04942894966 613.8715836519051
1.711737392973433 275303.763587465 485.2894277322763
1.71175010518056 272952.6859584169 668.4806202986935
1.7117628156480886 276770.5726698894 1461.8767814136227
1.711775524376469 271992.9165855189 1979.0699012292914
1.7117882313661508 273846.48496430134 512.8518173142319
1.7118009366175846 274014.492365103 2019.0169588820527
1.711813640131222 274980.45695233747 2411.9299438614203
1.711826341907513 275654.543069446 2673.580518943324
1.7118390419469098 277801.1509390725 3875.585434540708
1.7118517402498634 277990.63927970146 1978.75579241808
1.7118644368168252 278931.2593850585 1382.7560965007654
1.7118771316482486 282167.134427942 804.515886749491
1.7118898247445844 287297.2641859917 2119.16685602692
1.7119025161062855 290531.97293542884 814.5130499888867
1.711915205733805 288982.1439552008 1874.1330340422971
1.7119278936275948 292137.06686943374 1818.436722700725
1.7119405797881102 293089.1010202191 216.9486099477603
1.7119532642158029 298215.0047338587 3976.367201238825
1.7119659469111281 298863.7885723645 1817.9297177274277
1.7119786278745386 310294.43875443185 13088.905458109637
1.7119913071064887 309107.509325191 1143.2461891007283
1.7120039846074344 311541.87139244133 1615.918419562423
1.7120166603778282 311973.3689211544 645.1451957018327
1.7120293344181268 315666.9788450259 1615.7028932910646
1.7120420067287847 310807.73016275687 7368.238343325565
1.7120546773102576 317673.63571882294 195.54319905192636
1.712067346163002 319141.7764757367 1945.5230651696954
1.7120800132874725 322518.058858899 3324.817007980253
1.7120926786841262 322780.42642511794 854.4698491049717
1.71210534235342 320737.525518913 85.59738263664953
1.7121180042958093 322226.9412314623 1390.458000727449
1.7121306645117529 323822.83815723134 832.2824497786919
1.712143323001706 319795.966807869 549.3326758098609
1.7121559797661279 321602.5646715244 884.2696527009605
1.7121686348054745 322516.8094549972 411.04543079629644
1.712181288120206 323774.38958519883 1758.1026163150204
1.7121939397107795 326161.00397342414 2752.2476277358214
1.7122065895776533 328324.80824387714 1127.7221985089357
1.712219237721287 329866.0511156114 2891.985020862434
1.712231884142138 326680.8064335949 1051.2628505292512
1.7122445288406671 329180.2262434474 424.57008725090424
1.7122571718173334 325581.6751586898 956.8589854119141
1.7122698130725962 329393.12753916223 4773.701235749728
1.7122824526069162 331770.9592205823 1356.4307561578778
1.7122950904207528 335651.7085852812 236.04747254429583
1.7123077265145665 338692.65293765225 2145.8990823324307
1.7123203608888198 340726.40458913904 1294.096742213646
1.7123329935439715 342968.3355950183 3522.897013876344
1.7123456244804838 334435.7056926746 1814.3396844397425
1.7123582536988178 333458.32441091805 830.2081199564115
1.7123708811994354 333724.1240062169 1874.023803510011
1.7123835069827995 332638.06840199203 160.77722005026862
1.712396131049371 344575.3691372578 7450.883979028919
1.712408753399613 341872.6392955973 3945.3828082532955
1.7124213740339882 339967.85710117646 2294.6687110923663
1.7124339929529597 338184.54773026437 5654.750301459971
1.7124466101569906 339754.28145162686 1314.0785720300103
1.7124592256465445 342010.1062676026 1190.8113562640822
1.7124718394220853 334210.664435062 59.213911307149694
1.7124844514840762 335773.4569830317 2418.0528385803623
1.7124970618329816 335630.403374176 1526.0126892681433
1.7125096704692666 331242.0543788361 931.9884554077681
1.712522277393396 330360.15410873987 263.0503354728306
1.712534882605834 333893.18177316914 1149.5536607083234
1.7125474861070473 333382.0684452104 1996.6384848601613
1.7125600878974994 327642.0319221812 609.6777692263605
1.712572687977657 322835.97779900546 1055.444577132345
1.7125852863479865 319222.3892751796 1976.990134548172
1.7125978830089528 318708.65846421174 1982.387875752481
1.712610477961024 313356.9338758905 62.43652517118261
1.7126230712046657 308396.75599954126 1481.398252788325
1.7126356627403458 308228.4355899179 561.9033493675194
1.7126482525685303 305041.76403459546 1464.5581763204927
1.7126608406896877 301329.5667268058 582.9891337758359
1.7126734271042854 300379.69306109304 1332.4592347011153
1.7126860118127918 300841.6640534224 3931.095270778398
1.7126985948156739 297970.7224201647 966.4677659154121
1.7127111761134008 300618.6011526894 1772.7049459618788
1.7127237557064419 297760.5095250303 1269.9170310087309
1.7127363335952661 297338.74330952927 44.27378218566641
1.7127489097803412 303535.21572043636 3332.6843346646438
1.7127614842621381 301546.32950808236 2712.055878701277
1.712774057041126 302319.94404128916 82.45603670746502
1.7127866281177746 299341.37689099525 850.9284545285312
1.7127991974925554 303649.1476690087 104.04726764126536
1.7128117651659371 308872.3155352771 1169.6771418627409
1.712824331138391 310350.83199537365 1362.0817556224058
1.712836895410389 309109.2197274821 574.4446468453253
1.7128494579824007 315517.2892444428 1641.9747699550571
1.7128620188548995 316652.65994684637 438.21729516643444
1.7128745780283552 321593.7282426751 2556.6550919309807
1.7128871355032411 322962.4744264228 3835.4440481427596
