igrins/spectra/eg_uma_H_20190319.ecsv
# %ECSV 1.0
# ---
# datatype:
# - {name: WAVELENGTH, unit: um, datatype: float64}
# - {name: FLUX, datatype: float64}
# - {name: ERROR, datatype: float64}
# schema: astropy-2.0
WAVELENGTH FLUX ERROR
[from data line 8176]
1.5822145061352968 364802.27714237105 3264.2771066918735
1.5822258375345302 363769.2839714078 3250.1346034118474
1.5822371674192837 362702.39271254925 3255.9408376604233
1.5822484957901342 362756.07658190327 3229.9106665764134
1.5822598226476623 363443.0202040912 3240.6559054739832
1.582271147992445 364894.4421868971 3284.9528029083303
1.5822824718250617 365348.51670536865 3311.02171654242
1.5822937941460915 365691.94316916226 3277.600130503963
1.5823051149561116 366122.8936522716 3263.6328339715087
1.582316434255702 369154.5978420537 3276.4117017015597
1.5823277520454406 370963.96440080303 3287.5015348349
1.5823390683259062 372595.0804094271 3281.1130826766016
1.5823503830976773 373936.7645531056 3283.8154705524694
1.5823616963613327 374709.5417931038 3302.5805164944163
1.5823730081174514 375243.1852549466 3297.7718614652294
1.582384318366611 373200.62440648454 3305.085298006978
1.5823956271093913 372835.2168711541 3300.2551988143387
1.5824069343463707 372523.6904972311 3317.095904243836
1.5824182400781275 374919.8443464545 3329.774722775346
1.5824295443052407 376536.0364012173 3348.0408057961395
1.5824408470282887 377504.0188354682 3373.6567965980917
1.5824521482478504 376708.9808635692 3413.989430281169
1.5824634479645043 374963.823679046 3477.421518952659
1.5824747461788295 377877.73423007235 3612.342807108108
1.582486042891404 384138.82594810345 3749.469400752551
1.5824973381028076 389574.4816353835 3721.515287826038
1.582508631813618 389348.2989323521 3525.2375436293214
1.5825199240244145 383776.77396060515 3422.760044237133
1.5825312147357757 379318.6026869904 3350.664093154077
1.5825425039482797 376689.07949378283 3347.992796168441
1.5825537916625068 376804.62549541506 3334.456054350263
1.5825650778790339 376869.7273312694 3321.090296516163
1.5825763625984413 375184.01318414585 3306.475406901535
1.5825876458213066 374118.83184005285 3317.762199064296
1.5825989275482089 372166.39048021706 3344.0037235427067
1.5826102077797275 371302.54331216594 3324.4978074909686
1.5826214865164407 369345.19377981964 3326.138089937268
1.5826327637589275 368747.5471071886 3302.157812622105
1.582644039507766 368709.1921269134 3306.5058496529423
1.5826553137635364 369015.92423791654 3329.3044291364486
1.5826665865268164 369194.53111710097 3285.3701021414954
1.5826778577981844 369063.68742785876 3297.81321575796
1.5826891275782207 370049.62775463937 3297.4882821063584
1.582700395867503 369955.1404921071 3297.2783474205926
1.5827116626666098 369927.35028672975 3278.7932575546665
1.5827229279761217 368958.3696129328 3290.6479970559835
1.5827341917966156 369790.3602591594 3307.8474419952804
1.5827454541286714 370457.2625412965 3319.6181759001133
1.5827567149728676 372303.5391812103 3315.884633018501
1.582767974329783 374361.8611103861 3331.742872120751
1.5827792321999967 374134.73025310214 3343.6645614128433
1.582790488584087 371857.438480131 3340.4152165027426
1.5828017434826338 370250.21736099187 3309.3389318410436
1.582812996896215 370989.2315962112 3313.207829315942
1.5828242488254096 372917.3620146469 3345.1188514318824
1.5828354992707974 373221.8098772889 3351.5849370317296
1.5828467482329562 375431.54414079356 3344.5567149573253
1.5828579957124653 376424.22893582773 3364.8633400726453
1.5828692417099037 378281.3043195213 3368.845772402514
1.5828804862258499 379231.351282586 3376.9858749227865
1.5828917292608837 378905.6657364871 3383.805131778792
1.5829029708155833 378012.86296515743 3380.211130660984
1.5829142108905274 376495.08242318017 3401.286780626619
1.5829254494862954 376932.8044067769 3420.063231763517
1.5829366866034664 377940.15395786846 3413.676488921958
1.5829479222426188 377139.2267535062 3433.139490097162
1.5829591564043317 376086.95703047956 3447.0245704423373
1.5829703890891849 374858.95705770893 3616.994483689194
1.582981620297756 377419.87782927 4028.729125862663
1.5829928500306245 382256.1854938333 4486.292916106705
1.5830040782883708 386572.21033892804 4622.9258891206855
1.583015305071571 387308.5876273507 4243.70217936068
1.5830265303808058 384658.82367481 3762.728760203174
1.5830377542166547 382384.6139872971 3592.9216425817904
1.5830489765796951 380520.5620061852 3839.2997775803633
1.5830601974705079 381022.88667950034 4133.576898390217
1.5830714168896707 378384.5606127577 4256.275873789859
1.5830826348377625 376847.5615262869 4065.302945087429
1.5830938513153632 374750.6964859107 3701.3360832598737
1.583105066323051 376688.109499158 3510.085858299709
1.5831162798614058 377346.0163804991 3455.53712896468
1.5831274919310057 379099.17250814737 3451.880065128151
1.5831387025324306 378508.69684598845 3467.1963109701505
1.5831499116662586 378223.77396096475 3437.2692217402086
1.5831611193330692 377288.31314566045 3474.800961651327
1.583172325533442 377207.6458203179 3488.9018183956155
1.583183530267955 377573.60337896843 3514.412213162974
1.5831947335371883 378212.7735875341 3528.481763213467
1.5832059353417205 379868.3235984818 3563.7957756464407
1.58321713568213 380378.1534060795 3608.7031326762003
1.5832283345589973 381110.04291874694 3639.3156295244844
1.5832395319729002 381924.88794701366 3679.7307018407205
1.5832507279244188 384753.9244619598 3749.4934271665416
1.5832619224141316 384888.061775476 3784.132627223721
1.583273115442618 383459.1255261408 3879.388719381795
1.583284307010457 386882.11945662287 4374.027368592616
1.5832954971182274 389476.7022892829 6003.4788650032415
1.5833066857665086 392746.21405051753 8131.751167671097
1.58331787295588 387196.93189391633 9665.514672888563
1.58332905868692 384263.2138560455 10293.828903435133
1.5833402429602086 380441.2251496223 9766.913331128679
1.5833514257763244 379079.71457826276 8133.4700284547325
1.5833626071358464 378131.3225181507 6066.35838250418
1.5833737870393545 377270.305192416 4486.0753633931445
1.5833849654874272 375390.82115511183 4010.2332012071824
1.5833961424806444 372264.4730484573 3909.745843269982
1.5834073180195838 367776.5845245882 3905.0836263510882
1.5834184921048258 364678.63793731504 3841.6177816820414
1.5834296647369501 361125.3519259988 3830.5425069029034
1.5834408359165346 360630.1291558171 3816.499080115777
1.5834520056441592 358668.2820869857 3854.7166774042053
1.5834631739204026 358084.1944815173 3891.08498921152
1.5834743407458443 354687.409864243 3891.23814109024
1.5834855061210642 353798.6706506675 3896.8094075327654
1.58349667004664 355211.88438603585 4000.4550279863925
1.5835078325231526 359416.32793404907 4145.914280692799
1.5835189935511802 364620.162615324 4155.17580686756
1.5835301531313022 368480.11124703323 4117.925979991357
1.5835413112640975 370567.95909457235 4060.020328399786
1.583552467950146 370009.7713182032 4003.3043676038037
1.583563623190027 365735.27058490284 3969.948061198454
1.5835747769843196 362938.24857015605 3952.005221599229
1.5835859293336023 361321.1690957106 3939.698123156148
1.5835970802384558 365778.4991563522 3967.0374031816473
1.5836082296994576 369122.7330717857 4046.081096968976
1.5836193777171883 371786.12109002745 4015.8309020125794
1.5836305242922273 370698.77425070165 4023.27705349445
1.5836416694251534 371944.3488444345 4010.509135236509
1.5836528131165457 373471.56303014 4052.6227189412966
1.5836639553669836 374989.4763268961 4011.736418136096
1.5836750961770465 373741.26816158474 3999.6541757334703
1.5836862355473142 375198.99022756395 4024.2771658668125
1.583697373478365 376004.993769674 4069.506346652839
1.5837085099707795 375097.78084262414 4073.508830065656
1.5837196450251365 372270.1721214364 4044.3872129385263
1.5837307786420145 370559.7546060218 4050.842254811494
1.5837419108219941 370548.9656682176 4043.2836598300887
1.5837530415656538 370558.4241465271 4015.6278664086085
1.5837641708735732 371933.9798723297 4036.2101727808185
1.583775298746332 373585.6125684447 4057.7197782502367
1.583786425184509 376799.52976543293 4045.0653726264286
1.5837975501886845 378306.19535429357 4089.366585562107
1.5838086737594361 378699.4357530515 4091.6463855001766
1.5838197958973452 378668.8027587335 4092.2853783598703
1.58383091660299 377849.49966012524 4144.719528705988
1.58384203587695 379431.9964749067 4152.6948459050045
1.5838531537198055 379443.75471579074 4154.961698473562
1.583864270132135 380849.96964548726 4140.006349036996
1.5838753851145178 380216.06853790756 4152.349758837883
1.583886498667534 378048.2428211246 4116.034378063992
1.583897610791762 374576.04093370575 4101.75913000539
1.5839087214877832 372239.96216441423 4112.468275405109
1.5839198307561746 370903.3788565456 4120.942446005058
1.583930938597517 370520.0362388586 4117.6411235239675
1.58394204501239 367666.9417823956 4104.529482422131
1.5839531500013724 363068.1939097702 4077.7843058812423
1.5839642535650444 358987.5877879128 4031.678410408786
1.5839753557039846 357364.06148059847 4044.470697439943
1.583986456418773 358580.6193680567 4073.7119418858683
1.5839975557099888 358442.4048137042 4118.196314407031
1.5840086535782116 358201.04463232553 4138.971384088679
1.5840197500240214 357476.8970028737 4171.613075269919
1.5840308450479965 358446.97385144926 4222.499208670061
1.5840419386507179 359910.17318205145 4280.777790327885
1.584053030832764 360703.3818738182 4254.0765477935365
1.5840641215947147 362824.3285983412 4160.94206237096
1.5840752109371492 364103.5164791068 4153.75821112017
1.5840862988606477 365177.4851705863 4138.416208172457
1.584097385365789 362527.03636359144 4102.254373765235
1.584108470453153 361372.8056869241 4056.2364837279556
1.5841195541233195 359465.4828924133 nan
1.584130636376867 nan nan
1.5841417172143761 nan nan
1.584152796636426 370364.3395266742 nan
1.5841638746435964 368693.3762712299 4137.5791015625
1.584174951236467 368866.5539344758 4270.5185546875
1.584186026415617 368681.4700454208 4386.4599609375
1.584197100181626 369871.52468964056 4468.79443359375
1.5842081725350734 368950.10979319934 4398.19287109375
1.5842192434765396 368912.17228756764 4276.736328125
1.5842303130066033 368859.43866249424 4138.11279296875
1.5842413811258451 369271.0464345647 4175.119140625
1.5842524478348436 370597.09329053847 4114.89013671875
1.5842635131341782 370822.849191654 4098.9091796875
1.5842745770244298 373411.5240760407 4167.50390625
1.5842856395061768 372035.0214495191 4308.6220703125
1.5842967005800004 371376.70972761116 4348.39990234375
1.5843077602464781 369522.8814043739 4374.5078125
1.584318818506191 369627.20203975186 4333.265625
1.584329875359719 367724.4829855341 4239.888671875
1.5843409308076404 367118.3703537417 4116.91748046875
1.584351984850536 365682.5898369147 4073.81396484375
1.5843630374889848 365442.307325319 4042.795166015625
1.5843740887235667 364433.6032032278 4048.829345703125
1.5843851385548622 364188.776153557 4031.190185546875
1.5843961869834493 364902.4148547437 4002.81103515625
1.584407234009909 365344.7178532688 4033.12939453125
1.58441827963482 364244.4592349423 4028.8173828125
1.5844293238587628 362979.97690819204 3992.181884765625
1.5844403666823175 362085.7013678856 3976.03564453125
1.584451408106063 358581.9567098728 3962.452880859375
1.584462448130579 358368.56448827457 3938.3212890625
1.5844734867564454 356734.8442487201 3933.3701171875
1.5844845239842418 358452.8175004643 3919.06396484375
1.5844955598145483 357350.651436814 3869.130615234375
1.584506594247944 355592.9649602749 3896.670654296875
1.5845176272850099 356298.5898862998 3921.67724609375
1.5845286589263246 356731.5954584913 3896.1396484375
1.5845396891724677 359791.01550116274 3938.345947265625
1.5845507180240204 359045.78254939197 4005.134765625
1.5845617454815604 359806.17856347165 4038.752197265625
1.584572771545669 361112.3409301686 4042.4873046875
1.5845837962169258 364697.5241377785 4064.445556640625
1.58459481949591 367014.6092413703 4017.48974609375
1.5846058413832018 368056.46371604194 3968.788330078125
1.5846168618793808 369613.2539918312 3967.28662109375
1.584627880985027 370960.6185329667 3976.848876953125
1.5846388987007205 374585.8767255552 3965.6552734375
1.5846499150270406 376091.3563569992 3995.72802734375
1.5846609299645669 379398.8253366689 3967.05322265625
1.5846719435138799 377791.07660684286 4005.90185546875
1.5846829556755586 377370.0918005853 3964.876220703125
1.584693966450184 377106.02075121773 3970.90380859375
1.5847049758383347 378736.60612643237 3966.0048828125
1.5847159838405918 382128.95040654356 4004.965576171875
1.5847269904575338 385356.3611987544 4109.9892578125
1.5847379956897416 386830.0574824312 4708.1875
1.5847489995377946 384444.1619713972 5491.3759765625
1.5847600020022727 383176.8492901253 6057.3896484375
1.584771003083756 382007.9262210536 6252.69775390625
1.5847820027828239 382914.57784603094 5797.30517578125
1.584793001100057 380948.64309422707 5014.0849609375
1.584803998036035 380016.7102247917 4273.490234375
1.5848149935913367 378951.5549682693 4461.53369140625
1.584825987766544 377976.4289646242 5289.51953125
1.584836980562235 376287.56345269457 5849.6005859375
1.5848479719789903 374181.33831489284 6148.775390625
1.58485896201739 370104.3307641627 5870.45849609375
1.5848699506780137 365399.23167857755 5128.56201171875
1.5848809379614421 362138.7867691265 4241.37109375
1.584891923868254 361136.9905594337 3853.724609375
1.5849029083990298 360448.6839039172 3805.0341796875
1.5849138915543501 360332.59719910426 3776.9912109375
1.5849248733347938 358441.0860163588 3786.841552734375
1.584935853740942 356496.5661522574 3768.7197265625
1.5849468327733731 354354.67945712234 3705.89501953125
1.5849578104326683 353329.4748616363 3720.7744140625
1.5849687867194078 354415.72539318295 3677.157958984375
1.58497976163417 354119.0644737288 3673.54736328125
1.584990735177537 352661.0431885803 3672.010498046875
1.585001707350087 354436.320377919 3580.5546875
1.585012678152401 357106.3932127527 3654.053466796875
1.585023647585059 361819.60535150097 3719.60791015625
1.58503461564864 363570.0816854822 3759.64404296875
1.5850455823437255 365461.9712697008 3728.547607421875
1.5850565476708944 366912.3433059554 3745.008056640625
1.585067511630727 368181.6077846115 3751.993408203125
1.5850784742238038 370073.3904277452 3750.001953125
1.5850894354507041 372438.19311678683 3784.152099609375
1.5851003953120089 374494.9819559276 3802.0126953125
1.5851113538082973 376255.217912937 3800.359619140625
1.5851223109401493 378223.1472395399 3813.556884765625
1.5851332667081464 379866.4480189677 3790.801025390625
1.5851442211128668 379772.93554097484 3741.116455078125
1.5851551741548917 379909.9935883396 3696.363037109375
1.5851661258348013 381349.56588637794 3710.64501953125
1.5851770761531745 385156.81541447 3731.240234375
1.585188025110593 385380.475570588 3737.2119140625
1.5851989727076357 383135.69117232104 3705.0048828125
1.5852099189448832 380495.8237947742 3699.52490234375
1.585220863822915 382301.57129425125 3722.17724609375
1.5852318073423124 384814.13266829995 3743.349853515625
1.5852427495036554 385425.0757795669 3735.0732421875
1.5852536903075223 382846.7183984927 3710.080078125
1.585264629754495 381943.58967787994 3689.528076171875
1.5852755678451533 382369.1650389503 3696.182373046875
1.585286504580077 384779.7373465731 3715.964599609375
1.5852974399598465 384600.3433518687 3806.341796875
1.5853083739850415 384363.096740277 3753.50244140625
1.585319306656243 383044.5400777926 3698.488037109375
1.5853302379740302 382622.3620310165 3666.407958984375
1.585341167938984 380711.71686312015 3666.798095703125
1.5853520965516845 380088.448802915 3656.9384765625
1.5853630238127114 378202.85385976854 3677.01953125
1.5853739497226458 378633.2169185482 3662.026611328125
1.5853848742820669 378005.47462835733 3669.932861328125
1.5853957974915551 378680.08998837427 3646.833740234375
1.5854067193516914 378667.74616301135 3605.03369140625
1.585417639863055 377434.39134962566 3615.178466796875
1.5854285590262267 376022.89766885247 3591.557373046875
1.5854394768417865 374321.3181509741 3574.700927734375
1.5854503933103146 374476.1590358062 3605.38427734375
1.5854613084323914 377127.67140474264 3604.916748046875
