igrins/spectra/eg_uma_K_20190319.ecsv
# %ECSV 1.0
# ---
# datatype:
# - {name: WAVELENGTH, unit: um, datatype: float64}
# - {name: FLUX, datatype: float64}
# - {name: ERROR, datatype: float64}
# schema: astropy-2.0
WAVELENGTH FLUX ERROR
[from data line 10217]
2.119936967398517 177836.20448155684 1492.0499267578125
2.1199513956742497 178175.329584711 1487.91845703125
2.1199658221661672 179035.93838837324 1494.4818115234375
2.119980246874471 180655.67067108885 1505.737060546875
2.1199946697993672 181725.2126914593 1515.642822265625
2.1200090909410525 181814.52583425294 1517.346435546875
2.1200235102997302 181353.42209524693 1513.19287109375
2.1200379278755994 181122.19157404682 1521.0552978515625
2.12005234366886 181233.37787931447 1543.445556640625
2.1200667576797083 181361.17634251626 1565.657470703125
2.1200811699083437 181514.9083193592 1585.07177734375
2.120095580354962 182388.12515172164 1580.44873046875
2.120109989019759 183140.95560420046 1563.3709716796875
2.120124395902928 183781.64420179318 1545.8408203125
2.1201388010046665 184055.83927348646 1533.555419921875
2.1201532043251645 184689.3236769982 1527.92626953125
2.120167605864617 185527.57690261956 1535.6380615234375
2.1201820056232146 186305.44155033032 1533.208740234375
2.120196403601148 186633.1136512446 1530.1982421875
2.120210799798608 187169.7626027437 1524.6236572265625
2.120225194215783 187189.20088606217 1530.50048828125
2.1202395868528625 187381.12160309585 1523.197021484375
2.1202539777100333 188083.98508587692 1528.133544921875
2.120268366787482 188473.56520416806 1544.34765625
2.120282754085396 188234.60503676592 1539.384765625
2.1202971396039594 187616.0837380188 1534.3167724609375
2.120311523343357 188024.5347038083 1542.742431640625
2.120325905303772 188869.4069896993 1554.0975341796875
2.1203402854853883 189136.0650129751 1569.0833740234375
2.120354663888387 189188.23581373412 1586.8780517578125
2.1203690405129487 189403.08300005857 1610.6763916015625
2.1203834153592545 189488.9526322591 1616.2503662109375
2.1203977884274843 189295.8090686055 1600.880615234375
2.1204121597178167 188912.26519759526 1584.909423828125
2.1204265292304294 188050.9467471531 1580.3431396484375
2.1204408969654986 186401.2633564925 1587.9482421875
2.120455262923202 185066.1354929388 1599.3807373046875
2.1204696271037156 184068.3131833839 1602.2197265625
2.120483989507212 183873.81293160105 1574.169189453125
2.120498350133867 183855.8189291992 1548.4176025390625
2.120512708983852 184428.0871620383 1532.707275390625
2.120527066057341 184995.8600108617 1535.288818359375
2.120541421354505 185840.17647295963 1538.5782470703125
2.1205557748755126 185618.94468888012 1546.554443359375
2.1205701266205366 185043.2879217685 1528.3125
2.1205844765897446 183853.88378002078 1514.343994140625
2.120598824783304 183963.8692022828 1508.7647705078125
2.1206131712013847 184573.56195001025 1513.1173095703125
2.1206275158441508 185383.58692972528 1512.572509765625
2.1206418587117692 185430.65487193476 1516.23046875
2.1206561998044045 184962.92293390568 1508.3421630859375
2.120670539122221 185380.98307698246 1505.05078125
2.1206848766653827 186126.50704896846 1527.05224609375
2.120699212434051 187176.65585405586 1521.3751220703125
2.1207135464283886 187060.21130662726 1519.8934326171875
2.1207278786485553 186537.45834038995 1523.6802978515625
2.120742209094712 185741.25899926721 1523.4969482421875
2.1207565377670186 185497.96813841216 1521.0916748046875
2.1207708646656322 184788.97623094267 1528.5545654296875
2.1207851897907117 184312.22533960655 1514.6614990234375
2.1207995131424133 183747.41895009464 1508.8165283203125
2.1208138347208934 184156.1264058486 1511.712158203125
2.120828154526307 184462.31009487473 1512.4859619140625
2.120842472558808 184048.72199972844 1512.603271484375
2.1208567888185517 183370.83290972287 1499.3638916015625
2.1208711033056895 182489.82006751932 1510.941162109375
2.1208854160203727 182194.89237022947 1505.0345458984375
2.120899726962755 182075.22761392262 1499.565673828125
2.120914036132984 182196.66529454262 1504.9910888671875
2.120928343531212 181667.90872013697 1505.0479736328125
2.120942649157586 181158.12356297375 1502.1737060546875
2.120956953012253 181137.45228145565 1498.064453125
2.1209712550953634 181958.10325509871 1505.36962890625
2.120985555407061 182464.6877930279 1515.677978515625
2.1209998539474917 182650.05905649185 1531.832275390625
2.1210141507168006 182703.1356264818 1560.7449951171875
2.1210284457151314 182263.8492077919 1575.5494384765625
2.121042738942628 182626.60187983804 1567.089111328125
2.121057030399431 182491.44607244164 1549.627685546875
2.121071320085684 182698.13137362897 1520.3935546875
2.1210856080015255 182344.8159733712 1509.974853515625
2.121099894147097 182417.98864029336 1514.0447998046875
2.1211141785225367 182774.64571812568 1509.8614501953125
2.1211284611279826 183051.30882879812 1500.849365234375
2.121142741963573 183164.62877622104 1509.4755859375
2.1211570210294446 183445.4497491239 1513.6002197265625
2.121171298325732 183302.29001109453 1506.9056396484375
2.1211855738525713 183241.80571031183 1501.455322265625
2.1211998476100966 183006.21886450457 1484.1556396484375
2.12121411959844 183084.4207453377 1494.78662109375
2.1212283898177353 183564.1913628305 1505.052734375
2.121242658268115 183976.72367860208 1504.7198486328125
2.1212569249497086 184623.51346595737 1503.9512939453125
2.1212711898626457 184880.88418744772 1508.6273193359375
2.1212854530070575 185249.9404000235 1512.2281494140625
2.121299714383072 185511.2644271916 1514.9306640625
2.1213139739908153 185796.0482693177 1527.125244140625
2.1213282318304167 186048.25153274386 1527.3782958984375
2.1213424879020004 186715.4252028289 1532.471435546875
2.121356742205693 187151.79666344333 1548.4207763671875
2.1213709947416173 187324.63142831286 1544.94921875
2.1213852455098983 186614.7564161733 1538.7476806640625
2.1213994945106593 186324.5724193411 1529.71533203125
2.1214137417440213 186600.7423527785 1523.5137939453125
2.1214279872101054 186940.31882992946 1524.685302734375
2.121442230909032 186756.2755037902 1519.2081298828125
2.121456472840922 186182.86788294849 1520.498779296875
2.1214707130058934 185771.8170020298 1525.9029541015625
2.1214849514040632 185713.82164384075 1533.5338134765625
2.1214991880355503 185098.50138832603 1533.528564453125
2.1215134229004695 184698.8688611734 1527.5350341796875
2.1215276559989373 183947.50858639795 1526.46435546875
2.121541887331069 183980.1728501488 1513.7205810546875
2.1215561168969765 183468.07301924715 1510.1099853515625
2.1215703446967753 183649.82183478907 1507.149658203125
2.1215845707305756 184138.68218146497 1513.3701171875
2.12159879499849 184624.9843718469 1515.3741455078125
2.1216130175006294 184473.6777635715 1512.468017578125
2.1216272382371026 183444.3736518323 1507.4932861328125
2.1216414572080207 183166.22062889987 1503.9676513671875
2.1216556744134896 183336.11973975186 1510.6903076171875
2.1216698898536177 183721.45050438883 1514.6190185546875
2.1216841035285126 183715.13613792442 1507.78564453125
2.1216983154382794 183558.70376712657 1507.6810302734375
2.1217125255830225 183672.9389655798 1512.76318359375
2.121726733962846 184233.5620007794 1515.7227783203125
2.1217409405778547 184151.8037347686 1517.8023681640625
2.1217551454281502 184334.78185366048 1529.9229736328125
2.1217693485138343 183927.2573100694 1552.827392578125
2.121783549835008 183993.94486125832 1566.0706787109375
2.121797749391772 184392.52487103833 1568.395751953125
2.121811947184225 184862.50185195642 1552.631591796875
2.1218261432124663 185547.07617025034 1527.5352783203125
2.1218403374765926 185158.9189212543 1521.7080078125
2.1218545299767015 184582.00081029243 1508.9443359375
2.121868720712889 183977.8453656489 1508.498779296875
2.1218829096852505 184123.22654502548 1517.11181640625
2.1218970968938797 184633.09018407133 1519.857666015625
2.1219112823388713 184665.6466953127 1522.582275390625
2.121925466020318 184419.47303824848 1518.88037109375
2.121939647938311 183933.13785051933 1519.6173095703125
2.1219538280929426 183726.50023952717 1519.1402587890625
2.1219680064843027 183107.7921683275 1523.146484375
2.1219821831124808 182797.1076066897 1517.451171875
2.121996357977566 182861.46238667675 1515.2894287109375
2.122010531079647 183267.5271659271 1521.203125
2.122024702418809 183313.98003935895 1529.9652099609375
2.122038871995141 182806.0984386707 1538.583740234375
2.122053039808726 182204.57704843048 1533.829833984375
2.1220672058596506 182897.46718697267 1523.527099609375
2.1220813701479977 183442.72509223776 1516.1590576171875
2.122095532673851 183769.11352535163 1505.5938720703125
2.1221096934372934 183223.27827938553 1503.2218017578125
2.122123852438405 183093.0189578851 1504.2420654296875
2.122138009677268 182993.26274313676 1507.838134765625
2.1221521651539605 182650.09695840077 1501.7166748046875
2.122166318868562 182137.97167364025 1498.81494140625
2.122180470821153 181910.6351319809 1498.3477783203125
2.1221946210118086 181822.77537952113 1498.5428466796875
2.1222087694406064 181089.34589823117 1493.627197265625
2.122222916107622 180252.3619072684 1484.045654296875
2.1222370610129313 179626.09701341938 1475.740234375
2.122251204156607 179538.56052121974 1487.97998046875
2.1222653455387235 179559.50481267652 1485.3702392578125
2.1222794851593525 179577.66185434852 1480.080810546875
2.1222936230185674 180441.37798399696 1479.511474609375
2.122307759116438 180809.11200101534 1492.8812255859375
2.122321893453035 181324.42020325264 1492.892333984375
2.122336026028427 180634.68577879423 1492.3770751953125
2.122350156842684 180911.44686957385 1489.7283935546875
2.122364285895872 180307.26496113423 1490.3095703125
2.122378413188059 180617.0658603693 1486.341796875
2.1223925387193114 180775.27153847239 1491.0831298828125
2.122406662489693 181665.49071782333 1491.8450927734375
2.122420784499271 182180.57639718897 1493.1793212890625
2.122434904748106 182469.07245704558 1492.3251953125
2.1224490232362627 183058.02811021084 1497.7913818359375
2.1224631399638034 184196.33435717953 1513.6278076171875
2.122477254930788 185472.43640045339 1525.9375
2.122491368137278 185940.69342439316 1527.6138916015625
2.1225054795833334 185344.48252222533 1517.527099609375
2.122519589269012 185222.95278072485 1502.0283203125
2.1225336971943722 185957.1779136064 1509.5648193359375
2.1225478033594714 187477.34807304753 1511.9686279296875
2.1225619077643656 188517.95218126365 1516.8829345703125
2.122576010409111 189086.6049181356 1514.75146484375
2.1225901112937624 189253.20589352062 1509.8055419921875
2.1226042104183724 188518.95047430214 1516.51708984375
2.122618307782996 187800.50506757182 1502.1541748046875
2.122632403387685 187225.00101277404 1505.705810546875
2.12264649723249 187112.65716258975 1505.6756591796875
2.1226605893174626 186457.02389869065 1511.8870849609375
2.122674679642653 185218.42095117675 1505.801513671875
2.1226887682081097 183934.7025170838 1495.797119140625
2.122702855013882 183026.75354557403 1491.544677734375
2.122716940060015 183277.80828119867 1494.9674072265625
2.122731023346558 183999.87952508297 1496.3173828125
2.1227451048735566 184247.76556055414 1498.3597412109375
2.122759184641053 183838.69035398497 1501.017822265625
2.1227732626490954 182707.69945519138 1498.84033203125
2.1227873388977248 182296.103491641 1492.1929931640625
2.122801413386984 181804.13703589287 1493.1632080078125
2.1228154861169166 181537.44944105917 1488.830322265625
2.122829557087561 181215.14007480175 1482.9710693359375
2.122843626298959 181368.75169131067 1491.105224609375
2.1228576937511505 181481.51657163232 1491.8140869140625
2.1228717594441724 181163.82078761846 1491.4012451171875
2.1228858233780636 180826.5442437546 1491.5272216796875
2.1228998855528607 181214.83034115672 1495.5069580078125
2.1229139459686004 181995.63877955888 1497.202880859375
2.1229280046253174 183122.21941320243 1499.589599609375
2.1229420615230463 183738.0538132391 1502.4822998046875
2.1229561166618214 184420.6624434181 1511.187744140625
2.1229701700416745 183681.30107367577 1514.486328125
2.1229842216626387 183570.3003225695 1490.21875
2.1229982715247457 183822.24715764046 1497.8634033203125
2.123012319628024 184762.08431352972 1517.3336181640625
2.1230263659725055 185400.74990397668 1516.518310546875
2.1230404105582177 185648.8585816864 1512.04052734375
2.123054453385189 186543.21380997266 1508.575927734375
2.123068494453447 187217.21398411176 1521.977294921875
2.123082533763018 187407.03881744633 1537.7962646484375
2.1230965713139263 186683.99128951557 1552.5244140625
2.123110607106199 186281.76028110093 1555.282958984375
2.1231246411398588 185830.56157766533 1551.30517578125
2.123138673414929 186152.2389393397 1535.891845703125
2.1231527039314315 185573.15851437414 1528.3546142578125
2.123166732689388 184793.1152775389 1518.3580322265625
2.123180759688821 183362.79100776662 1519.487060546875
2.1231947849297486 183375.74460827047 1562.3648681640625
2.1232088084121905 183656.181339601 1754.239013671875
2.1232228301361644 184078.12232533886 1990.778076171875
2.1232368501016885 183561.8415082641 2089.31494140625
2.12325086830878 183415.6486597471 2028.9676513671875
2.123264884757454 183148.82683165552 1814.2100830078125
2.123278899447725 183284.8049867577 1599.2440185546875
2.123292912379609 182919.03087687277 1528.5543212890625
2.1233069235531183 183772.7853235313 1507.412109375
2.1233209329682654 183715.7618969264 1517.8572998046875
2.123334940625063 183990.48220950586 1514.437255859375
2.123348946523522 184088.43845556263 1515.4488525390625
2.123362950663652 184888.54879554803 1519.6949462890625
2.1233769530454616 185096.0140967131 1517.322265625
2.1233909536689617 185131.0334730969 1514.1168212890625
2.1234049525341585 185331.94815055735 1521.3182373046875
2.12341894964106 185706.75448351767 1527.597412109375
2.123432944989671 185459.57343438547 1519.414306640625
2.1234469385799986 185733.5798544891 1522.080810546875
2.1234609304120453 186705.6093419384 1535.0162353515625
2.1234749204858168 188572.83287981935 1545.88916015625
2.1234889088013142 189544.90942683542 1564.7091064453125
2.1235028953585413 189866.86693698406 1559.50341796875
2.1235168801574984 189216.74677315514 1544.4105224609375
2.1235308631981873 189164.6234044182 1533.6585693359375
2.1235448444806058 188924.61162356244 1534.1162109375
2.1235588240047543 188055.21343828773 1530.2401123046875
2.1235728017706297 187547.78963680787 1520.9642333984375
2.12358677777823 187147.32902653993 1532.5582275390625
2.123600752027551 187696.41855518415 1532.35009765625
2.12361472451859 187474.00198496695 1529.2828369140625
2.12362869525134 187115.91053890914 1530.558837890625
2.123642664225795 186620.15547575348 1525.5205078125
2.1236566314419503 185355.05329183844 1528.318115234375
2.123670596899796 184746.9240797875 1509.73291015625
2.1236845605993255 183827.64716670616 1507.083984375
2.123698522540528 183768.69303958054 1510.5516357421875
2.123712482723394 184115.16125971248 1513.45166015625
2.123726441147913 184919.21585116847 1522.157470703125
2.1237403978140734 185940.6918205139 1521.385986328125
2.1237543527218614 185891.9513150168 1519.99951171875
2.1237683058712666 185124.6152967362 1509.6854248046875
2.1237822572622727 183740.721631279 1505.4979248046875
2.123796206894865 183150.86060214444 1513.59130859375
2.1238101547690276 183215.14356293052 1517.7900390625
2.123824100884745 183972.66631716973 1511.3800048828125
2.1238380452419996 183873.90349864567 1518.5439453125
2.1238519878407733 183862.600244454 1510.4635009765625
2.1238659286810453 183340.04699634644 1511.5528564453125
2.1238798677627986 184091.4798541763 1510.8682861328125
2.123893805086012 184453.02746767754 1515.0283203125
2.123907740650663 184508.05112262757 1518.23291015625
2.1239216744567297 183898.90777654687 1516.1728515625
2.1239356065041894 183094.71249101893 1518.6546630859375
2.1239495367930195 181929.6652861543 1513.806640625
2.1239634653231927 181523.6103616943 1504.410400390625
2.123977392094686 181643.89611268774 1512.15283203125
2.123991317107472 182233.06675874634 1514.3382568359375
2.1240052403615244 181692.48675723653 1520.6177978515625
2.1240191618568147 180936.71599442698 1519.3636474609375
