igrins/spectra/eg_uma_K_20190319.ecsv
# %ECSV 1.0
# ---
# datatype:
# - {name: WAVELENGTH, unit: um, datatype: float64}
# - {name: FLUX, datatype: float64}
# - {name: ERROR, datatype: float64}
# schema: astropy-2.0
WAVELENGTH FLUX ERROR
[from data line 21844]
2.2952119961181143 129602.16207128997 2154.716347671202
2.295229194754208 129787.72369151065 2150.1069729495466
2.295246392141227 131103.14832586618 2138.318263457476
2.29526358827726 130961.94522304565 2084.9140363753822
2.2952807831603965 130140.30828468234 1998.744448879622
2.2952979767887296 129458.97935921465 1944.5126952720107
2.2953151691603533 129236.33768449219 1941.444983155979
2.295332360273365 129587.54600065188 1929.0570319619462
2.2953495501258647 130014.31288807283 1931.434514559418
2.2953667387159533 130812.82724752346 1949.8401700225418
2.2953839260417332 132453.9831923554 1947.1434704191095
2.2954011121013123 133831.30741835412 1959.791102093433
2.2954182968927976 135170.20868795214 1935.8600961415966
2.295435480414299 136228.6947313368 1942.5755588228585
2.295452662663929 136102.42034182424 1946.818240669528
2.2954698436398027 134383.92035872873 1936.5969901003232
2.2954870233400375 132616.6402945018 1908.917821077571
2.2955042017627507 131326.3119150065 1933.9754749747792
2.2955213789060642 130386.09494528227 1970.62584822678
2.2955385547681026 128348.9372077676 2000.9313193057467
2.295555729346991 126614.12454120707 2116.5776597651097
2.2955729026408562 126338.7426070818 2287.790444416071
2.295590074647829 127036.03446019544 2509.911629119915
2.2956072453660425 129085.45203901104 2653.71793470002
2.2956244147936293 129875.70647415129 2560.3703739726034
2.2956415829287278 130592.87092456706 2389.878725204552
2.2956587497694763 132372.1206526623 2313.530837456147
2.295675915314015 134893.12759550742 2354.265284833942
2.295693079560489 138288.30625994946 2296.590439609651
2.295710242507042 139459.00371593423 2276.0311230363036
2.2957274041518225 140234.00166850825 2166.273842360953
2.2957445644929804 138954.38986577763 2068.8043582390114
2.295761723528669 138313.5667169687 2062.337252759565
2.29577888125704 137509.80313805788 2163.0131031181872
2.2957960376762507 139087.87431873483 2282.8728271266577
2.295813192784462 140935.7837090151 2444.380381156294
2.2958303465798324 141895.83621745714 2377.8903882817135
2.2958474990605255 142054.2563328492 2115.6760202563037
2.2958646502247073 139829.38061863265 nan
2.2958818000705445 nan nan
2.295898948596208 nan nan
2.295916095799869 125657.93951958702 nan
2.295933241679701 127477.75944713116 2666.8046875
2.2959503862338813 127604.04123472325 2699.363037109375
2.2959675294605884 128869.01638902625 2671.368408203125
2.2959846713580028 130090.78503817607 2674.47119140625
2.2960018119243064 130239.04525305625 2712.891357421875
2.2960189511576865 130013.67305023671 2697.03662109375
2.2960360890563294 130082.91459281744 2704.273193359375
2.2960532256184245 132902.52106210298 2808.0380859375
2.296070360842163 136932.9454130981 2886.51025390625
2.2960874947257417 140245.19145285976 2988.68115234375
2.296104627267352 142697.64182246957 3063.325927734375
2.2961217584651963 143930.08708567818 3071.12060546875
2.2961388883174734 144797.21403075915 3044.228515625
2.2961560168223873 144535.2470673839 2982.246826171875
2.296173143978142 144529.0920060986 2928.348876953125
2.296190269782944 141450.425149494 2956.45263671875
2.296207394235004 138042.09029464133 2968.1552734375
2.2962245173325337 134234.14368364302 2969.9892578125
2.2962416390737466 134006.9110040503 2980.207763671875
2.296258759456858 134512.81419821715 2958.333984375
2.2962758784800874 134323.09316208088 2872.990966796875
2.2962929961416543 132748.8005842835 2784.785400390625
2.296310112439781 131593.1593298487 2727.801513671875
2.296327227372693 130259.85820603222 2705.438720703125
2.2963443409386173 128941.41160555498 2645.9775390625
2.2963614531357828 127982.12824342278 2617.608642578125
2.2963785639624215 127504.6815909816 2597.11865234375
2.296395673416766 128044.4118353331 2589.4052734375
2.2964127814970543 127934.14221016073 2602.020751953125
2.2964298882015224 129126.51327063178 2526.57470703125
2.296446993528411 131517.68353332745 2541.765380859375
2.2964640974759623 134893.35459571224 2583.11669921875
2.296481200042422 137377.47805796226 2617.537353515625
2.296498301226036 138012.26205713226 2635.0302734375
2.296515401025054 139565.08702287555 2624.305908203125
2.296532499437727 142015.79882206448 2664.84033203125
2.2965495964623086 142982.65795234684 2675.6875
2.2965666920970547 143621.67398795232 2672.812255859375
2.2965837863402223 142985.23333207297 2732.324951171875
2.296600879190072 143241.77288154128 2737.30126953125
2.296617970644867 141934.94153165398 2754.456787109375
2.29663506070287 141041.31450686225 2719.974853515625
2.29665214936235 140745.99367076947 2720.6865234375
2.296669236621573 138305.79367464373 2712.511962890625
2.2966863224788128 135016.52971196987 2682.732177734375
2.2967034069323415 130697.46759149733 2696.316162109375
2.2967204899804345 129249.20783631434 2638.2197265625
2.2967375716213705 127566.22428043504 2670.729248046875
2.2967546518534276 127377.84162722627 2677.616455078125
2.29677173067489 127182.35287432052 2662.148193359375
2.29678880808404 128376.70505410641 2577.32568359375
2.296805884079166 129368.18289915373 2548.784423828125
2.2968229586585562 130845.21516719421 2532.95654296875
2.2968400318205004 130320.99061462219 2524.799560546875
2.2968571035632923 129674.88152011772 2528.69091796875
2.296874173885229 128665.8117888475 2539.059326171875
2.296891242784606 130125.26142513932 2557.275634765625
2.2969083102597248 132572.81222786932 2563.765380859375
2.2969253763088853 134515.14349442773 2617.502685546875
2.2969424409303927 137036.27450094125 2572.3779296875
2.2969595041225537 137724.0109500316 2564.552978515625
2.2969765658836767 138516.388029457 2558.1259765625
2.296993626212071 138929.52092961784 2539.878173828125
2.2970106851060526 141605.96493785013 2527.7041015625
2.2970277425639343 142963.9088433633 2529.328857421875
2.2970447985840345 143337.93999320545 2494.127197265625
2.2970618531646725 141560.3665055983 2503.883056640625
2.2970789063041694 140035.34200617962 2492.8232421875
2.297095958000851 139222.42924028853 2465.140380859375
2.297113008253042 137721.45149693792 2479.769775390625
2.2971300570590705 136639.2802325804 2467.42333984375
2.2971471044172693 134635.19207214023 2430.65771484375
2.2971641503259685 132763.55586114552 2432.43359375
2.297181194783505 131107.289291317 2407.246826171875
2.2971982377882156 129618.61311940226 2405.25341796875
2.29721527933844 128490.04445749748 2396.470947265625
2.2972323194325197 126373.50551852457 2343.5546875
2.2972493580687967 124301.44122309674 2330.110595703125
2.2972663952456194 123029.99614485205 2328.5498046875
2.2972834309613357 122874.33993300633 2335.947509765625
2.297300465214295 122037.04711213679 2317.373291015625
2.2973174980028515 121628.0591364521 2293.106201171875
2.297334529325358 122472.45691327172 2323.2431640625
2.2973515591801736 124152.15031625074 2346.84765625
2.297368587565657 126892.6588961785 2349.748291015625
2.2973856144801683 127485.59807118397 2387.40625
2.2974026399220726 129052.44661526856 2367.593994140625
2.2974196638897357 129093.25312879209 2411.601806640625
2.2974366863815257 130711.86239593828 2387.5078125
2.2974537073958126 131530.31575033587 2376.646484375
2.2974707269309684 133011.0088834426 2369.37060546875
2.297487744985369 133140.26458399286 2371.90625
2.29750476155739 134026.20766924735 2370.08984375
2.2975217766454112 134918.56880567403 2373.972412109375
2.297538790247814 135736.6434539068 2387.956298828125
2.297555802362982 134286.41351766916 2383.23388671875
2.2975728129893005 133075.99122279443 2362.3095703125
2.2975898221251576 132895.9250393777 2393.744140625
2.2976068297689434 133212.61465225098 2381.099853515625
2.2976238359190506 133076.89107844338 2356.71337890625
2.297640840573873 133042.08610978775 2384.490478515625
2.297657843731808 132838.31600573793 2377.151123046875
2.297674845391254 131680.32578967078 2343.443115234375
2.2976918455506135 129236.80432876058 2320.918212890625
2.2977088442082874 128563.16472050251 2294.566650390625
2.2977258413626833 127465.92858788936 2329.823974609375
2.297742837012208 126984.44326577682 2322.924560546875
2.2977598311552727 125987.35376922833 2312.479736328125
2.2977768237902874 126322.97705602818 2311.029296875
2.2977938149156683 126802.69754221317 2332.381103515625
2.2978108045298318 125523.96506343277 2317.55517578125
2.297827792631195 125651.55135330872 2263.454833984375
2.297844779218182 126605.90360704437 2275.427001953125
2.297861764289212 128804.54385972669 2293.39501953125
2.297878747842714 129926.08034440142 2268.436767578125
2.2978957298771143 131289.83065945987 2285.881103515625
2.2979127103908423 133492.19166911178 2320.4580078125
2.2979296893823293 134757.34534659638 2347.91552734375
2.2979466668500104 135661.70143968065 2349.338623046875
2.297963642792323 138148.51401319774 2387.3466796875
2.2979806172077053 140897.86686257154 2454.267333984375
2.297997590094596 144249.52265243392 2502.73779296875
2.2980145614514407 145910.2112138892 2577.1015625
2.298031531276683 148437.67340561384 2592.316162109375
2.2980484995687713 150032.88789305784 2579.40087890625
2.298065466326155 151293.330639347 2544.37060546875
2.298082431547286 150159.58662902017 2526.130859375
2.2980993952306186 149281.0896035413 2423.893798828125
2.2981163573746066 148559.83777107584 2412.031494140625
2.298133317977712 149138.4805994407 2414.6572265625
2.298150277038394 147977.57979607256 2401.613037109375
2.2981672345551147 146168.8085630507 2398.66455078125
2.298184190526341 144005.0376040002 2448.02392578125
2.2982011449505375 143466.49564381753 2442.25439453125
2.2982180978261764 143635.4932824561 2492.301025390625
2.298235049151728 142331.33718360442 2575.138916015625
2.2982519989256653 138909.2176303789 2653.014404296875
2.298268947146467 134476.7627376027 2681.746826171875
2.2982858938126087 133203.5157843884 2822.55615234375
2.2983028389225724 133233.5608728722 3023.9404296875
2.29831978247484 134179.96028238727 3031.43896484375
2.2983367244678967 133351.59894372887 2949.120849609375
2.2983536649002305 132583.2644440628 2785.587158203125
2.2983706037703295 130842.96014046445 2663.026123046875
2.298387541076685 128880.37788113406 2578.461181640625
2.2984044768177916 127708.12016788215 2507.63427734375
2.298421410992146 126875.21718051081 2487.278076171875
2.2984383435982445 127218.73860072055 2505.76220703125
2.298455274634588 129849.09553196399 2614.26708984375
2.2984722040996797 134759.436047138 2756.400390625
2.2984891319920235 140161.8115168162 2833.031982421875
2.2985060583101267 142596.34668564145 2783.163330078125
2.298522983052498 141697.03082341922 2700.845947265625
2.29853990621765 141736.5154920428 2627.31494140625
2.298556827804095 142495.98074845423 2649.56103515625
2.2985737478103494 145600.85669495584 2729.277099609375
2.2985906662349302 147547.6092318938 2736.261474609375
2.298607583076359 149805.12606245716 2655.29833984375
2.2986244983331585 150972.50696273881 2581.33984375
2.2986414120038505 152919.2451933336 2535.659912109375
2.2986583240869636 154891.35369254558 2512.9521484375
2.2986752345810273 154057.97710492692 2509.239013671875
2.298692143484572 152353.220432823 2470.100830078125
2.298709050796132 149961.75706575834 2464.71533203125
2.298725956514241 150155.60540239466 2437.337646484375
2.298742860637439 149380.33289966697 2450.712158203125
2.298759763164264 149105.29648922523 2462.717529296875
2.298776664093259 148116.30197263457 2468.94091796875
2.29879356342297 146260.48740277122 2459.411376953125
2.2988104611519407 143435.05657751777 2428.940673828125
2.2988273572787215 141127.67775441715 2406.850830078125
2.2988442518018637 140522.4541066069 2406.745849609375
2.2988611447199196 138866.32718871313 2438.390625
2.298878036031446 137533.13391451232 2474.5029296875
2.2988949257349995 133774.5955461199 2505.703125
2.2989118138291396 131974.3498324795 2505.58544921875
2.298928700312429 129998.65546528883 2544.987060546875
2.2989455851834317 131493.99337526938 2582.763427734375
2.2989624684407146 132891.55373744408 2580.7626953125
2.2989793500828455 133888.11613854376 2467.81494140625
2.2989962301083966 132773.81446024703 2335.945068359375
2.299013108515939 130093.97343783334 2229.217041015625
2.2990299853040495 127387.75359746232 2175.143798828125
2.299046860471304 126837.61213970633 2158.7705078125
2.2990637340162854 128054.3977378361 2166.515625
2.299080605937572 129951.38117592558 2164.1767578125
2.299097476233749 131285.4354469186 2154.822509765625
2.299114344903404 132749.123389045 2188.710205078125
2.299131211945124 135052.19730285954 2213.4140625
2.2991480773575006 138956.83649101597 2211.82568359375
2.2991649411391264 142863.06710565405 2254.419189453125
2.299181803288595 145589.19901898297 2278.728759765625
2.2991986638045065 146247.7165737104 2250.994140625
2.2992155226854587 147055.4637542864 2241.4296875
2.299232379930053 148689.70512052998 2267.220947265625
2.2992492355368945 149317.29180994473 2269.404541015625
2.299266089504588 148615.11577588174 2253.96435546875
2.2992829418317435 148297.38687325007 2249.55615234375
2.2992997925169694 148456.60521536262 2272.9404296875
2.29931664155888 148607.42938622145 2301.22509765625
2.2993334889560897 148826.503303702 2344.139404296875
2.2993503347072166 148715.45152902644 2464.24462890625
2.2993671788108787 147446.59403089993 2565.259765625
2.299384021265697 146173.37522076594 2671.163330078125
2.2994008620702977 147873.96831692802 2855.486328125
2.2994177012233052 152143.60049525122 3046.3056640625
2.2994345387233475 155255.53594076398 2995.57373046875
2.299451374569055 153756.5052827347 2704.21142578125
2.2994682087590603 150698.88785864515 2449.468017578125
2.2994850412919985 146739.0780341028 2327.005859375
2.299501872166507 142924.60022077122 2234.085205078125
2.2995187013812237 138673.8381424571 2178.4775390625
2.299535528934791 134978.43688264725 2144.2578125
2.299552354825852 132963.08792194753 2114.22705078125
2.2995691790530532 131608.23025382342 2106.592529296875
2.2995860016150416 129571.91837416393 2104.41943359375
2.2996028225104683 126877.507727255 2076.298095703125
2.2996196417379853 124538.92388842051 2056.630126953125
2.299636459296247 123638.32982209398 2055.90234375
2.29965327518391 124223.75088412412 2065.456298828125
2.299670089399634 124907.3448694096 2050.927978515625
2.2996869019420796 125291.73065042876 2053.8701171875
2.2997037128099107 125713.46800501204 2044.399658203125
2.299720522001793 126243.70364414217 2063.94287109375
2.299737329516394 127905.10472911544 2057.65673828125
2.299754135352384 128908.22933468939 2079.27294921875
2.2997709395084343 130059.8912643043 2098.587646484375
2.29978774198322 131432.35857976574 2099.572265625
2.2998045427754192 134669.98768866676 2171.820556640625
2.2998213418837086 138113.08506900538 2205.791748046875
2.299838139306769 141527.2069497229 2197.2919921875
2.2998549350432858 143391.74775935648 2183.029541015625
2.299871729091943 145742.0829989315 2155.4560546875
2.299888521451429 146212.38423072314 2149.013916015625
2.299905312120432 145988.49643595758 2161.898681640625
2.2999221010976467 145663.19061289704 2158.511474609375
2.299938888381766 146110.92479622812 2160.5673828125
2.2999556739714855 146873.546315855 2163.158203125
2.2999724578655054 146824.09878512268 2196.6611328125
2.2999892400625264 146861.917190434 2257.56103515625
2.3000060205612494 147171.53280280333 2316.875732421875
2.3000227993603835 147822.23910115103 2405.353515625
2.3000395764586323 149748.12734794035 2497.854248046875
2.300056351854709 152166.9619607372 2548.9072265625
2.3000731255473226 154109.61801270425 2560.83251953125
2.300089897535189 153903.9088932634 2446.469970703125
2.3001066678170234 151554.81586657593 2378.650390625
2.3001234363915453 147943.4977967493 2378.590087890625
2.300140203257476 145239.11026290787 2397.809814453125
2.300156968413537 144241.12524055786 2461.309814453125
2.3001737318584525 145156.8483657044 2527.688232421875
2.3001904935909523 146030.5997524711 2560.394287109375
2.3002072536097646 144784.44525974442 2492.48681640625
