igrins/spectra/eg_uma_H_20190319_smoothed.ecsv
# %ECSV 0.9
# ---
# datatype:
# - name: WAVELENGTH
#   unit: um
#   datatype: float64
# - name: FLUX
#   datatype: float64
# - name: ERROR
#   datatype: float64
# schema: astropy-2.0
WAVELENGTH FLUX ERROR
[from data line 29397]
1.7630740861293184 319369.90741670737 7566.325233080458
1.7630868947241594 350986.2874816419 5691.7519579144255
1.7630997016042922 362548.6400791283 4763.081938201034
1.7631125067701716 354195.63606846496 3646.1074419144074
1.7631253102222504 330446.55879489426 4827.077298624149
1.7631381119609844 312242.41691427166 3505.001853112254
1.763150911986828 301308.5583374596 3056.2156585512707
1.7631637103002376 297598.92558425857 2169.667897533637
1.7631765069016678 294709.5990822702 1631.638600641196
1.7631893017915765 292391.71731913975 1698.3676828133716
1.7632020949704197 289553.9101433642 1386.0195647255073
1.763214886438654 288777.3197887498 2283.235808846344
1.7632276761967383 289751.9114283095 2381.1774334298098
1.76324046424513 290031.2503504674 2196.277005168289
1.763253250584287 288395.7750281957 1467.6505391709557
1.7632660352146705 287497.8214807718 2267.9327037067214
1.7632788181367371 289850.1480287775 1734.985806823582
1.763291599350949 292925.5303058692 3032.6664128333205
1.7633043788577647 296231.4901308315 3033.635590044534
1.7633171566576458 299763.02635918173 3901.621334511643
1.7633299327510534 302552.659380932 3039.866169288608
1.7633427071384484 305619.0372734999 2505.921824618097
1.763355479820294 306963.0014932568 2065.1646969642716
1.7633682507970512 308330.36562467134 1966.5792905347134
1.7633810200691833 306863.55223184975 1874.6250890537551
1.7633937876371548 305276.7959420183 1737.3721975987405
1.7634065535014276 304773.0213606922 1191.4060371519115
1.7634193176624664 305619.3656459842 1058.387640183491
1.7634320801207366 307198.5019484903 1046.2897573157616
1.7634448408767025 307156.1360147358 2730.2764536730438
1.7634575999308293 307430.50121496676 2238.236197869728
1.7634703572835835 306336.08031323075 2608.25486081587
1.7634831129354311 306299.8811040396 755.0920670276354
1.763495866886839 307161.8234820552 969.3431034540735
1.7635086191382738 308649.8114950444 1014.9207760384675
1.7635213696902028 308142.86778669956 1019.0507702660564
1.7635341185430957 307399.5514960118 945.7769590582396
1.7635468656974203 306863.23477165255 525.580357804585
1.7635596111536445 308215.0072509829 1105.434215760387
1.7635723549122377 308188.3216806982 1147.2595783337956
1.7635850969736713 307973.252466836 2780.0510616420274
1.7635978373384134 308722.5214109127 4069.192849087892
1.763610576006936 309790.7263293467 5680.221891067586
1.7636233129797094 309366.28059433535 6434.177605251279
1.7636360482572053 308615.8690737118 7850.231397672323
1.7636487818398967 307744.82346460345 8770.650709579844
1.7636615137282534 308868.56766104413 10106.900855212878
1.7636742439227506 308614.1801383649 11657.558582868627
1.7636869724238606 309059.9557366213 11630.362400622875
1.7636996992320566 309500.57851652347 10941.218500266606
1.7637124243478137 310338.94325323374 11626.787574869737
1.7637251477716047 309055.7587839521 13862.6523115343
1.7637378695039065 309021.3037590979 17266.36675818753
1.7637505895451933 312954.1142328796 17040.87197787492
1.7637633078959407 317154.4915260282 20193.027430778136
1.7637760245566259 320808.55646255496 20642.130204672234
1.7637887395277247 321072.84773541964 23452.308339263567
1.7638014528097143 322386.094016046 21841.815324011
1.7638141644030727 324026.01042339357 22646.989773327135
1.763826874308277 326623.3836987192 23420.13821387486
1.7638395825258064 331415.3782426825 25560.224020657297
1.7638522890561392 332909.9548058056 27916.648998041775
1.763864993899755 334011.2854536845 28533.152902307185
1.7638776970571335 334291.4204835538 29778.54018821682
1.763890398528754 337040.44429208344 28496.235487338243
1.7639030983150976 339644.51833171817 29998.836332579816
1.7639157964166459 339545.90009479504 32503.221029370245
1.7639284928338788 339208.7303930433 36102.66276502312
1.76394118756728 337628.83461448085 38545.5487260452
1.7639538806173298 336768.18528776395 37684.169223404075
1.763966571984512 336892.15869056276 36108.11473206426
1.76397926166931 335761.4757039417 36473.2028078156
1.7639919496722063 336315.61310948845 38387.73057400806
1.7640046359936856 337034.30189043365 40889.50526909486
1.7640173206342322 339654.7743324713 40175.00450187517
1.7640300035943306 339397.27882890194 39148.318562110406
1.7640426848744672 337468.0074769671 37776.66408097681
1.7640553644751258 336178.5621450989 36305.024783499175
1.7640680423967947 336115.86796431924 33838.80735635632
1.764080718639959 337445.66878861404 33046.03208895556
1.7640933932051057 337938.36537181446 32949.44167062175
1.7641060660927232 337248.3245449861 34999.101432174524
1.7641187373032976 335135.5342898691 34348.14808060963
1.7641314068373197 333770.1822120665 32010.494546454658
1.7641440746952761 333245.046091427 28473.69811667396
1.7641567408776573 333503.8637308475 27409.54513064521
1.7641694053849521 332786.19115736237 28232.557812816274
1.7641820682176503 331391.0130933571 28990.920381962816
1.7641947293762434 328364.2550904139 30361.445016221554
1.764207388861221 325795.46350199834 29115.14255921459
1.764220046673076 326513.2883187076 27426.044133944066
1.7642327028122984 327537.4711290847 25126.829053609865
1.7642453572793813 328459.8477929336 24862.72945019458
1.7642580100748184 325936.49172696745 24037.454300791367
1.7642706611991 322500.15967327316 22386.169965064033
1.7642833106527218 319103.0574235808 20605.933591961402
1.7642959584361768 315800.18444094853 21619.866534335975
1.7643086045499594 315389.61957317474 21954.132337797902
1.7643212489945652 315075.97414573474 25009.77224090012
1.764333891770488 317023.71941758937 24000.864717018503
1.7643465328782244 317305.50481339725 23604.894278782747
1.7643591723182703 318478.3448832593 21197.5165337234
1.7643718100911219 319302.3878072107 18266.484704751205
1.764384446197276 318287.5209315336 15854.08478999195
1.7643970806372302 315741.22485913394 14369.389012807162
1.7644097134114827 314665.1714233071 15387.395754423065
1.7644223445205316 314126.341153079 16097.466989448618
1.7644349739648746 313272.2360750025 15376.353017466965
1.7644476017450121 307284.35535446537 14608.964812334174
1.764460227861442 304047.73313929513 13794.788509761649
1.7644728523146658 301592.35822897835 12122.105263147972
1.764485475105183 304888.8880941169 10844.420671205873
1.7644980962334955 304643.32765148615 8915.121878191916
1.7645107157001028 305712.28362351557 6719.652160591011
1.764523333505508 303017.3783617442 6156.143012494753
1.7645359496502122 301776.3556971224 4199.522686515342
1.7645485641347187 299749.5540748215 4347.8574701798325
1.7645611769595302 298673.49480796885 1974.0781579606496
1.764573788125149 nan nan
1.7645863976320812 283485.86015190836 4207.87744140625
1.764599005480829 286052.609572336 4219.2998046875
1.7646116116718986 283415.8857166257 4186.41552734375
1.7646242162057937 281016.3615179553 4161.251953125
1.7646368190830208 277134.48780044564 4127.88037109375
1.7646494203040854 276542.37886600866 4119.20166015625
1.764662019869494 276149.65586314007 4105.752522786458
1.764674617779754 278674.18317057716 4093.8344726562495
1.7646872140353722 278410.6757484728 4087.045247395833
1.764699808636856 277234.1292675895 4073.072591145833
1.764712401584714 273414.93790277804 4056.595296223958
1.7647249928794548 272347.6012667121 4064.371663411458
1.764737582521587 272067.94273741066 4062.09765625
1.76475017051162 271267.757716228 4051.540690104166
1.7647627568500643 271707.18209637044 4029.579833984375
1.7647753415374299 273752.6053686779 4020.332845052083
1.7647879245742266 276161.71010922507 4010.1903483072915
1.764800505960967 277626.9605336643 4013.5437011718745
1.7648130856981619 277045.95823127154 4021.756917317708
1.7648256637863233 277474.8335174396 4042.611572265625
1.7648382402259644 276725.58854880824 4038.525797526041
1.7648508150175966 276291.50695878954 4025.652913411458
1.7648633881617353 277012.66584517853 4024.967529296875
1.7648759596588917 277417.5480960128 4039.0511881510415
1.7648885295095822 279036.4809944947 4077.9064127604165
1.7649010977143198 279282.53218365484 4175.089762369791
1.7649136642736207 282124.0035354303 4348.143229166666
1.7649262291879997 283857.7866932468 4550.369954427083
1.7649387924579727 285106.2348144794 4674.916178385416
1.764951354084057 283118.16026212566 4684.650553385416
1.7649639140667681 283652.3096170791 4670.32177734375
1.7649764724066235 284226.40618413105 4655.96875
1.7649890291041415 287743.10474433075 4681.718587239583
1.7650015841598392 291402.8244044625 4705.220703125
1.7650141375742352 293006.7228233256 4734.42138671875
1.7650266893478495 294049.1532004968 4734.1630859375
1.7650392394812007 295803.5695802757 4665.5185546875
1.7650517879748078 297100.18532130466 4523.102864583333
1.765064334829192 298550.42602174834 4339.964680989583
1.7650768800448737 295662.7928871151 4183.363037109375
1.7650894236223742 295341.35617672774 4102.806559244791
1.7651019655622149 293961.0368169027 4075.251790364583
1.7651145058649178 293369.0402441709 4053.911783854166
1.7651270445310046 293300.01712760085 4055.490885416666
1.7651395815609987 295912.85564193607 4079.1752115885415
1.765152116955424 297771.6762676592 4119.177734375
1.7651646507148024 298050.8764964506 4118.227620442708
1.7651771828396592 295664.8412669973 4107.657633463541
1.765189713330519 295687.0477294506 4118.769124348958
1.7652022421879061 296391.3951784677 4151.9404296875
1.7652147694123461 297812.31192368874 4172.203125
1.7652272950043655 297572.8304640366 4186.801106770833
1.7652398189644893 297329.91661345994 4244.956705729166
1.7652523412932457 297799.44305649726 4482.843098958333
1.7652648619911606 301958.2316223916 5197.557942708333
1.765277381058762 303773.1597083821 6340.497395833333
1.7652898984965772 311918.6658762231 7772.479817708333
1.7653024143051361 315543.9049130707 8965.344075520832
1.765314928484966 323425.32713870576 9677.443033854166
1.7653274410365973 321794.8624353643 9775.351236979166
1.7653399519605593 317866.6672612374 9287.1748046875
1.7653524612573814 314420.7468505448 8310.17431640625
1.7653649689275952 313637.2101185706 7013.643880208333
1.7653774749717315 314425.7003576377 5726.516764322916
1.765389979390321 312003.0260887921 4833.69580078125
1.7654024821838963 308444.0253190203 4401.542154947916
1.7654149833529893 306467.23740812344 4308.68115234375
1.7654274828981331 305897.0018652545 4337.673502604166
1.7654399808198606 306397.2705418778 4386.8154296875
1.7654524771187057 308140.4443504872 4406.467936197916
1.7654649717952018 308835.27086157905 4385.576985677083
1.7654774648498837 309559.4134700143 4346.753092447916
1.765489956283286 308985.75277036225 4291.75341796875
1.7655024460959445 308711.92274313746 4260.620768229166
1.7655149342883947 308924.1794039889 4239.945475260416
1.7655274208611724 308321.87433005194 4249.084635416666
1.7655399058148147 304750.7394822321 4243.082356770833
1.765552389149859 304625.1106483722 4309.417643229166
1.7655648708668417 305897.1306362151 4389.92431640625
1.7655773509663013 308084.91318321007 4504.79931640625
1.7655898294487757 304154.9289777983 4611.645345052083
1.7656023063148043 296545.9916004592 4767.91845703125
1.7656147815649261 287854.9136765209 5034.993815104166
1.765627255199681 281248.18976817373 5509.063639322916
1.765639727219608 277788.7851083914 6404.765462239582
1.7656521976252486 271835.2578473104 8009.667480468749
1.7656646664171436 267573.54048933455 10604.908203125
1.765677133595833 294286.55333419965 13255.237630208332
1.765689599161861 337065.3592250082 14322.923177083332
1.7657020631157676 373664.2710704415 13083.037109375
1.7657145254580968 371971.30603945063 10600.554850260416
1.765726986189391 351610.16626325017 8425.096028645832
1.7657394453101938 328155.9185834427 7072.48583984375
1.7657519028210493 312389.59831826336 6342.656249999999
1.7657643587225018 302861.45264929713 5953.166666666666
1.765776813015096 297736.4952929604 5798.637044270833
1.7657892656993779 292566.48076530726 5790.928548177083
1.765801716775892 286863.7213438634 6011.962565104166
1.7658141662451845 284951.6928703836 6471.414713541666
1.7658266141078027 283166.4937717571 7209.9091796875
1.7658390603642924 276861.2427383462 8452.419270833332
1.7658515050152028 271151.05586762214 10768.669108072916
1.7658639480610798 269414.95239781594 15450.763997395832
1.7658763895024727 279632.3761943871 25107.5048828125
1.7658888293399297 257913.98695917783 48031.684244791664
1.7659012675740002 279761.3990404636 90106.9453125
1.7659137042052349 259113.26799938455 137217.95572916666
1.765926139234181 323117.25209205993 166319.546875
1.7659385726613912 325919.0250339501 157451.4348958333
1.765951004487416 325416.07675201097 132131.9973958333
1.765963434712805 316255.95055956644 105292.84895833331
1.7659758633381124 309511.8300342293 85780.67708333333
1.7659882903638882 368564.685915238 64236.182291666664
1.766000715790686 391327.81716675195 42218.744140625
1.7660131396190593 424803.95485210884 26413.363606770832
1.7660255618495595 418271.0995665781 16936.714192708332
1.7660379824827437 396907.1215050282 11990.882486979164
1.7660504015191627 370731.0265931061 9106.736002604166
1.7660628189593734 355718.8151922397 7462.789550781249
1.7660752348039301 340659.71967722196 6473.057291666666
1.7660876490533886 329117.7091889577 5825.91162109375
1.7661000617083054 320221.99230707163 5336.862141927083
1.7661124727692366 317328.6416763612 5009.129557291666
1.7661248822367377 315953.6953951312 4787.701171875
1.7661372901113686 313503.59335529036 4622.62744140625
1.7661496963936847 309258.1890832626 4487.50341796875
1.7661621010842459 304426.7967404022 4376.95703125
1.7661745041836092 302401.78170104267 4295.06982421875
1.7661869056923352 301554.9345692385 4200.379069010416
1.7661993056109826 302185.0631609418 4119.344645182291
1.766211703940111 300438.49185373273 4028.833333333333
1.766224100680281 299272.67119035986 3975.9326171874995
1.7662364958320538 297951.12177956046 3936.60205078125
1.7662488893959898 296936.37579662027 3910.630452473958
1.7662612813726513 297699.41894003167 3895.4326171875
1.7662736717625995 297707.212036315 3875.643391927083
1.7662860605663981 298491.1639972415 3872.890218098958
1.7662984477846086 298145.39137870545 3855.4052734375
1.7663108334177955 298547.30793062417 3837.1156412760415
1.7663232174665224 297217.33706132526 3794.672119140625
1.7663355999313526 293180.51628869784 3747.9066569010415
1.7663479808128522 290537.12424256187 3719.3710123697915
1.7663603601115845 289039.38496583735 3709.5685221354165
1.7663727378281164 289484.6049081604 3740.21484375
1.7663851139630138 289534.4733012917 3802.3277994791665
1.7663974885168419 291137.32387468434 3885.8028971354165
1.7664098614901687 294212.1910021129 3951.133382161458
1.7664222328835608 295827.4712040791 3936.388671875
1.7664346026975855 296622.49841111794 3882.27783203125
1.7664469709328119 295631.05876181705 3773.963297526041
1.766459337589808 297039.04494844144 3693.026692708333
1.766471702669143 300504.72675752104 3628.926432291666
1.7664840661713859 304083.20288936346 3607.8486328124995
1.7664964280971058 305884.81706972775 3608.142171223958
1.766508788446875 306513.56065748644 3633.287841796875
1.7665211472212623 307467.5439274208 3696.616780598958
1.7665335044208397 310404.5230541797 3761.6837565104165
1.7665458600461785 312137.82977553987 3795.119954427083
1.76655821409785 314390.5130916795 3791.4519042968745
1.7665705665764282 315022.00679255277 3771.7878417968745
1.7665829174824843 315766.0059602936 3715.817789713541
1.7665952668165927 315754.96588240855 3639.364095052083
1.7666076145793261 315070.14712302404 3574.5338541666665
1.7666199607712596 315604.01362298446 3549.6271972656245
1.7666323053929676 315531.2151275416 3550.7099609375
1.7666446484450247 314375.8659900401 3553.552571614583
1.7666569899280062 314733.4735038857 3576.541259765625
1.7666693298424878 315021.9945070804 3585.6576334635415
1.7666816681890467 316047.70453592914 3579.9743652343745
1.7666940049682593 315004.5863972214 3548.942952473958
1.7667063401807017 313762.4730941891 3518.505533854166
