igrins/spectra/eg_uma_K_20190319.ecsv
# %ECSV 0.9
# ---
# datatype:
# - {name: WAVELENGTH, unit: um, datatype: float64}
# - {name: FLUX, datatype: float64}
# - {name: ERROR, datatype: float64}
# schema: astropy-2.0
WAVELENGTH FLUX ERROR
[from data line 16220]
2.090797957613356 186338.45349666887 2072.213134765625
2.090812796343592 189388.09519808184 2337.748779296875
2.090827633188038 189099.03035979543 2518.50634765625
2.0908424681473594 191366.79655221393 2601.39208984375
2.090857301222222 190267.46060654864 2534.693359375
2.090872132413288 190069.99537648438 2313.441162109375
2.090886961721217 191397.033417759 2053.745849609375
2.0909017891466704 193346.75810880604 1932.625732421875
2.090916614690307 195034.15671441922 1907.9228515625
2.0909314383527837 194685.82583152474 1874.7869873046875
2.090946260134758 193854.79892103147 1833.275390625
2.0909610800368816 195008.34452936632 1814.3939208984375
2.0909758980598103 196591.21888138854 1803.704833984375
2.0909907142041955 194302.4172081371 1784.5318603515625
2.091005528470688 195219.63386694586 1789.125244140625
2.091020340859936 199695.42023127974 1891.3507080078125
2.0910351513725893 200430.5843731076 2122.55126953125
2.0910499600092938 196777.91121211066 2325.110595703125
2.0910647667706947 196756.6344235627 2468.662109375
2.0910795716574353 196045.04932775078 2454.14208984375
2.0910943746701594 198249.71093488229 2268.598388671875
2.091109175809508 198966.38598341367 2002.445068359375
2.091123975076121 195334.0236250325 1835.180908203125
2.0911387724706354 196942.27929663865 1818.06103515625
2.091153567993691 196857.39849616736 1799.1192626953125
2.091168361645923 195653.15496597212 1773.900390625
2.091183153427965 192908.26422103008 1752.728515625
2.0911979433404513 190698.39464988658 1747.1630859375
2.0912127313840134 193973.01955216727 1747.4501953125
2.091227517559283 194398.58325559672 1733.252197265625
2.091242301866887 192941.2027698648 1726.561767578125
2.091257084307455 189948.68326155833 1711.846435546875
2.091271864881613 190401.47268075682 1713.0101318359375
2.0912866435899864 193876.81745092926 1728.0174560546875
2.091301420433199 192885.06106520092 1722.6051025390625
2.0913161954118733 192581.8418264296 1726.473388671875
2.0913309685266315 192621.9974539097 1722.7806396484375
2.091345739778092 192730.18681825147 1720.8182373046875
2.091360509166874 194391.26330051353 1727.2967529296875
2.091375276693595 194469.7268755756 1735.40185546875
2.09139004235887 192548.83651978738 1733.9105224609375
2.091404806163314 193804.04666590862 1731.0382080078125
2.09141956810754 194864.46375177323 1725.0224609375
2.09143432819216 194244.09655378966 1722.3826904296875
2.0914490864177853 195312.69500528977 1745.0113525390625
2.091463842785023 195046.63228295546 1767.4117431640625
2.0914785972944827 195203.27744957252 1775.138427734375
2.0914933499467714 195096.9688242642 1773.7203369140625
2.0915081007424914 195220.1487623417 1757.4715576171875
2.091522849682249 195011.7583347225 1745.4825439453125
2.0915375967666456 195010.91618610686 1752.3538818359375
2.091552341996283 196069.02321811958 1761.3262939453125
2.0915670853717607 194350.93463031203 1758.798583984375
2.0915818268936763 193226.76470927344 1768.381591796875
2.091596566562629 194634.14192852346 1805.10791015625
2.091611304379211 195750.1730402897 1831.4871826171875
2.0916260403440208 197237.66015076241 1847.840087890625
2.0916407744576495 197196.8914955551 1817.4188232421875
2.0916555067206883 194279.3791003808 1793.3294677734375
2.091670237133728 194477.27392238175 1800.841796875
2.0916849656973575 197678.96093346705 1827.4892578125
2.091699692412166 197609.8356820307 1825.778564453125
2.0917144172787387 196128.82898414112 1806.707275390625
2.09172914029766 193507.43572896637 1780.7518310546875
2.0917438614695154 194399.57963267728 1782.0010986328125
2.0917585807948846 195695.44435028563 1767.9420166015625
2.091773298274351 195104.23306380748 1750.5035400390625
2.0917880139084946 194295.68794299822 1735.062255859375
2.0918027276978917 194237.3335246166 1741.4915771484375
2.09181743964312 194682.74528243876 1760.95556640625
2.0918321497447554 194619.85492278208 1764.6278076171875
2.091846858003373 195041.91737799512 1763.5699462890625
2.0918615644195446 194337.79402004153 1748.400146484375
2.0918762689938424 196127.16445265373 1743.5142822265625
2.0918909717268366 196735.0104281378 1750.025390625
2.091905672619096 195843.20738904626 1749.9508056640625
2.091920371671189 195294.89777553815 1742.717041015625
2.091935068883681 194729.61780204502 1731.726318359375
2.091949764257137 194748.91356538262 1710.252197265625
2.0919644577921215 193385.04554091764 1704.06396484375
2.091979149489195 193919.5932402816 1704.28369140625
2.09199383934892 194139.50767401466 1706.0223388671875
2.0920085273718563 193759.70133250204 1702.0938720703125
2.0920232135585617 193851.77202291577 1699.308837890625
2.0920378979095924 194099.58724168086 1698.141845703125
2.092052580425504 194614.93705935273 1693.2373046875
2.092067261106852 194690.09671563364 1700.5819091796875
2.092081939954188 195236.4202409646 1701.5772705078125
2.0920966169680653 194778.99272960992 1698.3258056640625
2.092111292149032 192689.55481772346 1693.2457275390625
2.0921259654976385 192963.45155997924 1695.72412109375
2.0921406370144315 195429.27278632743 1710.178466796875
2.0921553066999574 195843.8996612 1725.3529052734375
2.0921699745547606 192957.41873853072 1720.280517578125
2.092184640579386 192291.29469104693 1717.73193359375
2.092199304774375 191463.90699963167 1705.90283203125
2.092213967140268 191817.90456126284 1695.330322265625
2.092228627677604 191962.51094317297 1678.9127197265625
2.092243286386924 189904.25530415907 1670.0283203125
2.0922579432687614 188279.0804600565 1662.4560546875
2.092272598323654 187450.81581842824 1655.8704833984375
2.092287251552135 189024.13661278557 1662.5081787109375
2.0923019029547367 185307.31531116916 1657.132568359375
2.092316552531991 184487.18102665042 1655.3778076171875
2.092331200284429 186405.99085612295 1666.9459228515625
2.092345846212579 185388.38709257366 1666.2457275390625
2.092360490316968 184444.8615520203 1658.80126953125
2.0923751325981215 183955.534367327 1654.0958251953125
2.0923897730565657 181617.3690589629 1650.9014892578125
2.0924044116928235 182015.66822067165 1672.2061767578125
2.0924190485074163 183494.25363065544 1707.2589111328125
2.0924336835008654 183038.31390358304 1734.430908203125
2.0924483166736905 183942.0486494229 1755.3541259765625
2.09246294802641 186791.096006626 1769.7208251953125
2.09247757755954 187132.03002310457 1768.4140625
2.092492205273595 187960.25049398356 1756.2708740234375
2.0925068311690906 188367.2187280658 1740.9080810546875
2.092521455246539 187744.5136778693 1717.0567626953125
2.092536077506451 186124.21855505198 1706.8226318359375
2.0925506979493376 185713.91438728466 1708.8270263671875
2.0925653165757065 187062.0219453406 1705.704833984375
2.0925799333860664 187491.29584818185 1710.931396484375
2.0925945483809225 187499.99177479075 1708.7947998046875
2.0926091615607794 187341.3706266685 1691.8775634765625
2.09262377292614 188745.81656240902 1674.7479248046875
2.092638382477507 188917.5748190702 1664.8350830078125
2.0926529902153814 187151.53998430734 1651.609130859375
2.092667596140261 185500.35294722088 1641.670654296875
2.092682200252646 185475.86121632103 1630.753173828125
2.0926968025530317 187667.20489720834 1638.4404296875
2.0927114030419136 188365.20856921253 1643.84912109375
2.092726001719785 188097.06424827853 1642.256103515625
2.0927405985871395 188986.0815154148 1643.9327392578125
2.0927551936444684 190089.8393919562 1651.9312744140625
2.092769786892261 187743.33754285547 1642.4271240234375
2.0927843783310065 188785.3824728129 1642.1102294921875
2.0927989679611905 189388.78782713818 1646.983154296875
2.092813555783302 189752.37169201818 1638.806884765625
2.092828141797823 188324.3037082859 1633.86376953125
2.0928427260052382 189113.68714689405 1648.9937744140625
2.0928573084060287 188452.40273170726 1649.5955810546875
2.092871889000676 189673.33108626987 1660.6099853515625
2.0928864677896577 191676.1480037949 1671.885009765625
2.0929010447734533 193068.97881286606 1679.66162109375
2.0929156199525383 195300.30985713948 1678.6912841796875
2.0929301933273883 193728.7964355437 1657.5413818359375
2.0929447648984776 192583.13059704364 1643.6868896484375
2.092959334666278 193423.97651873584 1649.9158935546875
2.092973902631262 195277.887176278 1660.4659423828125
2.092988468793897 196571.17971310666 1664.0247802734375
2.093003033154654 195404.14795626648 1658.8050537109375
2.093017595713999 193507.1563024175 1645.699951171875
2.093032156472398 195556.74841781426 1655.6400146484375
2.0930467154303156 197224.44688737055 1666.4635009765625
2.0930612725882147 199125.46735015349 1670.5455322265625
2.0930758279465573 199993.49996389926 1671.181884765625
2.0930903815058044 199436.56328053254 1670.0291748046875
2.0931049332664147 199468.03549219746 1674.7867431640625
2.093119483228846 199162.2973948915 1671.15478515625
2.0931340313935536 196147.11862064915 1653.87939453125
2.093148577760995 195917.7318580318 1660.9034423828125
2.0931631223316223 197470.4009220702 1662.3643798828125
2.0931776651058884 197770.71629067586 1663.25927734375
2.0931922060842445 197299.2740695809 1658.595703125
2.09320674526714 195825.8990625766 1659.7489013671875
2.093221282655023 197702.89354762583 1684.17431640625
2.0932358182483424 199445.47957444045 1720.8961181640625
2.0932503520475416 198534.69695547826 1758.580078125
2.0932648840530668 200578.91254985792 1791.904296875
2.09327941426536 200546.6503765172 1790.1614990234375
2.093293942684864 199674.70053416656 1750.0198974609375
2.093308469312018 197447.34620224868 1699.9227294921875
2.093322994147262 196406.17196936093 1672.9122314453125
2.093337517191033 195917.33618190937 1655.723876953125
2.0933520384437676 197197.3933527469 1648.1463623046875
2.0933665579059006 199368.61831351114 1645.8955078125
2.093381075577867 196208.2310720001 1634.508544921875
2.093395591460097 195118.97704083592 1637.438720703125
2.0934101055530236 196373.38768965003 1648.6781005859375
2.093424617857075 194559.2084307157 1636.5263671875
2.093439128372681 194614.81606531818 1635.939453125
2.0934536371002666 195837.15474231224 1637.68896484375
2.09346814404026 195063.0024608825 1637.2918701171875
2.0934826491930827 194588.32345422218 1630.36767578125
2.09349715255916 195492.65873870807 1641.5509033203125
2.093511654138913 195135.12614949714 1644.9493408203125
2.0935261539327614 194856.84279605222 1649.4957275390625
2.093540651941124 193857.95603938494 1653.7508544921875
2.0935551481644192 193746.59167915248 1650.7667236328125
2.0935696426030628 193135.28671323162 1646.3682861328125
2.0935841352574704 192314.8447773355 1640.6495361328125
2.093598626128054 192526.7743439255 1654.9300537109375
2.093613115215228 192232.68810057594 1659.5751953125
2.0936276025194016 192096.9955846316 1650.7235107421875
2.0936420880409856 190714.62551539193 1625.403076171875
2.0936565717803877 187785.72703350705 1604.8048095703125
2.093671053738014 187514.85964975329 1594.2947998046875
2.0936855339142717 189656.37925312054 1608.5191650390625
2.0937000123095637 191183.12320049855 1619.5106201171875
2.093714488924294 191635.57132756582 1629.1292724609375
2.0937289637588634 189642.35461914705 1628.501220703125
2.0937434368136727 188091.82407689583 1623.8101806640625
2.093757908089119 188605.81548514968 1634.014892578125
2.0937723775856023 190452.66641989903 1650.5733642578125
2.0937868453035176 192054.93686310292 1666.93310546875
2.093801311243259 192371.50079839287 1680.8431396484375
2.0938157754052216 192367.1288139693 1689.692626953125
2.0938302377897964 192322.74591953505 1732.90966796875
2.0938446983973753 192455.11997310445 1802.6785888671875
2.093859157228347 194095.89120168338 1912.46728515625
2.093873614283099 198511.7433219188 2046.2711181640625
2.09388806956202 198076.6384941627 2094.450927734375
2.0939025230654935 198799.24045225504 2045.618408203125
2.093916974793905 198900.29339890808 1940.4293212890625
2.0939314247476366 195759.71621358895 1828.90234375
2.09394587292707 193860.85796949227 1750.317138671875
2.0939603193325853 192374.3012130791 1717.8466796875
2.0939747639645616 191982.32151188285 1712.2572021484375
2.0939892068233754 192911.21136680062 1696.5208740234375
2.0940036479094037 191404.27181254656 1666.497314453125
2.0940180872230214 191053.1914770863 1647.02978515625
2.0940325247646014 189304.97848627466 1626.2208251953125
2.0940469605345156 188204.92587329674 1619.998779296875
2.094061394533135 189266.66416384868 1634.2373046875
2.0940758267608293 190406.33186688597 1655.633544921875
2.094090257217966 190786.3947212825 1672.8096923828125
2.094104685904913 191558.96998773553 1674.32275390625
2.0941191128220336 191470.07933688027 1660.657470703125
2.094133537969694 190643.1065811255 1643.6907958984375
2.094147961348256 190750.25158989674 1617.7747802734375
2.09416238295808 190934.40423960457 1604.2001953125
2.094176802799528 190954.37327474612 1598.42822265625
2.094191220872957 190787.01635897995 1595.264892578125
2.094205637178726 189064.87648686304 1590.676025390625
2.0942200517171887 189665.34522509784 1596.95458984375
2.0942344644887023 187406.48952280145 1590.94873046875
2.094248875493618 185576.55513768696 1582.486328125
2.094263284732289 182994.61066675678 1571.663818359375
2.0942776922050657 183433.97278478567 1580.201904296875
2.094292097912298 183033.16585379577 1589.7509765625
2.0943065018543328 179222.99647034588 1583.763671875
2.0943209040315174 179353.52939664753 1584.564208984375
2.094335304444197 178949.386112342 1581.4306640625
2.0943497030927154 179499.10071010987 1584.04931640625
2.094364099977415 178949.69308032098 1575.1795654296875
2.094378495098637 176622.52882347704 1542.5665283203125
2.0943928884567224 178297.69284578713 1546.0133056640625
2.094407280052009 179076.9872486859 1546.63818359375
2.0944216698848344 179737.03499567442 1552.1002197265625
2.094436057955534 179394.73994329086 1544.6510009765625
2.0944504442644423 181844.04637097893 1549.184326171875
2.094464828811893 184473.03331006377 1560.10693359375
2.0944792115982187 184676.7401158157 1560.8841552734375
2.0944935926237482 184824.52103409913 1571.966796875
2.0945079718888127 185518.90105431984 1562.5906982421875
2.0945223493937384 187563.21724067174 1567.38427734375
2.0945367251388527 187292.57018241868 1544.1522216796875
2.094551099124481 188756.61928615594 1570.9599609375
2.094565471350946 189995.4572510422 1581.8079833984375
2.0945798418185717 190681.75556912302 1583.6031494140625
2.0945942105276782 189684.5554316914 1584.2537841796875
2.0946085774785854 189868.06092664512 1587.3126220703125
2.0946229426716134 188779.47183327904 1576.4293212890625
2.0946373061070775 187377.70621468744 1562.930419921875
2.0946516677852944 187854.81177684185 1560.432373046875
2.0946660277065776 186778.79510756905 1571.943359375
2.094680385871242 184823.833375183 1579.815185546875
2.0946947422795983 183676.62339037782 1580.665771484375
2.0947090969319566 185409.22280360945 1588.5919189453125
2.0947234498286265 186301.95678761823 1589.1917724609375
2.094737800969916 186103.6646493967 1576.1910400390625
2.0947521503561313 184216.64966145047 1561.96240234375
2.094766497987578 184815.46040261156 1557.320556640625
2.0947808438645588 183374.10317879848 1545.3338623046875
2.094795187987378 182766.8390318713 1544.103759765625
2.0948095303563345 185206.17346386498 1560.1793212890625
2.0948238709717297 185146.29188183692 1560.2642822265625
2.094838209833861 184081.7311796838 1558.5555419921875
2.0948525469430255 185087.10852584033 1569.7171630859375
2.0948668822995202 187627.67206727303 1586.350341796875
2.094881215903638 186012.14178162641 1597.5594482421875
2.0948955477556725 186278.20662309614 1602.3829345703125
2.0949098778559163 187291.43208599667 1600.9945068359375
2.0949242062046576 187854.90056639854 1597.79443359375
2.0949385328021877 187657.6239673303 1586.8822021484375
2.094952857648794 188143.1375208412 1588.880615234375
2.0949671807447614 187422.50808353873 1592.8170166015625
2.094981502090377 187665.03025502767 1598.8956298828125
2.094995821685921 187328.9295844267 1590.0567626953125
