igrins/spectra/eg_uma_K_20190319.ecsv
# %ECSV 1.0
# ---
# datatype:
# - {name: WAVELENGTH, unit: um, datatype: float64}
# - {name: FLUX, datatype: float64}
# - {name: ERROR, datatype: float64}
# schema: astropy-2.0
WAVELENGTH FLUX ERROR
[from data line 11085]
2.132184521524426 180453.40296591393 1714.7182868262175
2.1322007263933416 180483.84904761115 1716.5068155141962
2.132216929206742 181245.29570736867 1714.121535593968
2.1322331299650044 181010.18909097233 1709.7150289788458
2.132249328668508 180530.6995548054 1708.2010846714509
2.132265525317632 180328.88408654026 1704.77695455612
2.1322817199127537 179995.30468110507 1702.96683520027
2.132297912454252 179616.44029002753 1706.5744616043264
2.132314102942504 179940.21804120974 1693.1613641695544
2.1323302913778868 179339.04317855285 1700.2138781754188
2.1323464777607786 179596.47141453135 1687.9377870593264
2.1323626620915563 179137.24551594257 1686.9998415132682
2.132378844370596 179449.47040556194 1683.8222234408784
2.132395024598273 179197.89034699745 1692.7425874839826
2.1324112027749655 180018.8832683807 1693.9649068894832
2.132427378901048 180603.62261087183 1705.9635155187702
2.132443552976897 182647.27305026227 1694.76364508969
2.1324597250028865 183411.49706376507 1714.7744085499282
2.1324758949793936 183645.45863275946 1716.8768804451074
2.132492062906792 183707.36512152298 1692.6870402943878
2.132508228785456 183565.66988076194 1710.1385064596438
2.1325243926157604 184320.81764282938 1717.983185191939
2.132540554398079 183571.48611849075 1742.585156018422
2.1325567141327864 184296.32325471443 1860.1594223799984
2.132572871820256 183828.59605800817 2075.3576932598667
2.132589027460859 184293.16370674534 2168.0002898137827
2.132605181054972 184739.3997628914 2106.6716077821297
2.132621332602966 185640.59465562578 1920.4861813813002
2.132637482105213 185652.96610922244 1750.1500225335644
2.1326536295620855 183921.25191010322 1708.1565355371874
2.1326697749739574 182884.83340812818 1676.2938725599072
2.1326859183411973 181535.53538246223 1667.9872071494638
2.132702059664179 181077.9095835049 1661.7836230705761
2.1327181989432726 180617.74079631062 1657.9101121528536
2.132734336178851 180442.5592433469 1657.1818390311244
2.132750471371282 179165.20219599403 1649.685040914545
2.1327666045209384 178306.25091819486 1641.0747724908285
2.1327827356281897 177959.57136050682 1645.3727355666215
2.1327988646934055 177409.91967120787 1650.370726604905
2.1328149917169568 176602.96430492395 1648.1213650162126
2.1328311166992115 174934.61767662078 1646.9541671587142
2.1328472396405393 173919.16014855757 1642.179696784589
2.13286336054131 173600.50638067414 1625.4015947551861
2.132879479401891 173984.72242810926 1632.7291058030844
2.132895596222651 174631.0529227852 1630.6262178776428
2.132911711003959 175000.49086342147 1619.2649582388428
2.1329278237461815 175316.10625267978 1636.1608493679216
2.1329439344496874 176155.6526158568 1624.1116619805157
2.132960043114844 176851.83352521693 1633.851642158514
2.132976149742018 177754.75629833818 1639.292846582229
2.132992254331577 179009.01489896496 1634.6283614172048
2.133008356883887 180346.45981862518 1633.120687241806
2.1330244573993142 181232.03207853978 1640.5517536083992
2.133040555878225 181310.77220062513 1630.568766840761
2.1330566523209846 181328.90506100561 1637.0168179632224
2.13307274672796 181527.29583609567 1642.9167576965485
2.1330888390995155 181473.08784540644 1645.6666375944737
2.133104929436016 181216.6283184818 1637.4452629491957
2.133121017737828 180802.20494340398 1645.5115913741358
2.1331371040053138 180581.63442801347 1633.5923021108006
2.1331531882388384 179701.79579408732 1635.199661808122
2.1331692704387675 179367.12351172618 1632.1816139282428
2.133185350605463 180053.48469663132 1639.2752449417173
2.133201428739289 180357.57827138086 1648.3708648336694
2.133217504840609 179769.69724148538 1638.0230762274252
2.1332335789097856 178283.28871285613 1621.6532762968075
2.133249650947182 177460.36025624842 1620.889809183994
2.133265720953161 178120.90115113417 1627.2007346821933
2.133281788928084 178112.73982632495 1630.4401154911036
2.1332978548723127 178723.3739466421 1624.8788148421472
2.1333139187862105 179843.6354643251 1626.9864113072615
2.1333299806701373 181194.55275782786 1646.3312679353035
2.1333460405244558 182419.54484052607 1640.1153187235382
2.133362098349526 182375.11916017954 1647.3822211853196
2.1333781541457073 182261.87977968078 1648.6094715595943
2.1333942079133625 181530.4639222947 1643.5267469918892
2.1334102596528512 181075.26818411006 1636.9338723119326
2.133426309364533 181114.7178083324 1657.1738072628948
2.133442357048768 182249.95691403863 1665.225071830489
2.133458402705914 184041.06731698173 1677.0749730349921
2.133474446336332 184600.2156146963 1682.7075292990726
2.13349048794038 184681.57221022417 1676.474006509449
2.1335065275184184 184759.29907070968 1688.7620567361369
2.1335225650708023 185862.98214614665 1704.2224398639364
2.133538600597894 186141.3428996874 1719.7302829142977
2.133554634100047 185610.9349607222 1724.182163377697
2.133570665577621 186228.24803278715 1730.2742460371014
2.1335866950309748 187224.7849402565 1750.0048043485897
2.133602722460463 187891.52889620193 1756.923194308037
2.133618747866444 187410.44418639468 1762.5444540498486
2.1336347712492745 187528.66484618973 1777.643005313698
2.1336507926093087 187723.26634865627 1792.483988157346
2.133666811946906 188537.4779920017 1816.7170110050502
2.1336828292624195 189223.75081828656 1820.8238821889322
2.1336988445562057 190184.25446620147 1839.3851348323676
2.1337148578286205 190674.1787229373 1860.1965533341752
2.133730869080018 190982.34653634194 1873.9701343511213
2.1337468783107543 190655.21069163713 1903.2721079362645
2.133762885521182 191392.79330121737 1906.878197689261
2.1337788907116573 191614.7415227338 1930.2717545125965
2.133794893882533 192410.42137507262 1941.1241276584853
2.1338108950341628 193646.35995224793 1938.5754201836307
2.1338268941669014 194776.41398592078 1984.1151410623406
2.1338428912811005 195574.43968761677 2006.009997820092
2.1338588863771144 195358.80342003645 2001.3923807341057
2.1338748794552957 196186.25096997348 2027.5185342671211
2.133890870515996 196947.5177549834 2042.9209740488723
2.133906859559568 196559.9990931087 2050.1506397585295
2.1339228465863638 196471.44731395954 2082.720079933388
2.1339388315967356 195536.7868524486 2088.841013668347
2.1339548145910334 197167.41679695423 2089.8614623811804
2.1339707955696094 197354.0929911653 2113.568278524232
2.133986774532815 198539.40068447468 2124.0598467942273
2.134002751481 196671.19924790604 2134.536741894487
2.134018726414515 195700.84817005874 2126.4084786758795
2.13403469933371 195136.9606900026 2118.5474271340286
2.134050670238936 195083.54345026257 2128.9861468235877
2.134066639130541 194789.8632182763 2126.0098746806557
2.134082606008876 193516.74845360417 2131.2683545002246
2.134098570874289 193394.11641083192 2140.0119406098515
2.13411453372713 193283.21172467488 2143.3542441206687
2.1341304945677453 193833.78774469392 2155.1817352318
2.134146453396486 193477.6516179421 2163.385569642932
2.134162410213699 192787.97238690476 2155.3605700975845
2.134178365019732 193318.96542077424 2188.9912051189235
2.134194317814933 193746.59378992673 2173.973357426253
2.134210268599649 193649.2025216413 2179.8625003345405
2.134226217374227 192562.6880105166 2173.368956891529
2.1342421641390152 191836.254328052 2180.1735730902406
2.134258108894358 191942.9492137744 2180.1342683533744
2.134274051640602 191085.93585662235 2183.7476035364143
2.134289992378095 190585.0883934853 2176.9081388318104
2.134305931107182 190313.36192054948 2190.244848994964
2.134321867828208 190178.79196283867 2199.4793403393487
2.134337802541518 190461.90829958965 2201.3798583281077
2.134353735247458 189609.12579757228 2203.490310028139
2.1343696659463727 189177.35713916688 2193.181359785646
2.1343855946386063 188555.93250691472 2212.5068423586486
2.1344015213245027 188779.63616501098 2219.678119349032
2.134417446004406 188535.03479945057 2207.3164142723267
2.134433368678661 187302.75322480197 2199.2864495456024
2.13444928934761 186114.56699230493 2202.977758372257
2.1344652080115964 185631.0255642152 2186.8041623884023
2.1344811246709634 186016.03589194614 2199.6865983258244
2.134497039326053 184994.30827253909 2192.9677877772747
2.1345129519772095 184536.40860720124 2170.143399411633
2.1345288626247734 183489.68284246203 2174.6223934117406
2.134544771269087 184333.07197352347 nan
2.134560677910492 nan nan
2.1345765825493297 177155.33982206273 nan
2.1345924851859426 177671.0997956529 2355.904052734375
2.1346083858206697 177283.9540707625 2341.552001953125
2.134624284453853 176526.11653304263 2332.96044921875
2.1346401810858313 174193.76098611936 2319.50927734375
2.134656075716946 173413.25149985976 2286.885498046875
2.1346719683475377 172328.8686832485 2298.6201171875
2.1346878589779443 172491.98029347172 2285.163330078125
2.134703747608506 172598.10378491975 2293.183349609375
2.1347196342395627 174017.0052838929 2308.04443359375
2.134735518871451 174790.86322261888 2294.253662109375
2.134751401504512 175243.17283813853 2266.88720703125
2.1347672821390824 174787.96673668028 2278.26123046875
2.134783160775501 174797.89474991531 2281.593505859375
2.134799037414105 174997.79817198508 2275.64111328125
2.134814912055233 174935.13040147483 2282.8466796875
2.1348307846992216 176602.64601006248 2288.059814453125
2.1348466553464074 177311.8937825943 2276.310302734375
2.1348625239971293 177942.37520932034 2270.162841796875
2.134878390651721 178049.98159045394 2259.70166015625
2.13489425531052 178815.11061718652 2284.97509765625
2.1349101179738628 179829.5242147619 2304.215576171875
2.1349259786420847 179974.29801880696 2298.738037109375
2.134941837315521 179804.87526482326 2271.0556640625
2.134957693994507 180620.5159557651 2295.210693359375
2.134973548679379 180804.42373176717 2300.66015625
2.1349894013704693 179673.25252756244 2282.077392578125
2.135005252068114 178408.4185783775 2258.46142578125
2.135021100772647 177373.9613636993 2262.911865234375
2.135036947484403 178247.4984995457 2277.391845703125
2.135052792203715 178463.0355937737 2265.90380859375
2.1350686349309163 179096.1337593831 2266.434814453125
2.1350844756663387 180496.15071055453 2251.373046875
2.135100314410319 181230.84606087685 2268.48876953125
2.135116151163186 182145.64181212356 2274.323486328125
2.1351319859252746 180220.8537234966 2262.59423828125
2.135147818696915 179790.7616538667 2237.11181640625
2.135163649478441 178926.34034763192 2243.1982421875
2.1351794782701834 179463.84381764274 2229.89990234375
2.135195305072473 179574.67864850606 2230.04931640625
2.1352111298856418 179436.4113785174 2239.9150390625
2.1352269527100205 178550.27500203485 2249.185791015625
2.1352427735459396 177627.7347096127 2226.49755859375
2.1352585923937295 177726.6114744437 2205.45361328125
2.1352744092537197 178536.08993886155 2216.544677734375
2.135290224126242 178745.31804641685 2223.34912109375
2.1353060370116235 177293.13210733567 2202.8203125
2.1353218479101943 176096.92334893584 2182.503662109375
2.135337656822285 176616.5307366423 2194.136962890625
2.135353463748222 178229.9794515989 2201.041259765625
2.1353692686883363 179572.48386772786 2201.344970703125
2.135385071642954 179399.39057042135 2194.862060546875
2.1354008726124047 179637.5974688871 2189.023193359375
2.1354166715970155 180014.85728217138 2209.402099609375
2.1354324685971147 180678.95155994873 2231.55810546875
2.135448263613028 181720.8764199824 2255.62646484375
2.135464056645084 183085.93313122675 2284.056884765625
2.135479847693609 184489.09506168394 2299.144287109375
2.135495636758929 184754.6761727483 2292.964599609375
2.13551142384137 184934.42141577136 2261.960693359375
2.1355272089412596 185246.18592543676 2244.85498046875
2.1355429920589217 185085.99879569776 2217.262939453125
2.135558773194684 183558.96694666307 2204.260986328125
2.1355745523488685 181323.25278329017 2188.50146484375
2.1355903295218033 181101.1067119842 2178.09765625
2.1356061047138115 181355.9286707463 2187.237060546875
2.135621877925217 181937.4858217307 2177.525390625
2.1356376491563456 180845.23724056315 2179.26904296875
2.1356534184075198 180811.92411338355 2159.449462890625
2.1356691856790646 180165.01920536155 2180.5927734375
2.1356849509713025 181433.07063089218 2155.947265625
2.1357007142845568 182406.8693393534 2166.917236328125
2.135716475619151 183795.3520615284 2194.187255859375
2.1357322349754067 183994.51667367443 2177.908203125
2.1357479923536475 182497.4382417415 2180.146484375
2.135763747754194 182717.84707442817 2162.193115234375
2.135779501177369 182605.1027486011 2186.016845703125
2.135795252623495 183557.5700301414 2208.358154296875
2.135811002092892 182836.32533018902 2233.53076171875
2.1358267495858807 181803.45203194706 2229.865966796875
2.1358424951027835 182558.4800922326 2257.140869140625
2.1358582386439204 183427.23423258404 2315.18505859375
2.1358739802096114 185019.14951408806 2323.173828125
2.1358897198001765 185380.16984122398 2307.95556640625
2.135905457415936 185043.72929863984 2284.697021484375
2.1359211930572095 183935.4621009313 2235.687744140625
2.1359369267243156 183094.3996527361 2218.304931640625
2.1359526584175743 182224.34591444646 2218.36865234375
2.1359683881373033 181841.44678202562 2208.18701171875
2.135984115883822 181251.3280670167 2201.21875
2.135999841657449 180759.60006126485 2185.837158203125
2.136015565458501 180444.85433802853 2155.871337890625
2.136031287287296 179985.48069214058 2125.072265625
2.1360470071441533 180997.9050154511 2117.816650390625
2.136062725029388 180818.04731385145 2130.292236328125
2.1360784409433187 180725.51618106427 2110.630615234375
2.13609415488626 180593.87362909538 2101.2109375
2.1361098668585305 180999.20476512663 2110.656005859375
2.1361255768604455 181073.23997208805 2106.72705078125
2.1361412848923207 181181.87450453534 2087.721923828125
2.1361569909544733 181683.26095145216 2093.329833984375
2.136172695047217 183262.19180813883 2093.67041015625
2.1361883971708666 183744.32325215687 2110.88720703125
2.1362040973257392 183425.2588006822 2068.79931640625
2.1362197955121482 182213.61826242256 2055.94580078125
2.136235491730408 182138.26179800395 2076.698486328125
2.1362511859808326 182685.1987596018 2094.003662109375
2.136266878263737 183027.84618808082 2089.641357421875
2.1362825685794338 183266.31993603363 2069.462158203125
2.136298256928236 183666.24707962672 2076.84375
2.136313943310458 183947.0840027547 2074.075927734375
2.136329627726412 184118.53090352693 2075.39208984375
2.13634531017641 183949.24660613027 2079.0107421875
2.1363609906607657 183825.19812332914 2061.002197265625
2.1363766691797905 183986.35478559535 2049.94580078125
2.136392345733796 184263.97420992758 2065.738037109375
2.136408020323094 183988.56381173036 2058.6728515625
2.1364236929479956 182017.01645494087 2080.409423828125
2.1364393636088126 181807.65192660646 2043.22509765625
2.136455032305855 181826.38499144954 2046.2515869140625
2.1364706990394344 183734.39532995003 2020.863037109375
2.1364863638098606 184418.12007563806 2034.208251953125
2.136502026617442 185029.5306726304 2048.891845703125
2.136517687462491 184767.7069229597 2032.8785400390625
2.1365333463453156 183497.53548010293 2029.5970458984375
2.136549003266226 183649.00179498488 2016.8355712890625
2.1365646582255295 183832.67613312387 2027.330078125
2.1365803112235375 183241.3983952002 2026.268798828125
2.136595962260556 183197.82079162743 2007.8492431640625
2.1366116113368943 183432.3470579703 2030.1641845703125
2.1366272584528607 185096.73884556378 2028.6192626953125
2.1366429036087626 185041.85055419413 2031.4525146484375
2.1366585468049073 184158.88142341547 2038.568359375
2.1366741880416025 182447.77970294235 2010.4393310546875
2.1366898273191537 180792.99939179712 1995.2777099609375
2.1367054646378705 180090.62771077556 1988.9317626953125
2.1367210999980566 178907.90509937017 1997.1192626953125
2.136736733400018 177994.57040238514 1994.43994140625
2.1367523648440634 177337.04549295388 1983.025390625
2.1367679943304965 177313.10094327846 1983.451904296875
2.1367836218596232 176575.87503368303 1966.40087890625
