igrins/spectra/eg_uma_K_20190319.ecsv
# %ECSV 1.0
# ---
# datatype:
# - {name: WAVELENGTH, unit: um, datatype: float64}
# - {name: FLUX, datatype: float64}
# - {name: ERROR, datatype: float64}
# schema: astropy-2.0
WAVELENGTH FLUX ERROR
[from data line 18054]
2.2365676172550963 165017.37241977587 2407.4394295610396
2.2365845673162927 164998.53252650608 2426.684514997795
2.2366015161166466 166411.92107439978 2426.7265457925605
2.2366184636545556 166544.47253714083 2357.685095179224
2.2366354099284185 166093.72614992285 2262.8435980046165
2.236652354936636 165734.77675669442 2235.493902285096
2.2366692986776107 166203.8929928547 2231.840200192977
2.236686241149745 166280.8695727633 2214.758816425223
2.236703182351446 166362.67292983708 2211.5880910134083
2.236720122281121 166010.03348702803 2222.959259634761
2.2367370609371786 165720.12827909342 2215.582087572172
2.236753998318029 163909.51281964913 2205.5333382379126
2.236770934422087 163839.08171780803 2201.0886882104983
2.2367878692477654 163320.12612034465 2205.4718876124643
2.2368048027934804 163936.320019964 2205.7417512954266
2.2368217350576485 164462.80902651532 2232.6945348569043
2.236838666038691 165617.64256903436 2262.301681059106
2.236855595735028 166397.56769609707 2250.0761898692635
2.2368725241450838 165969.80458865425 2234.110169896747
2.2368894512672806 165578.48891009612 2199.4922479185984
2.2369063771000466 164717.24291635797 2191.367488616387
2.23692330164181 163790.14457856538 2197.1579957107833
2.2369402248909993 162554.9791325123 2201.2417836084765
2.2369571468460463 162057.98571995215 2177.5371019165386
2.2369740675053857 161950.4467223792 2184.7239751493235
2.23699098686745 162142.67243926617 2189.4156486655975
2.2370079049306772 162594.59304840563 2198.2522853809205
2.237024821693506 163279.7296060273 2190.8802538094938
2.2370417371543763 163095.32650449025 2190.081107805863
2.237058651311729 162598.07038556162 2149.973817766373
2.2370755641640083 162950.25658860788 2145.5433468374085
2.2370924757096597 163466.25218832103 2145.4194512556496
2.2371093859471305 164163.026179363 2137.346775523238
2.237126294874868 162810.36856313364 2135.116415339245
2.237143202491324 162556.31210485514 2115.7832629932323
2.2371601087949498 162443.5944838919 2118.5822719368257
2.2371770137841995 163502.29138948605 2124.6930289442134
2.237193917457529 163747.44925441587 2138.2057570580855
2.2372108198133946 163760.22014454124 2128.209445061465
2.237227720850256 163300.0305247411 2118.224235183622
2.237244620566575 162978.44007192974 2094.131113083659
2.2372615189608127 162925.37811121612 2098.7695933215064
2.2372784160314336 162559.24349710695 2093.118274222563
2.237295311776903 162794.94378384098 2078.924273586892
2.2373122061956896 162944.40921435712 2095.166996584923
2.2373290992862622 163853.2196965376 2094.771074770132
2.2373459910470923 164740.97200204173 2098.8800199219813
2.2373628814766513 164272.1002623617 2108.0341811941753
2.237379770573416 163933.97375311604 2084.0156932354507
2.23739665833586 164348.53747680184 2074.4059365243356
2.2374135447624632 166189.4449384501 2096.12001884465
2.237430429851706 167353.1285818624 2125.018382388392
2.2374473136020665 167654.55409835913 2168.8908805200267
2.2374641960120307 167639.98498553963 2225.2073480596914
2.237481077080082 167621.3239101402 2280.385466923827
2.2374979568047073 167042.19041122493 2247.0507322892627
2.2375148351843954 165709.31015768013 2160.19304526554
2.2375317122176357 165851.2814147832 2120.6504742368697
2.2375485879029204 166262.09043006753 2147.9705383310857
2.237565462238742 166520.12225326968 2151.710860130029
2.2375823352235966 166197.5880848536 2099.845385069859
2.2375992068559816 165517.43469877032 2083.2910713433716
2.237616077134393 164759.6809774923 2084.7044365149773
2.2376329460573343 163582.0455109715 2058.0906611375754
2.237649813623306 163227.5823024756 2091.170309156135
2.237666679830811 163075.42607005616 2100.270898439142
2.2376835446783554 161886.55341117055 2064.8422179133977
2.237700408164448 161792.18627318493 2031.337640698261
2.2377172702875963 162527.2335455069 2031.0494873255816
2.2377341310463104 163454.75043103535 2019.7857969815147
2.2377509904391033 162907.89415312567 1994.7376645708125
2.2377678484644887 163212.9046657625 1988.8685860393446
2.237784705120984 163457.2763281109 1987.2171114989003
2.237801560407104 163221.5996163894 1987.6624260636472
2.2378184143213704 162747.27004222095 1968.7777317704201
2.237835266862303 163136.39115478168 1993.5342829652072
2.237852118028424 163567.6329100725 1980.462633588455
2.2378689678182595 163553.49381157386 1993.800821799829
2.2378858162303343 163271.12353703892 2050.382143630984
2.237902663263176 163558.9609057216 2105.1717484535866
2.237919508915315 163258.9266390242 2148.268029839358
2.2379363531852823 163255.72385321904 2121.215912555677
2.2379531960716106 162571.06206682572 2069.286816284766
2.2379700375728353 162226.57392395727 2031.397473997608
2.2379868776874923 162125.57776105966 2035.9850676902788
2.2380037164141195 163170.61619765195 2014.1057047438335
2.238020553751258 164518.76029246507 2018.2673103300478
2.2380373896974475 165041.64004741257 1997.0726033210854
2.2380542242512327 164925.9148336224 1976.2341400149478
2.238071057411158 164584.88653026495 1968.7683756557037
2.238087889175771 164622.6934960917 1963.997427348095
2.2381047195436197 164990.79978570977 1979.5572933483134
2.2381215485132553 165354.02477753966 1994.8352094265085
2.2381383760832265 166701.88668907527 1990.0645938390708
2.2381552022520905 166805.08865314577 1985.883878662864
2.2381720270184013 166430.32393850575 1958.8402839019363
2.238188850380716 165496.9104494786 1926.6248667353896
2.2382056723375934 164624.14351059427 1912.8346641190524
2.238222492887594 164294.50214329164 1923.2926910117724
2.2382393120292803 164276.19428345124 1906.5578417314223
2.2382561297612162 165564.0348632455 1905.4096774999882
2.2382729460819664 166555.22098185803 1907.4121949533085
2.2382897609901007 166035.63397906517 1919.3509689064258
2.2383065744841852 164633.54842129833 1917.8656103482413
2.2383233865627927 164573.21548399382 1925.8433411521576
2.238340197224496 165176.37816786597 1946.6546830793209
2.2383570064678686 165749.9013258987 1918.5949816190462
2.238373814291487 165334.47040053562 1889.033993150772
2.2383906206939272 164842.7183025426 1875.6678207095745
2.238407425673771 164743.8938652203 1864.4425097649664
2.238424229229598 164024.30943906674 1853.614170440672
2.2384410313599923 164710.7384636079 1845.6419676209052
2.238457832063538 165451.98069688457 1833.18768278715
2.2384746313388204 165769.69013613916 1837.3868613823586
2.2384914291844296 165054.76563496684 1831.0014087621266
2.238508225598955 164722.47636185942 1836.6586091172337
2.2385250205809872 165274.2669498872 1837.2505992169151
2.238541814129118 165201.93916518078 1832.458415890407
2.238558606241945 163732.45290008464 1830.4367544303611
2.238575396918064 163352.30359259906 1819.746171979336
2.238592186156073 163192.80428527313 1822.0149598976575
2.2386089739545723 164011.62435055312 1819.8066254670528
2.2386257603121633 164619.2397174695 1812.1769387929567
2.238642545227451 164872.5598645994 1815.8879639829477
2.238659328699039 165170.11952071232 1820.287762359661
2.2386761107255353 163994.0536306242 1835.5828945557703
2.238692891305548 164277.56166464614 1820.4521585608823
2.2387096704376876 163163.1915729497 1813.655420269937
2.2387264481205666 163223.6387577044 1807.5899194209094
2.2387432243527985 163503.98902536728 1811.8803484915027
2.238759999132999 164345.00039613646 1842.1259373684336
2.2387767724597865 164705.15748412735 1847.0801814500555
2.2387935443317777 163205.55258004114 1838.4971408607562
2.2388103147475955 162678.1727140842 1817.4563080573541
2.238827083705861 161765.79330917823 1813.8182924252199
2.238843851205199 162879.90732887664 1812.5327072243697
2.2388606172442356 163278.09766983398 1832.635319419467
2.238877381821598 163903.3774699766 1820.9849222421171
2.2388941449359163 163219.71709646872 1824.5513295582632
2.2389109065858204 163620.10363224585 1844.6065192322674
2.238927666769943 163757.60485589306 1846.6769902994015
2.23894442548692 164226.72041334846 1850.6225671080183
2.238961182735387 164776.00412670316 1848.6379262094551
2.238977938513982 164791.11602900818 1887.9477230783832
2.2389946928213442 164794.99644257035 1877.6345582790213
2.2390114456561157 164080.94877739987 1890.8813387358566
2.239028197016939 165272.96880869212 1892.3869950330582
2.2390449469024594 166032.4690352903 1910.9430443157537
2.2390616953113223 166133.4286526953 1928.2235569491543
2.2390784422421777 166103.96159319926 1934.4046455143682
2.2390951876936747 166904.05971361202 1973.6348938082072
2.2391119316644654 166889.39625894144 2006.9682234552465
2.2391286741532026 166693.06229829506 2013.0057842773483
2.2391454151585424 165904.43041222202 2051.40521659917
2.239162154679141 167013.21889150824 2058.508822152923
2.2391788927136567 167090.7461135847 2068.9141031518266
2.23919562926075 168482.82928922877 2076.4744890864677
2.2392123643190844 169555.90363151394 2107.9950024297887
2.239229097887321 169966.27244720137 2140.3663308519426
2.239245829964128 169491.09149410023 2137.7832145978564
2.23926256054817 169490.53728637673 2151.755018906095
2.2392792896381186 171514.6738089542 2175.7413288790744
2.2392960172326424 172773.74242305668 2213.314211450433
2.2393127433304145 173692.7413530707 2224.912528135035
2.239329467930109 172647.53123486158 2212.171618027959
2.2393461910304016 172223.94351045068 2203.965468570281
2.2393629126299697 172321.30612254096 2189.138542821197
2.2393796327274935 172895.6342107517 2176.778174941388
2.2393963513216524 173998.64662018238 nan
2.2394130684111304 nan nan
2.2394297839946113 159119.54051743468 nan
2.2394464980707816 160154.2115867377 2612.858154296875
2.2394632106383283 160275.37182643934 2609.8251953125
2.2394799216959407 161297.27617591582 2633.2236328125
2.2394966312423126 161557.54551379516 2648.891845703125
2.2395133392761344 163062.30634503596 2626.011474609375
2.2395300457961023 162296.99092585343 2647.4970703125
2.239546750800912 162016.08839947288 2583.574951171875
2.2395634542892617 160407.5331272903 2566.1044921875
2.239580156259851 160172.93140048318 2580.662353515625
2.239596856711383 160298.2988972314 2583.104736328125
2.23961355564256 161076.85854424964 2605.50244140625
2.239630253052087 160021.90888051764 2607.483154296875
2.2396469489386703 159392.79104531847 2595.00341796875
2.2396636433010193 158187.9104737484 2600.44775390625
2.239680336137844 159563.6383237817 2642.23828125
2.2396970274478565 159262.81373965734 2655.74365234375
2.2397137172297694 158745.67040252988 2647.0859375
2.2397304054823 158498.59248379673 2678.857666015625
2.239747092204163 159943.20658323102 2695.293701171875
2.2397637773940793 163003.6861357068 2701.966796875
2.239780461050768 164176.3974679638 2680.315185546875
2.239797143172952 164092.38954941154 2619.82177734375
2.239813823759356 162615.65520134353 2572.171875
2.2398305028087044 160868.61288055353 2528.50341796875
2.2398471803197246 159517.13232182246 2521.08984375
2.239863856291148 159250.09806709184 2521.035400390625
2.2398805307217025 161674.66954037943 2520.761962890625
2.239897203610122 162618.75792787992 2538.79248046875
2.2399138749551413 162748.72617022504 2513.358154296875
2.2399305447554956 160807.12954892433 2518.97265625
2.239947213009923 161280.63875267628 2496.6943359375
2.239963879717162 162032.84487266256 2515.35009765625
2.2399805448759564 163170.42229294896 2522.565185546875
2.2399972084850464 163196.6890212825 2508.56494140625
2.2400138705431774 161760.05912587626 2527.634033203125
2.2400305310490967 161968.47361207206 2502.27294921875
2.240047190001551 162601.72182093118 2500.21484375
2.240063847399291 162695.60659769038 2491.582275390625
2.240080503241068 163089.0919855252 2499.1220703125
2.240097157525635 164013.0433645437 2514.365234375
2.240113810251747 165757.21832586997 2539.0087890625
2.240130461418161 165530.57394796098 2536.975830078125
2.2401471110236355 164999.59781062312 2492.95263671875
2.24016375906693 164955.96691648866 2514.805419921875
2.240180405546807 165573.2204347512 2520.671875
2.2401970504620285 162374.79277107655 2549.418701171875
2.240213693811363 159995.04902262107 2557.36279296875
2.2402303355935733 159262.9901300234 2550.36083984375
2.2402469758074313 161604.35738772465 2575.472412109375
2.2402636144517065 162917.819299519 2628.0390625
2.2402802515251707 161747.7488205698 2687.060546875
2.2402968870265974 159465.03277056006 2725.532958984375
2.240313520954764 159099.5962238653 2715.2724609375
2.2403301533084456 160522.3025224227 2751.58984375
2.2403467840864226 162359.53291969068 2751.557373046875
2.2403634132874757 163167.64243861864 2616.9970703125
2.240380040910387 161173.55390093732 2539.74658203125
2.2403966669539415 160436.2696438096 2453.82275390625
2.2404132914169232 159404.2811532694 2463.58203125
2.240429914298122 159031.35417567595 2465.6162109375
2.2404465355963255 158374.25418451912 2446.65771484375
2.2404631553103265 157501.09371047642 2418.5048828125
2.2404797734389157 157978.06834078464 2448.224365234375
2.2404963899808887 157809.30969502666 2452.024658203125
2.2405130049350426 158090.70081846713 2451.463623046875
2.240529618300174 158399.16480104288 2466.759521484375
2.240546230075084 158967.58717788736 2478.189697265625
2.2405628402585718 159212.04402676225 2494.292236328125
2.2405794488494424 159192.46232353273 2502.080810546875
2.2405960558465012 157288.55061101896 2476.658203125
2.2406126612485524 156490.159558048 2435.1748046875
2.2406292650544057 156721.5199543447 2431.48193359375
2.240645867262871 158071.21607348818 2426.825439453125
2.24066246787276 158381.06445379078 2412.293701171875
2.2406790668828864 158023.92739678264 2414.428955078125
2.2406956642920655 158492.9556652749 2431.03955078125
2.240712260099113 158771.09268105193 2425.3017578125
2.2407288543028483 158648.27373045738 2409.691650390625
2.240745446902092 158732.23529355205 2421.191650390625
2.2407620378956663 158757.65983282233 2419.051513671875
2.240778627282394 159410.63175266254 2418.399169921875
2.240795215061102 159874.88204979477 2412.207275390625
2.2408118012306155 160845.75609619712 2407.30029296875
2.2408283857897655 160596.6184257734 2423.39306640625
2.2408449687373815 160347.3082615838 2391.479736328125
2.240861550072296 159687.47837114005 2379.606201171875
2.2408781297933436 159766.76360129542 2404.113037109375
2.2408947078993586 160019.2011664494 2407.20068359375
2.2409112843891807 160119.642612339 2383.677978515625
2.2409278592616486 161062.47098996572 2390.788330078125
2.240944432515601 160797.30293139184 2413.60205078125
2.2409610041498844 162088.57484844862 2407.317626953125
2.240977574163341 161602.40295542165 2421.976806640625
2.240994142554816 161363.86762941346 2426.901611328125
2.241010709323159 160730.35716992637 2422.2548828125
2.241027274467219 160686.34151345596 2465.00341796875
2.2410438379858473 161893.62075224292 2460.152587890625
2.241060399877897 162638.69790682453 2446.379638671875
2.2410769601422222 162969.151482014 2419.883544921875
2.24109351877768 163466.6726001139 2407.520263671875
2.24111007578313 163102.40988358564 2420.20703125
2.2411266311574294 163496.77340466983 2412.392578125
2.241143184899441 163317.8017825558 2398.52197265625
2.241159737008029 163095.9113177457 2395.095703125
2.2411762874820567 162913.9241519486 2410.838134765625
2.2411928363203923 162847.8072330605 2438.900390625
2.2412093835219036 162674.7426552743 2453.512939453125
2.2412259290854615 163772.21595368863 2448.62548828125
2.241242473009937 164834.9528534403 2472.371337890625
2.2412590152942045 165658.21556097502 2466.849609375
2.241275555937139 165327.76271729596 2432.04248046875
2.241292094937618 163943.47386142248 2409.292724609375
2.2413086322945204 163490.58411023358 2403.785400390625
2.241325168006726 162989.2105502102 2390.9482421875
2.241341702073117 162962.38941194082 2377.318359375
2.241358234492579 162462.6568347701 2385.414794921875
2.2413747652639957 162396.71046705154 2392.715576171875
2.2413912943862564 162660.8998947661 2437.26904296875
2.2414078218582483 164067.92887990107 2443.288330078125
