igrins/spectra/eg_uma_K_20190319_smoothed.ecsv
# %ECSV 0.9
# ---
# datatype:
# - {name: WAVELENGTH, unit: um, datatype: float64}
# - {name: FLUX, datatype: float64}
# - {name: ERROR, datatype: float64}
# schema: astropy-2.0
WAVELENGTH FLUX ERROR
[from data line 20277]
2.150126826133979 178300.65441113917 1492.2392578125
2.1501407774172066 178588.229837742 1494.315673828125
2.150154726914084 178947.67123704878 1497.373291015625
2.150168674624685 178867.9029375107 1500.6880696614583
2.150182620549079 178259.1400317123 1500.815226236979
2.1501965646873407 177289.94133063435 1495.778849283854
2.15021050703954 176855.6858147169 1493.447062174479
2.1502244476057495 176699.3942424233 1490.1823323567708
2.15023838638604 176140.05304025125 1487.3653564453125
2.150252323380481 176041.81520526845 1486.789835611979
2.150266258589145 175760.41186280415 1483.7958984375
2.150280192012101 176506.8947657196 1482.46044921875
2.15029412364942 176382.5450133443 1480.6878255208333
2.150308053501171 176975.98130811693 1487.4022216796875
2.1503219815674246 176999.39595287477 1493.253173828125
2.1503359078482487 177312.5656317575 1492.175333658854
2.150349832343713 176741.16450814245 1485.4371744791665
2.150363755053887 177217.51070974575 1485.3826497395833
2.1503776759788376 178042.14125138096 1490.858154296875
2.150391595118635 179166.0811502565 1498.1801350911458
2.1504055124733465 179378.30737569887 1510.942179361979
2.1504194280430386 178737.1518576424 1554.882364908854
2.15043334182778 178625.42069462998 1630.50537109375
2.1504472538276387 178785.34046003822 1701.5777180989583
2.1504611640426803 179002.44388343825 1721.8802897135415
2.1504750724729726 178398.81355142564 1671.071818033854
2.1504889791185806 177849.40655484665 1606.396077473958
2.1505028839795712 177360.1454246968 1588.920491536458
2.1505167870560116 177099.87167934846 1636.8435872395833
2.150530688347966 176886.80807931465 1698.052530924479
2.1505445878555003 176755.35847110813 1711.4857584635415
2.15055848557868 176330.486481562 1662.2927246093748
2.1505723815175695 175993.60044399786 1591.0436604817708
2.1505862756722336 175387.6358712425 1538.6251627604165
2.1506001680427373 175166.49088027095 1523.71533203125
2.1506140586291442 174613.12749882307 1525.0023600260415
2.1506279474315178 174068.26838657324 1526.0384521484375
2.1506418344499227 174157.65878601593 1532.636027018229
2.1506557196844214 174798.8480977294 1566.6127929687498
2.1506696031350785 175395.11039574043 1738.6767171223955
2.150683484801955 174795.94759389252 2133.8077392578125
2.1506973646851146 172750.35432272547 2701.810872395833
2.150711242784619 170748.91067994694 3236.36669921875
2.150725119100531 169815.03696626244 3464.8756510416665
2.150738993632913 171444.8873647523 3308.7111002604165
2.1507528663818247 173181.69806916648 2804.692057291666
2.15076673734733 174258.0506575304 2207.511271158854
2.1507806065294863 174192.6831800727 1759.1040852864583
2.1507944739283573 174116.16293167742 1544.8150634765625
2.1508083395440036 174174.62471120225 1497.761962890625
2.1508222033764843 174432.44832431304 1490.1026204427083
2.1508360654258603 174595.90994141478 1491.361857096354
2.1508499256921896 174492.71108977005 1492.6031494140625
2.1508637841755345 173287.8937816103 1489.3316243489583
2.1508776408759527 172527.9690993296 1487.808349609375
2.1508914957935032 172420.22717543284 1489.7317708333333
2.1509053489282453 172840.71763514212 1495.466349283854
2.1509192002802364 173418.7380801632 1496.704345703125
2.150933049849536 173516.23765893595 1494.48486328125
2.150946897636202 173975.41355412098 1490.6917317708333
2.1509607436402907 174032.52241676074 1487.7527669270833
2.1509745878618616 174710.4834297652 1488.729777018229
2.1509884303009708 174914.7014774798 1488.769287109375
2.1510022709576746 174916.86631034638 1490.197021484375
2.151016109832031 174719.46197957254 1491.496134440104
2.1510299469240954 174229.11530936195 1497.504679361979
2.1510437822339252 174035.26065206132 1526.734415690104
2.1510576157615757 174289.74569726433 1571.7852783203125
2.151071447507102 176015.61408421668 1620.2596842447915
2.15108527747056 178240.769291355 1632.230753580729
2.1510991056520057 179065.3528940571 1601.1654052734375
2.1511129320514923 178913.71848357568 1555.4296875
2.1511267566690755 179052.38946341546 1523.7982991536458
2.1511405795048097 179543.72087595527 1520.593505859375
2.1511544005587493 180144.21378604072 1524.67919921875
2.151168219830947 179535.74706530746 1528.713134765625
2.151182037321457 178815.35238829552 1528.054931640625
2.1511958530303334 178566.9970626361 1528.333251953125
2.1512096669576284 178869.355226924 1529.9501953125
2.1512234791033946 179670.79954159964 1532.802734375
2.1512372894676863 179969.1871540271 1533.6770833333333
2.1512510980505537 180499.5092861964 1543.9363606770833
2.1512649048520505 181093.58309193846 1575.090901692708
2.1512787098722272 181099.54243060382 1631.2325846354165
2.151292513111136 181123.61672588417 1689.775390625
2.151306314568829 181608.46965414664 1731.315673828125
2.151320114245356 183040.60452400672 1748.1297607421873
2.151333912140768 184233.83415198067 1769.7578125
2.1513477082551162 184689.93232001702 1807.0727132161458
2.1513615025884505 184973.65589173703 1847.003702799479
2.15137529514082 184923.38329037337 1843.8958740234373
2.1513890859122755 184448.764376586 1791.647705078125
2.1514028749028666 183641.72806897413 1716.526611328125
2.151416662112643 182382.9461545253 1653.057210286458
2.151430447541652 181464.4151387685 1611.9757893880208
2.1514442311899433 180858.58760127737 1586.1068522135415
2.151458013057565 180750.67532089038 1569.390665690104
2.151471793144567 180798.27873456458 1554.4178466796873
2.1514855714509946 180957.1472407662 1544.1034749348958
2.151499347976897 180649.1555844994 1533.7877604166665
2.1515131227223216 180503.76518272687 1529.8712565104165
2.151526895687315 180675.2370925521 1526.4366455078125
2.151540666871926 181258.39524020255 1523.7950439453125
2.1515544362761987 181098.09842135495 1520.8114420572915
2.151568203900181 179960.71398182388 1516.326904296875
2.151581969743918 179085.08676309075 1518.0266927083333
2.1515957338074565 178909.3113513928 1521.7215576171875
2.1516094960908427 179250.09026288046 1527.4296061197915
2.1516232565941205 179283.57840473502 1529.2948811848958
2.151637015317336 179410.8550139807 1528.536865234375
2.151650772260534 179637.34880377798 1530.611857096354
2.1516645274237582 179755.08491767937 1534.6290283203125
2.1516782808070545 179137.27707773683 1542.5839029947915
2.151692032410466 178523.15216427404 1559.9053548177083
2.1517057822340364 178659.6282841536 1587.3537190755208
2.1517195302778096 179315.4801108039 1621.5498046875
2.151733276541829 180554.72875272323 1653.8709309895833
2.1517470210261385 181502.00557917176 1675.046630859375
2.1517607637307785 182111.24411923473 1677.8952229817708
2.151774504655794 182196.34394288904 1665.5325927734375
2.1517882438012266 181809.24681456177 1643.3885904947915
2.151801981167118 181737.1158857797 1619.6302897135415
2.1518157167535095 181160.25117145243 1589.968790690104
2.1518294505604434 182265.19124680693 1568.9256591796875
2.151843182587961 182479.75382587657 1556.0981038411458
2.151856912836103 182107.5869225283 1551.635294596354
2.1518706413049102 180753.30666218651 1544.558390299479
2.151884367994424 180661.0595558497 1538.0633951822915
2.151898092904683 181398.7025939046 1536.0635986328125
2.1519118160357276 181542.1221069506 1539.3085530598958
2.1519255373875983 181798.11622516008 1544.1106770833333
2.151939256960335 181712.89994434325 1545.084269205729
2.1519529747539754 182583.44266230232 1545.1276448567708
2.1519666907685586 183168.22406512604 1544.9298502604165
2.151980405004124 184099.40688736388 1545.088460286458
2.151994117460711 184192.86089298298 1543.7987060546875
2.1520078281383554 184358.9247151685 1545.1773274739583
2.152021537037097 183770.37208078158 1544.0411783854165
2.1520352441569726 183133.867375652 1539.475626627604
2.15204894949802 182211.3986518287 1531.9833170572915
2.1520626530602764 182710.59935656993 1535.5755615234375
2.152076354843779 183448.9429139824 1542.9696044921875
2.152090054848563 183632.054867874 1545.3814290364583
2.152103753074666 183067.26369741568 1542.609415690104
2.152117449522124 181605.7692827529 1534.749755859375
2.152131144190973 180704.07885534072 1530.166015625
2.1521448370812477 179757.51865590562 1523.4198404947915
2.152158528192985 179550.50367298292 1526.4573567708333
2.152172217526218 179102.22039536585 1530.707763671875
2.1521859050809837 178462.32854551752 1548.859659830729
2.152199590857315 178331.44541712932 1572.125244140625
2.1522132748552476 178301.7525514261 1596.115234375
2.1522269570748143 178476.00835084377 1598.6468505859375
2.1522406375160488 177835.30257921788 1577.1797688802083
2.1522543161789858 177175.9335787186 1555.177042643229
2.1522679930636586 177478.25971120535 1544.2781982421873
2.152281668170099 177887.33715502662 1546.3537190755205
2.152295341498341 179298.59645066177 1551.875284830729
2.1523090130484164 180201.74260863714 1552.5599365234375
2.152322682820358 180814.09031933427 1556.7244466145833
2.152336350814197 179841.87825106626 1557.572306315104
2.152350017029965 178057.095997293 1560.2435709635415
2.152363681467695 178134.10816613067 1566.329142252604
2.152377344127418 179159.7446644502 1572.5438639322915
2.1523910050091644 180688.59580636187 1585.063028971354
2.1524046641129635 180363.05289207018 1595.7404378255205
2.152418321438848 180259.59749814754 1610.7765706380208
2.1524319769868474 179745.3130711096 1621.5802408854165
2.1524456307569917 179568.57404353915 1625.444132486979
2.15245928274931 178834.81890511882 1616.289143880208
2.1524729329638324 178556.28358205216 1598.6805419921875
2.1524865814005874 178647.60150818047 1580.305908203125
2.152500228059605 178019.8279204129 1562.5035807291665
2.152513872940912 177063.88475054188 1549.9567464192708
2.15252751604454 175450.32220793449 1538.2882080078123
2.1525411573705138 175031.3185859832 1537.715901692708
2.152554796918863 174579.93004270492 1535.9659830729165
2.152568434689615 174447.1673965668 1536.3152669270833
2.152582070682797 174323.76896564293 1534.2753092447915
2.1525957048984363 174471.211770494 1531.723876953125
2.15260933733656 174594.68928982512 1529.7012532552083
2.152622967997194 174767.80909006193 1525.9482014973958
2.152636596880365 175338.4667384444 1529.128173828125
2.1526502239860994 175657.67859407206 1532.200480143229
2.1526638493144232 175510.99568375119 1533.0733235677083
2.1526774728653604 175436.65770988786 1533.198282877604
2.1526910946389384 176027.53739662725 1535.9847005208333
2.152704714635181 176284.23978654644 1540.4725748697915
2.1527183328541137 176712.75677036238 1544.054972330729
2.1527319492957604 176834.53085127147 1545.7359212239583
2.152745563960146 176978.93014671997 1548.8036702473958
2.1527591768472947 177770.13263698522 1570.485392252604
2.1527727879572294 178860.21720975588 1607.711181640625
2.1527863972899732 180303.59199347018 1638.7410888671875
2.1528000048455516 180362.64864217324 1641.2653808593748
2.1528136106239857 179374.49809675885 1610.4147542317708
2.1528272146252982 178494.75087057555 1581.7006022135415
2.152840816849513 178562.72511830318 1570.422892252604
2.152854417296651 178980.6644973672 1576.298136393229
2.152868015966735 180028.07350116238 1586.6532796223958
2.1528816128597863 179919.200437154 1592.7965494791665
2.1528952079758263 180433.4572162375 1620.6144205729165
2.1529088013148767 180262.8916070772 1668.147501627604
2.1529223928769583 180062.42488644455 1723.9851888020833
2.152935982662091 180238.60009600397 1767.497355143229
2.1529495706702964 180693.18232495745 1784.513753255208
2.1529631569015937 181310.36812207877 1776.7321370442708
2.152976741356004 181092.82290240115 1744.1536458333333
2.152990324033545 180798.75721926318 1700.1236572265623
2.153003904934239 179745.00344126328 1653.1545003255205
2.153017484058102 179012.32340052468 1621.0685628255208
2.1530310614051547 178124.69358916517 1612.4662272135415
2.153044636975416 178516.1268920871 1622.3494466145833
2.1530582107689034 178543.0758444026 1627.064249674479
2.153071782785635 178657.6180169449 1617.4193115234375
2.1530853530256295 178686.53584532443 1595.7152506510415
2.1530989214889034 179361.2481834904 1581.939697265625
2.1531124881754753 179743.96110705417 1576.1758626302083
2.1531260530853618 179852.77022867676 1576.1087239583333
2.153139616218579 178744.50183002514 1570.5121256510415
2.153153177575144 178235.55397965928 1566.9007161458333
2.153166737155074 178279.22983840812 1568.91357421875
2.1531802949583834 179039.82145355185 1574.110921223958
2.153193850985089 179669.54136500304 1575.590372721354
2.1532074052352064 179774.07179054362 1572.154093424479
2.1532209577087507 180400.30655044148 1573.389933268229
2.153234508405736 179706.98685425826 1572.064453125
2.1532480573261794 179451.5999028712 1575.28466796875
2.1532616044700927 179401.46189928142 1594.498046875
2.1532751498374925 179720.40741548638 1629.1671549479165
2.1532886934283915 179455.52904280357 1662.6898600260415
2.153302235242804 179105.06725370733 1665.036376953125
2.153315775280743 179148.96389591682 1639.2714843749998
2.1533293135422213 179254.0193750576 1602.302775065104
2.153342850027254 178899.24550774525 1576.5509847005205
2.153356384735851 178032.44781087415 1565.348876953125
2.1533699176680265 177228.0151219435 1564.3800455729165
2.1533834488237926 176654.84078352893 1566.1044921875
2.1533969782031606 176024.10530966744 1572.3809407552083
2.1534105058061423 176544.48297559324 1574.6954345703125
2.1534240316327504 176403.0658589871 1576.792032877604
2.153437555682995 175468.74654123845 1574.0894775390625
2.153451077956887 173802.36685250868 1576.256388346354
2.153464598454436 172341.7384725062 1576.0220947265625
2.153478117175655 172372.60176620152 1583.0624186197915
2.153491634120552 171247.58255151036 1594.2119140625
2.1535051492891375 171864.53788601502 1621.953369140625
2.153518662681422 173042.67958594495 1652.9432779947915
2.1535321742974136 173857.49535218484 1674.0194091796875
2.153545684137122 173292.53244213507 1672.4739583333333
2.153559192200556 172118.9220799597 1652.194376627604
2.1535726984877237 172638.33322941826 1627.225382486979
2.1535862029986346 172197.24137060592 1603.426066080729
2.153599705733296 171584.76960863883 1590.3644205729165
2.1536132066917157 170527.03846664197 1587.797688802083
2.153626705873902 171187.23908458647 1590.8958740234375
2.1536402032798616 172902.93026490437 1593.6894124348955
2.153653698909601 174249.1762255776 1615.1987304687498
2.153667192763128 175374.93406240043 1732.6532796223958
2.153680684840449 174825.13702629437 1952.9750569661455
2.1536941751415695 174429.51621907487 2187.6608479817705
2.1537076636664967 174098.74534462404 2304.259033203125
2.1537211504152354 175167.36587638617 2204.259358723958
2.1537346353877918 175375.6784108125 1979.0714925130208
2.1537481185841707 175118.88710111578 1831.2417805989583
2.153761600004377 175839.06822658074 1918.5789388020833
2.1537750796484163 177684.38236214005 2144.1044514973955
2.1537885575162923 179180.2406601541 2305.74951171875
2.1538020336080095 178539.9174788412 2251.6588541666665
2.153815507923572 178035.38282100894 2035.222941080729
2.1538289804629835 177440.79533143752 1790.550821940104
2.153842451226246 176725.97673934454 1636.0291341145833
2.153855920213365 176021.56885699608 1597.116943359375
2.153869387424342 175263.7500265888 1592.5826822916665
2.153882852859181 175827.38161787143 1593.7179768880208
2.153896316517883 175655.0636781131 1589.4142659505208
2.1539097784004504 176152.49052114348 1593.3295084635415
2.1539232385068856 176142.5638680462 1595.8870849609373
2.153936696837191 176515.76493824203 1601.7792561848958
2.1539501533913663 176702.6187048645 1604.133382161458
2.1539636081694136 176482.17131398525 1604.916015625
2.153977061171334 176471.07533232743 1609.5333251953123
2.153990512397127 175513.28699804665 1606.49609375
2.154003961846795 175490.135675115 1605.3490397135415
2.154017409520336 176539.52686595917 1606.4428304036458
2.1540308554177514 177815.26930454274 1613.6428222656248
2.1540442995390388 177706.38001719146 1619.270060221354
