igrins/spectra/eg_uma_H_20190319.ecsv
# %ECSV 0.9
# ---
# datatype:
# - name: WAVELENGTH
#   unit: um
#   datatype: float64
# - name: FLUX
#   datatype: float64
# - name: ERROR
#   datatype: float64
# schema: astropy-2.0
WAVELENGTH FLUX ERROR
[from data line 11880]
1.5564895864433235 392270.2165862065 4384.361712809057
1.5565005996290848 390442.16032768926 3827.818389516395
1.5565116113687476 388591.4620775803 5146.063988586015
1.5565226216628976 386138.8910361444 8340.45714657336
1.556533630512122 383327.94292907615 3739.301773413962
1.556544637917005 380297.1992450037 1408.5226195194853
1.5565556438781336 381078.09713875223 763.7347458171879
1.5565666483960943 377672.4566542556 4604.887304807184
1.556577651471472 372969.5238129907 3981.175124854388
1.5565886531048532 371274.4893965536 3460.6725623063835
1.5565996532968238 369595.0313294643 904.6082880389781
1.5566106520479697 372054.64195964276 706.0256073781633
1.5566216493588771 375252.7444854617 4438.418857122977
1.5566326452301313 372464.92009395454 5635.061171500373
1.556643639662319 373558.26309221523 6122.922868323356
1.5566546326560253 374567.1877141538 3857.8265911555795
1.556665624211836 378074.5675163167 4009.006000698766
1.5566766143303377 376538.57468630583 1927.5193358009708
1.5566876030121157 383268.13551792613 2027.602697469135
1.556698590257755 384875.59193385695 5515.918738046408
1.556709576067843 378428.9779075508 5858.2129256219605
1.5567205604429646 381930.2238889119 4637.039072833379
1.556731543383705 384252.7793478093 5226.34452516698
1.5567425248906508 384150.10203568527 5980.401355529893
1.5567535049643875 379353.92822296044 1126.6988553258916
1.5567644836055 381454.93583131547 3296.614282760116
1.5567754608145752 377624.66947641305 6418.060861340046
1.556786436592198 377798.3914146069 3068.4170645652907
1.556797410938954 379117.640048662 1481.4344796452974
1.5568083838554287 375568.64423546044 380.9978065023356
1.556819355342209 378377.3537067764 1432.3875691039657
1.5568303253998783 379739.8042533031 1515.3002660515585
1.5568412940290242 374331.12632671493 4724.548283709371
1.5568522612302307 371160.82071232714 3137.0867678073696
1.5568632270040839 370750.721947264 4918.940907695286
1.5568741913511701 380988.4508204726 4427.631932198628
1.5568851542720734 378168.337496937 1563.3076865353755
1.5568961157673802 377225.8153650409 7976.615263820913
1.5569070758376757 383812.92288297485 3171.8890479093493
1.5569180344835452 382211.66030098416 2584.875075270951
1.5569289917055742 385294.587683365 2855.78189132391
1.5569399475043482 387549.1051054053 11085.064024263274
1.5569509018804522 396103.729735481 9847.68993751067
1.5569618548344724 396744.51475288306 11419.667084231683
1.5569728063669936 397570.85060692375 7836.872381965779
1.5569837564786007 397738.626317017 6918.720417967173
1.5569947051698796 400357.5033903599 14918.070001075002
1.5570056524414149 402965.30832657625 18743.23931492346
1.5570165982937936 401409.6494844765 19892.58522045672
1.557027542727599 405608.54263484536 17228.53887711022
1.5570384857434172 407523.7011675693 16167.728486893555
1.5570494273418334 404738.01579266577 17788.069159174054
1.557060367523433 403493.45669908 25255.18865968279
1.5570713062888009 407492.51915029605 23795.32420162641
1.5570822436385217 395669.2857289357 31798.62259146126
1.557093179573182 399409.9917272291 30611.33163794972
1.557104114093366 398108.22879845655 34004.41919103859
1.5571150471996584 407995.03671962104 26641.272772855536
1.5571259788926453 402031.6002407956 28066.775909884956
1.5571369091729108 397754.6448924156 28773.730141896343
1.5571478380410413 401955.9599768842 29274.822128044136
1.5571587654976204 398942.4702741396 27655.429303726156
1.5571696915432334 407031.91209037864 26940.23397098535
1.5571806161784667 405006.2680119675 27839.27485675196
1.5571915394039038 401077.3312447157 29883.914293195932
1.5572024612201303 408954.2046154413 34019.225076951516
1.5572133816277305 403151.3433754267 34428.15408342259
1.55722430062729 404229.0387201272 33908.293347676976
1.5572352182193936 406088.6790528797 35645.423544695004
1.557246134404627 412471.679180741 28779.595361146676
1.557257049183573 407780.4694586358 31788.64228534495
1.5572679625568187 407255.51767647476 33967.75935565024
1.557278874524947 403779.5764208501 34254.63768876698
1.5572897850885452 400079.92833765555 34937.95307394896
1.5573006942481957 401281.2811788242 36789.26051740299
1.5573116020044844 405100.016898894 36481.06522205641
1.5573225083579962 403192.42752594885 35181.614446502725
1.5573334133093153 409478.58019948134 31216.19097518871
1.5573443168590273 399211.01630410255 24922.245496783886
1.5573552190077158 398906.9361096161 28393.830452019145
1.557366119755966 401262.72426637274 23783.342451278244
1.5573770191043632 397532.1751010409 24248.859773914777
1.5573879170534914 397524.92246494873 27872.862831545677
1.557398813603936 400033.4436748413 25219.786841671543
1.5574097087562806 398387.62553462834 24879.329899569275
1.5574206025111106 390761.2590432283 26477.64972071922
1.5574314948690102 393004.06812968815 20880.87711177971
1.5574423858305646 393756.6188501024 23160.76932715846
1.5574532753963573 391153.47856133303 20204.452074726556
1.557464163566974 395883.64729694417 21141.434045777016
1.557475050342998 392003.93747613626 21568.40644557957
1.5574859357250155 391001.85247101384 21153.6003375728
1.557496819713609 387254.9809514229 22311.94108327296
1.5575077023093646 388593.5947444771 21824.095113042265
1.5575185835128664 388433.9128578387 19821.366103938723
1.5575294633246983 394663.1257589767 17454.931005180635
1.5575403417454454 387800.09259245725 10954.150853363919
1.557551218775692 391256.01904022123 15436.280773110706
1.5575620944160224 382296.141537196 12708.641466131492
1.5575729686670208 376293.9880512639 9258.802015865183
1.5575838415292709 374898.5427122331 12067.203738871705
1.557594713003359 373532.2630043983 14854.337339425658
1.5576055830898674 371751.5808691848 15924.266562731309
1.5576164517893818 372561.0961705228 17070.502730451266
1.5576273191024859 366515.47851986525 17165.46707480038
1.5576381850297636 374071.17238132755 9979.567367229842
1.5576490495717996 371548.9472277127 14424.35516796149
1.5576599127291786 363982.3793016013 8807.581514633679
1.5576707745024845 360728.3402387524 9891.369303286967
1.557681634892301 365786.5905440251 10895.691042150696
1.5576924938992125 370048.23844282486 8425.16510873721
1.5577033515238046 369196.23006853764 3104.689983763804
1.557714207766659 368095.7635932461 2141.3873128723494
1.5577250626283614 nan nan
1.5577359161094955 nan nan
1.5577467682106452 nan nan
1.5577576189323958 nan nan
1.5577684682753297 377525.4862565599 4344.1142578125
1.5577793162400317 381474.1315293251 4375.8857421875
1.5577901628270856 386394.1353271776 4429.47021484375
1.5578010080370759 391425.77133285 4447.0556640625
1.5578118518705866 388677.42015631724 4410.09716796875
1.5578226943282012 391471.6869336763 4452.419921875
1.557833535410504 396087.8586585594 4449.458984375
1.5578443751180786 392128.3816906542 4397.20263671875
1.5578552134515091 385443.1806506212 4338.19580078125
1.5578660504113795 388014.10277943866 4373.41015625
1.5578768859982735 391945.25782082207 4378.6123046875
1.5578877202127759 390846.4496584277 4385.275390625
1.5578985530554692 388411.3432421253 4375.36572265625
1.5579093845269374 386896.2942135778 4391.96630859375
1.557920214627766 388388.34209007764 4452.76513671875
1.5579310433585365 379583.8238019156 4251.30810546875
1.5579418707198343 370728.9730551193 4212.34326171875
1.5579526967122421 372720.5738766207 4268.03369140625
1.5579635213363445 368895.20166917646 4202.74560546875
1.557974344592725 371210.6518087608 4233.46240234375
1.5579851664819668 372264.6839690831 4278.7509765625
1.557995987004654 367427.3285800936 4205.162109375
1.5580068061613705 373037.6213529405 4234.255859375
1.5580176239527004 372852.9628289968 4225.9462890625
1.5580284403792262 371292.2014502243 4232.23095703125
1.5580392554415317 371602.1480221599 4237.34765625
1.5580500691402015 371982.9119309715 4210.5810546875
1.5580608814758183 371091.01108503295 4215.26513671875
1.558071692448966 365781.338075046 4224.5986328125
1.558082502060228 372656.0151022598 4220.54296875
1.558093310310188 380111.86351467913 4283.8193359375
1.5581041171994297 380063.0413133635 4312.2802734375
1.558114922728536 376979.01555404684 4276.73095703125
1.5581257268980908 388934.8165472748 4327.16943359375
1.5581365297086778 389705.80441975896 4281.62353515625
1.5581473311608796 386842.0086239564 4208.1083984375
1.5581581312552808 389298.30069251044 4190.7890625
1.5581689299924646 391073.9617842886 4204.55859375
1.5581797273730136 390115.9868219999 4195.49951171875
1.5581905233975117 394303.48579061823 4203.09814453125
1.5582013180665424 393865.6994773972 4205.189453125
1.5582121113806884 393098.6069123697 4205.27978515625
1.5582229033405337 391666.1161969614 4191.671875
1.5582336939466617 391613.01509871293 4144.54248046875
1.5582444831996554 398666.2936880318 4197.43994140625
1.5582552711000974 398290.15841742064 4174.64404296875
1.558266057648572 395039.47224891436 4156.7080078125
1.5582768428456628 395344.8110718355 4129.9072265625
1.5582876266919514 392176.39979446016 4131.59521484375
1.5582984091880228 392949.90775983024 4159.01171875
1.5583091903344588 389839.1266527037 4135.62060546875
1.558319970131843 390517.0061087987 4150.6025390625
1.5583307485807594 393336.46316217823 4163.2587890625
1.5583415256817899 392475.4507632542 4147.14501953125
1.558352301435518 396563.1209391004 4150.82958984375
1.5583630758425273 397570.0291527687 4144.11181640625
1.5583738489033998 391978.2546475842 4106.53271484375
1.55838462061872 391655.6839041341 4111.6552734375
1.5583953909890698 389750.90658293676 4082.759521484375
1.5584061600150334 391249.00893257663 4113.7021484375
1.558416927697193 392635.1387930624 4134.384765625
1.5584276940361312 394996.0538178429 4099.55810546875
1.5584384590324314 395638.91190288996 4112.0166015625
1.558449222686677 388340.57196617743 4107.63720703125
1.558459984999451 386793.0810201991 4047.8994140625
1.5584707459713352 380728.78628764726 4011.724365234375
1.5584815056029129 383427.1530619259 4027.8486328125
1.5584922638947687 385521.3875062391 4031.421142578125
1.558503020847483 381840.65299835254 4016.24072265625
1.5585137764616404 379948.57593167596 3984.029052734375
1.558524530737823 379869.2967033715 3976.728515625
1.5585352836766133 378603.3837191736 3982.202392578125
1.5585460352785954 380551.9492632808 3995.24462890625
1.5585567855443507 371646.8554067798 3962.423828125
1.5585675344744625 376035.89924615365 3971.8486328125
1.5585782820695133 378946.7062028348 3987.542236328125
1.558589028330087 373484.7215788549 3917.465576171875
1.5585997732567651 379885.2868466936 3963.475830078125
1.5586105168501305 377349.6317837873 3953.528564453125
1.5586212591107658 369821.5435527913 3904.6552734375
1.5586320000392542 372799.5652346313 3904.446533203125
1.558642739636178 379084.50261982577 3945.9150390625
1.55865347790212 376740.7665049545 3928.474853515625
1.5586642148376624 372689.5094838478 3895.427001953125
1.558674950443388 379664.6261287477 3937.228271484375
1.55868568471988 381935.7627752425 3949.034912109375
1.5586964176677198 376308.1034497209 3924.87548828125
1.558707149287491 377057.3470462952 3946.7275390625
1.5587178795797758 377381.08547047735 3938.316162109375
1.5587286085451566 380116.4480960907 3916.349609375
1.5587393361842157 376348.5980936584 3874.431396484375
1.558750062497536 380639.6245206103 3909.695556640625
1.5587607874856995 380968.47526848654 3909.7431640625
1.558771511149289 386282.17068874487 3932.613037109375
1.5587822334888866 378854.8533257258 3900.666259765625
1.5587929545050756 378615.42575169646 3887.39013671875
1.5588036741984368 381125.5310391471 3867.674560546875
1.5588143925695541 380006.265636921 3880.665283203125
1.5588251096190087 382245.25947331585 3878.984375
1.5588358253473842 380685.5921122331 3857.257080078125
1.5588465397552618 378450.5138601616 3853.70458984375
1.558857252843224 386356.70653563517 3896.710205078125
1.5588679646118535 388305.3762238872 3900.8515625
1.5588786750617318 384368.1021064944 3860.875
1.558889384193442 385702.2641410657 3881.324462890625
1.5589000920075666 384631.6396469796 3868.32861328125
1.5589107985046866 387364.279456703 3871.027099609375
1.5589215036853852 386053.60476467357 3874.371826171875
1.5589322075502439 388810.2217311354 3877.955078125
1.558942910099845 389817.3594909955 3899.44091796875
1.5589536113347713 383040.92904965684 3860.10693359375
1.5589643112556038 382729.99018016993 3836.9501953125
1.5589750098629258 384979.3158852724 3837.931884765625
1.5589857071573185 381563.9524995961 3824.5244140625
1.5589964031393644 388450.90903891873 3840.97900390625
1.5590070978096455 387197.45398375293 3833.1728515625
1.5590177911687437 387541.54265818204 3854.8671875
1.559028483217241 387850.45935197425 3839.150146484375
1.5590391739557197 383170.2131742342 3789.524169921875
1.5590498633847614 381496.2582255402 3808.05224609375
1.5590605515049483 386829.8326929484 3801.466064453125
1.5590712383168623 380202.8487152533 3772.015869140625
1.5590819238210853 381671.15327485005 3754.546630859375
1.5590926080181995 384911.8752437698 3759.60595703125
1.5591032909087865 385565.1581729479 3772.67138671875
1.5591139724934284 384499.6358210831 3769.69580078125
1.5591246527727065 383416.7184834548 3761.304931640625
1.559135331747203 378867.5151424241 3704.883544921875
1.5591460094175007 381214.3183812033 3708.14990234375
1.5591566857841794 381937.58448086405 3723.921142578125
1.5591673608478227 381749.76222456974 3751.075927734375
1.559178034609011 385846.99381027714 3759.08740234375
1.559188707068327 383947.7668130441 3744.8232421875
1.5591993782263522 382569.13683692727 3732.50048828125
1.559210048083668 380190.87643532676 3713.0986328125
1.5592207166408572 377553.1286124437 3684.618896484375
1.5592313838985 380448.25510372897 3670.563232421875
1.5592420498571784 378077.10727929766 3654.8857421875
1.5592527145174748 379672.3115396581 3699.974853515625
1.5592633778799705 375644.4266076607 3647.956298828125
1.559274039945247 371638.4679486514 3671.930908203125
1.559284700713886 372116.865311718 3699.011962890625
1.5592953601864692 380253.42090464354 3739.74365234375
1.5593060183635776 375665.4031363542 3693.263916015625
1.5593166752457932 375659.81457599683 3677.828369140625
1.5593273308336977 377620.63549413386 3688.576904296875
1.5593379851278717 378166.1287931614 3687.738525390625
1.5593486381288981 378918.46548034623 3696.516845703125
1.5593592898373574 381544.5049104326 3690.048583984375
1.5593699402538312 380912.1951263146 3661.594970703125
1.5593805893789014 386919.61820697755 3674.800048828125
1.559391237213149 381815.67523339763 3673.099853515625
1.5594018837571555 387487.11535349477 3713.794921875
1.559412529011502 386450.1941973531 3719.46875
1.5594231729767702 386083.81763305573 3707.539306640625
1.559433815653542 388254.93797923875 3686.99853515625
1.559444457042397 388674.8353471433 3670.85693359375
1.5594550971439185 391177.30316249613 3697.37109375
1.5594657359586865 391185.334672119 3712.523681640625
1.5594763734872832 391582.9076779521 3692.890625
1.5594870097302893 391713.01625192375 3695.0625
1.559497644688286 389785.4386487605 3670.775146484375
1.559508278361855 389947.34607603087 3652.990234375
1.5595189107515766 395566.6252989783 3698.235107421875
1.5595295418580333 393482.3270272354 3693.46630859375
1.559540171681805 392924.2490501981 3692.485107421875
1.5595508002234737 393373.0859297406 3711.178955078125
1.5595614274836205 388508.9584013802 3676.955322265625
1.5595720534628261 387665.1069637387 3653.67236328125
1.5595826781616722 387840.14771285374 3670.11474609375
1.5595933015807388 392249.9254572891 3698.507080078125
1.5596039237206083 385940.6442796693 3648.0400390625
1.5596145445818612 391786.8088215058 3665.393310546875
1.5596251641650785 394098.08297726826 3680.824462890625
1.5596357824708404 389938.0440612109 3672.1708984375
1.5596463994997296 393007.56368417456 3687.630859375
1.5596570152523255 384873.6826525323 3656.026123046875
1.5596676297292107 389704.83579335676 3671.663818359375
1.559678242930965 389923.3491886411 3676.15478515625
