igrins/spectra/eg_uma_K_20190319.ecsv
# %ECSV 0.9
# ---
# datatype:
# - {name: WAVELENGTH, unit: um, datatype: float64}
# - {name: FLUX, datatype: float64}
# - {name: ERROR, datatype: float64}
# schema: astropy-2.0
WAVELENGTH FLUX ERROR
[from data line 12137]
2.031891382507171 203057.93408778013 1784.1312255859375
2.0319043514075816 204699.43700722646 1784.750732421875
2.0319173185047914 205865.17123262683 1801.7169189453125
2.0319302837978346 209675.75771637892 1810.070068359375
2.031943247285744 211990.9289763637 1818.670166015625
2.031956208967548 212949.25201537274 1821.17724609375
2.031969168842274 213304.58760994545 1823.1136474609375
2.0319821269089466 212649.8423393963 1823.709228515625
2.031995083166586 212981.38666506126 1823.08154296875
2.032008037614212 211971.9688581124 1828.8087158203125
2.0320209902508415 210655.99324492854 1837.0975341796875
2.0320339410754884 209686.78187513576 1907.703125
2.032046890087163 212548.04983976012 2002.5413818359375
2.032059837284875 211804.03113246243 2072.744384765625
2.03207278266763 213622.19147976334 2084.371337890625
2.0320857262344316 212426.63946347102 1957.2073974609375
2.032098667984282 212284.08158980045 1881.758544921875
2.0321116079161774 211119.59834808536 1851.6724853515625
2.0321245460291153 211204.86725643885 1861.1778564453125
2.032137482322089 211453.15994432184 1870.7972412109375
2.0321504167940887 210192.2438433144 1869.6160888671875
2.0321633494441027 210723.1357325892 1876.994140625
2.0321762802711167 208286.21905277518 1856.4271240234375
2.0321892092741147 206900.11453970533 1849.7752685546875
2.0322021364520744 206327.3070171223 1844.7734375
2.032215061803976 209868.3242082625 1857.5633544921875
2.0322279853287952 208590.80251036814 1869.744873046875
2.032240907025503 211904.49175898035 1893.007568359375
2.0322538268930703 211153.86618545267 1902.8568115234375
2.0322667449304643 209979.39891312135 1912.283935546875
2.032279661136651 209103.53390620244 1938.82666015625
2.032292575510592 209372.95796893272 2006.2489013671875
2.032305488051247 210227.6411547483 2088.769287109375
2.032318398757574 212830.2415575761 2128.334716796875
2.032331307628528 215142.89096855494 2081.469482421875
2.032344214663061 210693.87740207257 1963.785888671875
2.0323571198601207 205525.12095290876 1879.1224365234375
2.0323700232186566 207005.33656372142 1847.8748779296875
2.0323829247376115 204586.52312420774 1827.96875
2.0323958244159286 206805.98451387283 1830.7471923828125
2.032408722252546 204716.32368428857 1819.689453125
2.032421618246401 204182.01490132796 1818.666015625
2.0324345123964283 203419.93077707483 1827.1201171875
2.0324474047015575 201337.67636065822 1821.410400390625
2.0324602951607194 199792.37936261095 1817.3370361328125
2.0324731837728414 200496.42341404723 1814.6219482421875
2.032486070536845 200559.5971632403 1812.93115234375
2.032498955451652 199254.22150399923 1808.79345703125
2.0325118385161813 200793.41793272685 1830.0794677734375
2.03252471972935 204353.48531802287 1868.87890625
2.0325375990900705 202949.9327430182 1903.6995849609375
2.032550476597255 205286.5432548288 1922.7816162109375
2.0325633522498103 206363.0316649827 1902.4886474609375
2.032576226046644 206473.76545042772 1865.6207275390625
2.0325890979866577 207964.66267317292 1856.4622802734375
2.0326019680687533 207766.51418554413 1869.9105224609375
2.0326148362918284 209706.39756456847 1884.1048583984375
2.032627702654779 207909.89352893716 1879.527099609375
2.032640567156498 209187.70663627473 1879.46435546875
2.0326534297958756 210406.20895572257 1882.8819580078125
2.032666290571799 212052.64245141888 1875.6065673828125
2.032679149483155 212466.56355691247 1877.0863037109375
2.032692006528826 212857.89742892736 1864.595703125
2.0327048617076904 213801.13513544333 1877.5484619140625
2.0327177150186273 213357.39665141498 1878.8104248046875
2.0327305664605118 215857.07548981853 1897.32470703125
2.0327434160322153 215557.5645740959 1912.4207763671875
2.0327562637326086 213915.6282707466 1922.9249267578125
2.032769109560559 210589.4410264983 1946.5076904296875
2.032781953514931 213600.6243633707 1985.2186279296875
2.0327947955945858 213935.27355628493 1986.56298828125
2.032807635798384 208175.85216314407 1912.235107421875
2.0328204741251823 205322.54534957322 1872.1265869140625
2.0328333105738348 205301.05677340063 1871.96435546875
2.0328461451431945 202784.68610135204 1849.6495361328125
2.032858977832109 203418.6337453131 1848.0277099609375
2.032871808639426 203737.5580463088 1854.142822265625
2.0328846375639897 204282.4080629361 1845.2706298828125
2.0328974646046416 203946.69753459547 1848.8314208984375
2.0329102897602196 204178.96492024156 1852.466796875
2.032923113029562 200505.60815621304 1828.1102294921875
2.0329359344115008 198303.5062207724 1817.1614990234375
2.0329487539048685 199370.23433708967 1832.197021484375
2.0329615715084937 200239.50677073756 1842.966552734375
2.0329743872212016 200569.94316166034 1852.1158447265625
2.032987201041817 200070.61862151496 1870.5477294921875
2.03300001296916 199889.6262420228 1902.4024658203125
2.0330128230020486 199622.3767160693 1936.5172119140625
2.0330256311393 202096.0019932442 1991.1527099609375
2.033038437379727 204710.35482607366 2001.2205810546875
2.033051241722139 206917.70361478723 1977.06396484375
2.0330640441653456 205620.75728952224 1952.9937744140625
2.033076844708152 206875.70152896887 1947.841064453125
2.0330896433493613 210108.88867083375 1962.869140625
2.0331024400877733 212422.11586128006 1973.0511474609375
2.0331152349221857 213745.62204504214 1984.3892822265625
2.0331280278513946 212759.75695190902 1984.4227294921875
2.0331408188741924 211188.647071276 2013.224853515625
2.0331536079893695 210532.56861848224 2067.714111328125
2.033166395195712 211295.1365271545 2206.001953125
2.0331791804920067 211732.1853518502 2409.775390625
2.0331919638770355 214302.00421155055 2664.208984375
2.033204745349577 222358.38137791408 2849.843994140625
2.03321752490841 219021.78527825102 2714.500244140625
2.0332303025523086 212771.8759084783 2443.71826171875
2.0332430782800444 207472.49822711886 2245.3291015625
2.0332558520903876 206104.22904983204 2182.4658203125
2.0332686239821047 204645.6154012406 2198.9150390625
2.0332813939539616 202391.83977728206 2199.978515625
2.0332941620047174 201658.41112350553 2177.95947265625
2.033306928133133 205798.3426618417 2172.672607421875
2.0333196923379653 202679.66191919585 2124.539794921875
2.0333324546179683 202064.5618793871 2068.802001953125
2.033345214971893 200510.9513695457 2038.170166015625
2.0333579733984877 199992.16880156778 2050.85986328125
2.0333707298965007 200412.61428160206 2092.22998046875
2.0333834844646748 202740.1062114358 2137.507568359375
2.03339623710175 204510.68069576367 2150.621826171875
2.033408987806467 203519.66673702653 2094.2392578125
2.0334217365775613 202374.61405008263 2015.6357421875
2.0334344834137656 201895.58749031764 1972.733154296875
2.0334472283138116 200984.1373260688 1952.377685546875
2.0334599712764283 204194.52519276048 1938.9830322265625
2.0334727123003393 205186.0225330871 1933.599853515625
2.0334854513842706 202365.8273759038 1919.36767578125
2.0334981885269405 201200.0058250192 1948.8309326171875
2.0335109237270683 205018.33715025516 2016.042236328125
2.0335236569833692 206586.27590165194 2063.376708984375
2.033536388294557 205171.31874966153 2024.455078125
2.033549117659341 200751.14871590337 1946.3624267578125
2.033561845076429 198759.33403609926 1897.401123046875
2.0335745705445274 198134.13957904323 1887.016845703125
2.0335872940623374 199421.7077679333 1897.5233154296875
2.0336000156285596 200790.15167259533 1903.26318359375
2.033612735241892 198708.7610244266 1882.379638671875
2.033625452901029 198156.19117537275 1880.359375
2.033638168604663 199736.45093645144 1884.134521484375
2.0336508823514845 199923.4749379797 1881.2447509765625
2.0336635941401795 197947.57360182493 1876.2630615234375
2.033676303969434 201042.04392337584 1897.3662109375
2.0336890118379287 201978.7809502222 1906.3392333984375
2.0337017177443446 200984.86692836534 1901.6773681640625
2.033714421687357 201913.1141538141 1903.465576171875
2.0337271236656416 203211.4259454576 1920.767333984375
2.033739823677869 202865.36341979593 1946.277099609375
2.0337525217227097 204080.30810790957 1995.521484375
2.03376521779883 206117.1276456503 2064.7978515625
2.0337779119048935 206645.1756807012 2102.936767578125
2.0337906040395617 208929.70553643454 2091.232421875
2.033803294201494 207822.99262571044 2022.2789306640625
2.033815982389346 206557.26904562066 1982.1116943359375
2.033828668601773 207406.12461619658 1965.9920654296875
2.033841352837425 205415.63557857764 1949.907470703125
2.0338540350949503 203155.78272041533 1932.6728515625
2.0338667153729957 203407.0124404524 1934.35888671875
2.033879393670205 205048.55198932503 1941.8955078125
2.033892069985219 202541.11208168563 1957.126220703125
2.0339047443166742 200336.2926611533 2111.75732421875
2.033917416663209 201300.61426811502 2696.735107421875
2.0339300870234562 201622.15597116324 3190.80419921875
2.033942755396045 197142.5562184573 3644.255615234375
2.033951187420815 nan nan
2.0339554217796034 195760.81453901442 3756.781982421875
2.033967182131384 195925.04050107795 3560.5404031172225
2.0339831738760075 202199.13266698373 352.59163619188024
2.0339991626571132 203397.6906536943 1538.1145839683759
2.0340151484771263 201712.83926961367 1898.6360948792033
2.0340311313384696 206243.0454406392 810.4423288489493
2.034047111243564 205592.99150288114 607.8493768196679
2.034063088194827 203029.79329427492 621.2348999372877
2.0340790621946754 202524.1937118865 995.3206375499319
2.034095033245524 201141.83580579434 489.3718278953598
2.034111001349783 202212.17474959843 304.54735994656886
2.034126966509863 201343.28915871767 715.6643364856961
2.03414292872817 202489.9593327464 1238.0240353716517
2.034158888007111 201489.71296487685 208.55117406844448
2.0341748443490872 201141.16608551182 114.42877303185631
2.034190797756499 199079.67701756788 2205.7957256067093
2.034206748231745 198769.84467616302 1052.1706470939123
2.034222695777222 199475.54279416928 1244.1073461679562
2.0342386403953228 200554.19240568418 1147.97155851314
2.0342545820884386 200969.0602778381 1245.6845002466962
2.0342705208589598 203641.68626123513 972.5953191085254
2.0342864567092738 201789.26308653873 221.87194491562965
2.034302389641763 201922.7817158101 880.9657382301525
2.0343183196588126 202798.37350309108 745.8200380069629
2.034334246762802 201131.4987912762 1403.9896155303436
2.0343501709561087 201485.627407092 1025.6367603383665
2.0343660922411098 203469.63156146972 947.9904657127977
2.0343820106201775 202384.7234219474 714.8437642826792
2.034397926095684 199480.0097145408 2895.9428503495606
2.034413838669999 199540.68706908842 376.18201663688467
2.034429748345488 200071.15433930908 405.4254334967499
2.034445655124516 199092.4903747095 699.7355399733732
2.0344615590094466 198229.02747259368 896.7160567825168
2.0344774600026394 198114.3102033392 823.4396267748805
2.0344933581064515 197224.52138427985 2384.6656588326077
2.0345092533232396 198709.50747368264 3321.0074871641073
2.034525145655356 197884.25052128412 964.0576930180938
2.034541035105153 200478.72823123386 1773.9886336927516
2.0345569216749797 203495.4100277098 4161.830571253809
2.034572805367181 201164.74681603283 1315.427713150569
2.0345886861841045 200857.72171416625 621.2130463927248
2.0346045641280894 202026.60692572815 424.95845806524574
2.034620439201478 201080.8801287149 3224.3880333176267
2.0346363114066057 199019.10029291103 368.0302506228357
2.0346521807458107 198823.83311422623 1391.7354040203072
2.034668047221424 199207.52511578388 2561.393566378954
2.034683910835778 197957.2584024506 934.0146155563772
2.0346997715912014 195383.15588829128 189.6942737355837
2.0347156294900204 195702.74459348983 92.97109337574078
2.034731484534559 197267.07924090113 2592.4501138199694
2.0347473367271407 197138.31289231675 183.20154450052064
2.0347631860700828 196966.93565349164 1274.2903894661451
2.0347790325657056 197046.6893960845 84.50162290355509
2.0347948762163224 197216.8516086752 864.0558567432132
2.034810717024248 198263.4821534933 974.262262401996
2.0348265549917923 203832.6957242989 127.12831060372825
2.034842390121264 202590.5476601219 117.91722229027839
2.03485822241497 202815.21401279897 843.1800442505232
2.0348740518752133 204481.6869997282 362.7804181317776
2.034889878504297 203938.1856173512 2330.0877045539223
2.034905702304521 205624.85220730156 2526.115557445964
2.034921523278182 207115.61709572282 884.0805719360114
2.0349373414275744 208655.49247703218 697.7191565569321
2.0349531567549928 209776.5394340269 3644.7945710097347
2.0349689692627266 211086.19082630935 1640.4573231853517
2.0349847789530657 209286.04499568575 935.849605276754
2.0350005858282953 210285.81136063315 4986.76547738717
2.035016389890699 210092.27154635848 3506.645642649599
2.0350321911425597 209231.85684882957 6350.768594949998
2.0350479895861566 207543.15493064572 6157.182538980031
2.0350637852237665 206832.10187232489 8065.080882239648
2.035079578057665 208651.9947314771 11334.899420400103
2.0350953680901234 205098.7996191805 10431.053447664857
2.0351111553234147 199427.37506535844 8095.129623845209
2.0351269397598055 197993.02879150954 10120.058853599494
2.0351427214015616 197418.81050556895 9662.124578742003
2.0351585002509487 195048.95304644847 9476.22866816808
2.0351742763102267 191737.0570014199 11127.17066957012
2.035190049581655 188612.67402742308 11655.362619702708
2.035205820067492 188139.43459944165 11519.156695696265
2.035221587769991 189207.66296804653 11312.759286587265
2.0352373526914063 187095.1017159713 11641.146436243462
2.035253114833986 186383.96821532762 14190.32001797066
2.0352688741999807 187419.42077180647 13225.961410656026
2.035284630791635 187818.40595475884 13367.432701912301
2.035300384611192 189795.6630415815 8193.847771486122
2.035316135660895 190570.93187274042 9944.198862259858
2.035331883942981 192631.8443675814 12024.691359583567
2.0353476294596895 194351.60139889573 11720.670510582897
2.0353633722132525 194606.55504732108 8436.266793494024
2.035379112205904 192458.47996236564 12952.044447610075
2.0353948494398737 194090.71997344514 12973.967978376204
2.0354105839173897 196442.32430679302 12726.386998970818
2.0354263156406778 197740.89537433075 14041.101918796961
2.0354420446119614 198516.03485666492 14911.986869150684
2.0354577708334625 198090.283739975 13365.076951103718
2.0354734943073995 197183.2907023538 13380.78123603921
2.0354892150359887 198534.62317290905 10312.05827505808
2.0355049330214454 197835.40767043183 10834.886123154754
2.035520648265981 199036.63920383772 9984.800877951979
2.035536360771807 199843.43511343005 12851.641929297919
2.0355520705411294 198290.65197999869 12466.878761579557
2.0355677775761554 198309.22849376322 12176.999165609663
2.035583481879088 199001.4111305388 11572.569435018628
2.035599183452127 200323.3415481802 12042.409333314308
2.035614882297473 203087.34983603793 12323.005994427516
2.0356305784173214 202628.98718131825 15221.165365154155
2.0356462718138677 204257.77000154016 12087.162924183467
2.0356619624893026 200492.4230579447 12457.284111351593
2.0356776504458165 197562.1107136709 11275.83693333993
2.0356933356855977 197397.6704254009 11502.844085095256
2.0357090182108313 197694.40717392374 10119.620193763529
2.0357246980237007 196645.83824330894 10212.836460294326
2.0357403751263856 196361.28303273386 9862.824083565753
2.035756049521066 192866.03406198486 8987.580900786867
2.0357717212099176 192966.3322009634 10154.954492110242
2.0357873901951153 193226.98350745923 9265.161390110654
2.0358030564788305 191974.3127238277 10200.245491003907
2.035818720063233 193058.06188178764 10066.35943670842
2.035834380950491 192656.1457217321 11641.891283342196
2.035850039142769 189817.65045893667 10917.27358891314
2.0358656946422298 191632.74290366113 8458.57610380248
2.0358813474510344 192261.22969538232 10696.896073586955
2.0358969975713417 193218.20142443394 7870.10136931999
2.0359126450053076 193946.64882429419 9092.483060655266
2.0359282897550863 195775.1070661336 9564.646312743214
2.0359439318228296 196063.40397189732 11730.917008528433
