igrins/spectra/eg_uma_K_20190319_smoothed.ecsv
# %ECSV 0.9
# ---
# datatype:
# - {name: WAVELENGTH, unit: um, datatype: float64}
# - {name: FLUX, datatype: float64}
# - {name: ERROR, datatype: float64}
# schema: astropy-2.0
WAVELENGTH FLUX ERROR
[from data line 15102]
2.0745367587429184 184773.07005483314 1690.763956705729
2.074550494635041 184189.8208571797 1636.9482421875
2.074564228839749 183687.058965086 1611.5048421223958
2.074577961356914 183874.37933444552 1602.7575276692705
2.0745916921864067 184618.19538381664 1597.9728190104165
2.0746054213280942 185577.0797695901 1599.3893636067705
2.074619148781842 185020.531318964 1595.9594319661455
2.0746328745475138 185430.90807429078 1596.2003173828125
2.0746465986249745 186045.03672416596 1595.863077799479
2.0746603210140826 187550.39882016118 1599.783976236979
2.074674041714698 187676.97239643562 1600.6058756510415
2.0746877607266754 187375.41063527326 1602.215128580729
2.0747014780498727 187482.22189892415 1605.5053304036458
2.0747151936841424 188344.40837751623 1609.3082682291665
2.074728907629336 189464.00707451432 1612.0502115885415
2.074742619885302 190679.32354965236 1618.6835530598958
2.0747563304518892 190850.3309778897 1623.4085693359375
2.0747700393289437 191545.2851834904 1627.939046223958
2.0747837465163097 191778.18687852868 1632.750732421875
2.074797452013829 192573.16211076837 1640.6507975260415
2.0748111558213416 192919.21659592696 1646.8085123697915
2.074824857938688 193503.82001303782 1651.0443522135415
2.074838558365704 193933.05398311274 1653.5065104166665
2.0748522571022248 194065.60639419034 1659.4742431640625
2.0748659541480836 193559.4811274076 1664.9923909505208
2.0748796495031123 193658.32212795242 1684.82666015625
2.074893343167139 194631.65095199915 1727.172607421875
2.0749070351399928 195998.1963719508 1799.3870849609375
2.0749207254215 197377.05993799065 1892.0836995442708
2.0749344140114836 199391.520383008 1966.00390625
2.0749481009097663 200943.94694054415 1978.3015950520833
2.074961786116169 201062.01814216474 1938.658487955729
2.0749754696305103 199823.35517351478 1907.8404134114583
2.0749891514526064 199153.4325788227 1950.7989095052083
2.075002831582272 199086.80745694664 2116.7252604166665
2.0750165100193225 198706.22353428724 2478.5615234375
2.0750301867635668 203582.06134046792 3064.7809244791665
2.075043861814815 209925.7427642379 3466.871907552083
2.0750575351728764 214030.268144838 3410.618245442708
2.075071206837555 211758.40578321985 2960.0822753906245
2.0750848768086554 207277.3146108497 2537.0531412760415
2.07509854508598 205500.07431411976 2349.4072265625
2.075112211669329 205118.47495704857 2257.60498046875
2.0751258765585017 204094.96128699667 2153.7550862630205
2.0751395397532946 201483.61115512572 2006.9077962239583
2.075153201253502 198455.0528678724 1863.874796549479
2.0751668610589173 196356.9014197761 1767.3495279947915
2.075180519169333 195514.64139916422 1719.6283772786455
2.075194175584537 193951.87073175935 1690.5350341796875
2.0752078303043175 193034.67405312535 1673.7381998697915
2.075221483328461 192534.18033503377 1661.000732421875
2.0752351346567504 192812.32174602078 1654.7425130208333
2.0752487842889678 193369.83763390905 1655.796183268229
2.0752624322248954 193750.50714928698 1656.2243652343748
2.07527607846431 193340.791021554 1653.1446940104165
2.075289723006989 193309.71034451696 1650.4906005859375
2.0753033658527076 192760.54742124194 1652.6700846354165
2.0753170070012374 192700.06043776698 1650.1449381510415
2.0753306464523513 191982.1119434837 1643.9894205729165
2.0753442842058187 191273.31800570898 1636.8653971354165
2.075357920261406 190520.95931098636 1628.2144368489583
2.0753715546188807 190699.78569354533 1629.447265625
2.0753851872780036 191256.76081847207 1629.160685221354
2.0753988182385408 191630.5077687163 1634.3609619140625
2.0754124475002502 191691.97854912124 1634.0975748697915
2.0754260750628912 192596.83393439025 1638.220703125
2.07543970092622 194072.36818806632 1647.8983154296875
2.075453325089991 194484.90200563305 1655.852620442708
2.0754669475539584 194501.71939574694 1665.951944986979
2.075480568317873 194939.6114161635 1682.4171956380208
2.0754941873814836 196057.65266075722 1714.7333577473955
2.075507804744539 196255.09100309626 1768.8448486328125
2.075521420406783 195605.27616326493 1835.2782796223955
2.075535034367961 195370.2824541753 1886.3161621093748
2.0755486466278144 193595.78407562664 1866.9683837890625
2.075562257186084 191540.8942773427 1796.2171630859375
2.075575866042509 189598.59533261682 1715.962727864583
2.075589473196824 189209.5612102602 1671.6629231770833
2.075603078648765 189039.5580282855 1656.184855143229
2.075616682398065 188328.8084713017 1647.2091878255208
2.0756302844444545 188120.4060493166 1642.5176595052083
2.0756438847876635 187022.4461579968 1635.7928873697915
2.0756574834274195 185795.68452265722 1633.212646484375
2.0756710803634477 183912.35508873567 1633.565714518229
2.0756846755954728 183874.7593261641 1645.4088541666665
2.0756982691232153 183827.93572590285 1670.7572021484375
2.0757118609463974 184606.40566225897 1724.44189453125
2.0757254510647356 185576.6711719148 1807.5698242187498
2.0757390394779476 187408.99660295984 1898.0248209635415
2.075752626185748 189474.08565543446 1939.3218994140625
2.07576621118785 189863.74201398971 1901.372884114583
2.0757797944839638 189095.46384755266 1821.1535644531248
2.0757933760737988 188322.60728126648 1766.210693359375
2.0758069559570633 188736.84151248692 1773.1000162760415
2.075820534133462 189745.94721643862 1850.4432373046875
2.0758341106026994 188901.3668211067 2027.63037109375
2.0758476853644776 192054.152399852 2342.828653971354
2.075861258418496 195741.21462570629 2607.64599609375
2.0758748297644543 198622.9105574438 2600.539794921875
2.075888399402047 196009.8233503027 2323.481201171875
2.0759019673309695 191754.22306931135 1994.047119140625
2.0759155335509156 189456.03482967053 1808.7851155598958
2.0759290980615757 187489.46006403156 1721.4765218098958
2.075942660862639 187035.00624610134 1681.2112630208333
2.075956221953793 187175.58703112847 1660.1822102864583
2.0759697813347224 187567.16776130407 1651.7359212239583
2.075983339005113 186698.56694246642 1642.0775146484375
2.0759968949646446 186355.04616536846 1638.0907796223955
2.076010449212998 186235.99163423406 1630.659708658854
2.0760240017498526 186543.1791677439 1626.59228515625
2.0760375525748835 186540.08973567025 1623.5370279947915
2.0760511016877663 186945.790205913 1623.8370768229165
2.0760646490881727 187697.2164694037 1627.8005371093748
2.0760781947757745 188402.83330102547 1633.4359537760415
2.0760917387502396 189228.85768568554 1650.7345784505208
2.076105281011238 191037.74404099223 1685.0188802083333
2.076118821558433 192986.83562613244 1742.61083984375
2.0761323603914885 194474.25483624815 1814.5576985677083
2.0761458975100675 196316.32149702334 1865.178466796875
2.076159432913829 197748.66848035756 1858.5542805989583
2.0761729666024316 199756.23362354888 1805.1304524739583
2.076186498575531 200120.57110865903 1744.751993815104
2.0762000288327833 199342.0746310202 1699.274251302083
2.0762135573738405 198950.41579449503 1677.158976236979
2.0762270841983526 199722.05486546576 1664.460734049479
2.07624060930597 200706.0554889521 1665.4971923828125
2.0762541326963393 200552.4395785984 1664.8846842447915
2.0762676543691065 199531.78720467316 1663.8834635416665
2.076281174323915 198980.6955169398 1662.3639729817705
2.076294692560406 199337.61923082976 1662.9103190104165
2.0763082090782206 199264.80251434573 1668.1283365885415
2.0763217238769966 199136.8502837059 1680.5616455078125
2.0763352369563695 198062.71107207125 1703.8734130859375
2.0763487483159753 198977.8138308933 1757.6855468749998
2.0763622579554455 200144.08574398962 1833.705362955729
2.076375765874412 202672.14557180155 1912.3270670572915
2.076389272072502 202969.01027624198 1928.8467610677083
2.0764027765493447 202121.9635783379 1881.7174072265623
2.0764162793045653 200293.30960393883 1799.4335123697915
2.0764297803377865 199206.8890335205 1733.6732177734373
2.0764432796486307 198891.45481077803 1694.8088378906248
2.076456777236717 199464.45054529177 1677.3541666666665
2.0764702731016644 199526.84262327148 1671.451456705729
2.076483767243089 200140.89780111317 1672.2908528645833
2.076497259660605 199448.74825587758 1668.487589518229
2.076510750353826 199370.09381806967 1664.1322021484375
2.0765242393223615 199488.92105098884 1662.4933675130208
2.076537726565821 200482.832999847 1664.2321370442708
2.0765512120838117 199913.04959427303 1660.8227132161455
2.076564695875939 199148.08479067194 1657.1982421875
2.0765781779418067 198057.08162876856 1656.6632080078123
2.0765916582810164 198237.73495700245 1666.426066080729
2.0766051368931673 197691.70172156673 1680.085286458333
2.0766186137778586 197862.5716053333 1702.3932291666665
2.0766320889346863 197192.1289351452 1728.0714111328125
2.0766455623632436 196824.2753459368 1781.085001627604
2.076659034063124 195116.4124088309 1883.9375
2.0766725040339193 194365.87472109083 2078.8795166015625
2.076685972275217 197298.38231199986 2321.6361083984375
2.076699438786605 201026.58323906283 2443.81689453125
2.076712903567667 201609.49233420097 2351.681396484375
2.0767263666179887 197190.05261507444 2133.091349283854
2.0767398279371507 193172.76112324398 1975.2055257161455
2.0767532875247325 192601.16526415624 1936.6715901692705
2.076766745380313 193144.11824603015 1921.953369140625
2.076780201503468 191967.03290538734 1865.5805257161458
2.0767936558937716 190680.30376525267 1784.8627929687498
2.0768071085507964 189698.45288952946 1713.2877197265625
2.076820559474114 189429.06605733925 1676.914591471354
2.0768340086632917 188583.5709071639 1655.2140706380208
2.0768474561178976 187775.7577741762 1642.2504069010415
2.0768609018374966 186949.84468519143 1631.1727701822915
2.076874345821653 187376.4681631211 1626.8790690104165
2.0768877880699277 188173.30299633052 1626.6410319010415
2.0769012285818804 188722.08900410443 1625.0506998697915
2.0769146673570686 188181.73011379386 1621.692464192708
2.0769281043950496 187188.051741802 1616.7884521484375
2.076941539695377 187554.4892299842 1620.4293619791665
2.0769549732576036 186996.6769364755 1623.2111002604165
2.0769684050812796 186605.09316562547 1635.7489420572915
2.0769818351659537 185267.11958873703 1657.5370279947915
2.0769952635111735 185098.73447876936 1702.647013346354
2.077008690116485 185222.15410672594 1768.4122314453125
2.07702211498143 186217.32288934253 1820.8428955078123
2.0770355381055503 186485.10148394195 1822.6544596354165
2.077048959488386 186026.94065201588 1771.089884440104
2.077062379129476 184484.9033399384 1707.2366943359375
2.077075797028354 183671.7673429792 1668.526407877604
2.0770892131845566 182961.21648747183 1649.6394042968748
2.0771026275976157 182797.99489809002 1645.3170572916665
2.0771160402670605 183089.99384302017 1643.7722167968748
2.0771294511924205 183804.60383929947 1643.0590413411455
2.077142860373224 184411.32991472195 1635.760050455729
2.077156267808995 183910.77218621137 1624.0762939453125
2.077169673499257 183031.91469552624 1615.6590576171875
2.07718307744353 182546.50335728424 1607.0736897786458
2.0771964796413367 182418.8457509806 1597.6466471354165
2.0772098800921928 182983.3882035003 1592.3039143880208
2.0772232787956146 183695.39916526567 1593.447062174479
2.077236675751117 185137.3332540685 1600.711751302083
2.0772500709582116 186594.63936951055 1607.4573567708333
2.0772634644164096 187583.5338530087 1611.1051432291665
2.07727685612522 187356.18799686304 1610.9281412760415
2.0772902460841474 186840.17823093134 1611.3558756510415
2.0773036342927007 186312.33801833953 1618.3310139973958
2.0773170207503804 186357.9516811092 1627.7672932942705
2.0773304054566886 186717.54476213394 1639.611328125
2.077343788411125 186935.07357665797 1651.322550455729
2.0773571696131867 187910.577743755 1683.601114908854
2.0773705490623713 188360.59563355765 1732.9993896484373
2.0773839267581717 189908.1337964623 1794.0252278645833
2.0773973027000805 191390.32624702912 1815.5450846354165
2.077410676887588 191777.68059136 1790.9948323567708
2.077424049320184 191683.54344329663 1739.8419596354165
2.077437419997354 191260.38087791594 1702.931233723958
2.0774507889185836 192250.18313826865 1689.584716796875
2.077464156083356 192705.8097618714 1689.6424153645833
2.077477521491153 192942.42474251956 1704.2345784505205
2.0774908851414526 193419.99983736925 1745.3104248046873
2.077504247033734 194719.51026434597 1834.5636800130208
2.077517607167473 196017.4563102275 1975.3782958984373
2.077530965542144 198665.22240319394 2117.652180989583
2.077544322157218 200344.66132097767 2153.66357421875
2.0775576770121664 200579.8361586819 2063.778889973958
2.077571030106458 199589.24935608625 1920.1135253906248
2.0775843814395594 198044.50768616225 1814.1962076822915
2.0775977310109344 197740.73608545703 1768.1518147786458
2.077611078820048 197087.27845182424 1752.5362955729165
2.0776244248663605 196831.835261684 1763.7812093098958
2.0776377691493315 197192.70257354176 1801.5067545572915
2.0776511116684193 197470.4470666156 1866.0594482421875
2.077664452423079 199521.3172177807 1952.8173014322915
2.077677791412765 201186.409452089 2033.8462727864583
2.0776911286369293 201767.14510615804 2095.799072265625
2.077704464095022 200659.64429122303 2158.072998046875
2.0777177977864936 201432.42473109794 2249.4853515625
2.0777311297107888 203899.00613565466 2325.376546223958
2.0777444598673527 205624.7260969797 2314.8203125
2.077757788255629 204527.2851742377 2196.540812174479
2.0777711148750586 201862.12291517237 2041.425089518229
2.0777844397250815 199280.4971892445 1911.439208984375
2.077797762805135 198045.9744583965 1829.32275390625
2.077811084114654 197298.13330272242 1773.2238362630208
2.077824403653075 196849.1105980199 1734.6805013020833
2.0778377214198276 196172.1873282392 1707.7326253255208
2.0778510374143435 195420.89176420757 1691.5093587239583
2.077864351636051 195569.64191274706 1686.760782877604
2.0778776640843764 195542.36695264265 1686.070882161458
2.077890974758745 195987.8302877332 1688.5182698567708
2.0779042836585795 196042.03492251827 1688.544921875
2.077917590783301 195781.5290617679 1683.013712565104
2.07793089613233 194306.08505329286 1670.8363444010415
2.0779441997050823 193381.27975911065 1664.3187662760415
2.0779575015009755 192197.15509405578 1658.911376953125
2.077970801519423 191953.3182904386 1660.415812174479
2.077984099759836 191078.6541065276 1669.709554036458
2.077997396221625 191664.39579453095 1705.112833658854
2.078010690904199 192392.05667401841 1752.4602050781248
2.0780239838069656 193235.7552738496 1792.0958251953125
2.0780372749293274 193574.97673178956 1797.248331705729
2.0780505642706895 192497.74529365468 1766.796427408854
2.078063851830451 190626.04883378593 1716.8953450520833
2.0780771376080134 188634.27594339283 1676.857991536458
2.0780904216027727 188591.18534233895 1659.8392740885415
2.0781037038141252 189205.38197441582 1651.776896158854
2.0781169842414644 188651.27187643579 1639.2979329427083
2.0781302628841836 188574.32267645342 1629.8720703124998
2.078143539741671 188248.20424956246 1626.1336669921873
2.078156814813317 187874.82830494328 1627.114339192708
2.0781700880985063 186113.54084133467 1622.8585205078125
2.078183359596626 185239.46266819572 1619.696818033854
2.078196629307057 185027.82758534138 1620.7912190755208
2.078209897229181 185417.80717263164 1624.9345703125
2.0782231633623773 185789.77902334728 1636.392333984375
2.078236427706024 186843.8620108548 1647.1395263671873
2.0782496902594967 186938.94179279602 1661.3129475911458
2.0782629510221677 185910.62304131323 1671.2762044270833
2.07827620999341 186277.09844087862 1697.9795735677083
2.078289467172595 187591.91233503784 1745.446044921875
2.0783027225590893 188747.27436797688 1815.1244710286458
2.0783159761522603 189077.92765534663 1891.0800374348958
2.078329227951472 189688.31132756404 1941.240030924479
2.078342477956088 190051.72194095518 1956.9689127604165
2.07835572616547 189765.73459494262 1956.1248372395833
2.078368972578976 189075.81962487797 1978.41845703125
2.078382217195964 191126.07061706646 2017.992268880208
2.078395460015789 191758.59443430585 2000.9898681640625
