igrins/spectra/eg_uma_H_20190319.ecsv
# %ECSV 0.9
# ---
# datatype:
# - name: WAVELENGTH
#   unit: um
#   datatype: float64
# - name: FLUX
#   datatype: float64
# - name: ERROR
#   datatype: float64
# schema: astropy-2.0
WAVELENGTH FLUX ERROR
[from data line 3100]
1.4618177420763627 454258.8431683454 12393.541015625
1.4618276343781313 438656.5650103612 10215.125
1.4618375254870308 410684.90274314716 8937.4345703125
1.4618474154035712 399477.18580262986 8503.1396484375
1.461857304128264 407640.51266235946 8196.8994140625
1.461867191661621 397417.14793387783 7906.794921875
1.461877078004152 389587.4991776005 7742.677734375
1.4618869631563685 379576.7503586225 7592.4765625
1.4618968471187803 386921.70790448645 7612.52099609375
1.4619067298918988 388947.2870903551 7613.546875
1.4619166114762332 399681.7464775995 7740.32958984375
1.461926491872295 391102.74740441405 7693.88916015625
1.4619363710805942 384293.6016940007 7634.248046875
1.46194624910164 384150.5954122592 7574.88916015625
1.4619561259359428 395769.55042034725 7516.3623046875
1.4619660015840121 386665.1454957946 7368.09423828125
1.461975876046358 377700.5242452192 7415.32861328125
1.4619857493234893 384891.40199832304 7389.98779296875
1.4619956214159164 384045.013953581 7511.8505859375
1.4620054923241477 386907.9545475151 7651.07421875
1.462015362048693 386929.5486791138 7857.703125
1.4620252305900605 367416.4407756352 8197.544921875
1.4620350979487602 356579.65905901045 8919.82421875
1.4620449641253002 374250.5163298063 10391.9814453125
1.4620548291201891 388256.0643074679 12014.4287109375
1.462064692933936 418340.5594900276 12083.2529296875
1.462074555567049 426921.28179065936 10713.5986328125
1.4620844170200358 415510.4977251643 9279.1357421875
1.4620942772934062 389982.3476739384 8304.5712890625
1.4621041363876663 382810.7441637415 7737.56787109375
1.4621139943033252 396141.51114283525 7471.5009765625
1.4621238510408907 378313.5092479228 7244.14501953125
1.4621337066008702 377267.7297464829 7178.345703125
1.4621435609837712 386718.5961120038 7254.18212890625
1.4621534141901018 390394.59810323454 7314.40185546875
1.4621632662203683 387109.63322555006 7278.86279296875
1.4621731170750787 397969.8571919472 7267.82958984375
1.4621829667547397 396038.1916698103 7277.53466796875
1.4621928152598587 392662.5370882694 7297.83935546875
1.462202662590942 405017.2199698043 7345.6630859375
1.4622125087484963 398972.487860608 7327.1708984375
1.4622223537330292 395468.530948013 7287.68017578125
1.4622321975450456 400264.12270737096 7290.36669921875
1.462242040185053 406787.43067902495 7253.31884765625
1.4622518816535577 408116.35770156904 7197.8505859375
1.4622617219510645 401951.7355213132 7170.61962890625
1.4622715610780814 402127.4017556264 7107.58935546875
1.4622813990351127 403720.33651154285 7013.23095703125
1.4622912358226643 405865.1537058849 7107.07177734375
1.4623010714412428 401753.2901626854 7109.60546875
1.4623109058913528 407450.12199373136 7097.84228515625
1.4623207391734998 404966.65706424124 7029.61181640625
1.4623305712881896 405096.4921711584 7016.29150390625
1.4623404022359259 413601.91933060816 7115.87158203125
1.462350232017216 411595.5487849909 7070.76611328125
1.4623600606325626 401019.0948915205 6967.23974609375
1.4623698880824723 390458.1804672781 6881.1767578125
1.4623797143674482 394582.9973622843 6906.33203125
1.4623895394879953 398670.1399240372 6972.03955078125
1.4623993634446186 391804.1929037584 6951.80029296875
1.462409186237822 401600.69158889784 7050.79443359375
1.462419007868109 394906.29392073 7023.92041015625
1.462428828335985 391854.6972275362 6983.02685546875
1.4624386476419529 394789.4201444814 7094.75634765625
1.4624484657865169 392218.92973968916 7170.240234375
1.4624582827701804 382233.6918165858 7285.921875
1.462468098593447 369340.7681917453 7513.58251953125
1.4624779132568202 361650.60830518906 8000.74658203125
1.4624877267608032 385937.2363524935 8654.90625
1.4624975391058999 408675.18194864935 8827.08203125
1.4625073502926123 413929.58611167164 8581.8759765625
1.462517160321444 393085.924112345 7938.77197265625
1.4625269691928975 385260.4679566665 7607.61962890625
1.4625367769074755 389538.6427212105 7506.40576171875
1.4625465834656812 386352.1089600246 7532.0439453125
1.4625563888680164 384993.3265192641 7750.57080078125
1.4625661931149831 379584.7691045284 8198.8857421875
1.4625759962070846 379086.832376783 8976.2158203125
1.4625857981448223 371482.0427247538 10441.1904296875
1.4625955989286978 388563.73972366704 12949.4072265625
1.4626053985592136 424292.9126451166 15085.587890625
1.4626151970368717 449381.2965130129 14191.8466796875
1.4626249943621727 450601.1769549634 11780.7138671875
1.4626347905356187 439542.9132042163 10518.73828125
1.4626445855577113 427151.673049677 10338.427734375
1.4626543794289508 420279.6987192161 10003.1708984375
1.4626641721498392 436677.67669918144 9827.58984375
1.4626739637208777 436407.43794859614 9417.91015625
1.4626837541425655 436104.08452743315 8771.109375
1.4626935434154058 419590.3002540595 8109.484375
1.4627033315398972 411428.0991509034 7709.16162109375
1.462713118516541 412244.4286312956 7531.4267578125
1.4627229043458376 403560.6276687348 7430.14306640625
1.462732689028287 401718.4109287952 7294.7958984375
1.4627424725643898 399392.14383069787 7249.201171875
1.4627522549546457 403424.76862204104 7238.23681640625
1.4627620361995544 402424.8671116269 7292.509765625
1.4627718162996164 409756.3389764769 7278.8720703125
1.4627815952553302 407121.5400130213 7238.52783203125
1.4627913730671966 400125.0688048378 7282.81005859375
1.4628011497357138 401022.92237078905 7393.4853515625
1.4628109252613817 407482.63761631865 7438.763671875
1.4628206996447004 403604.73011570395 7601.845703125
1.4628304728861667 399372.0448358354 7680.94091796875
1.4628402449862814 396247.8963661272 7727.64208984375
1.4628500159455426 389830.64833291824 7801.29541015625
1.462859785764449 389703.89688092034 8017.630859375
1.4628695544434995 391319.3601340896 8364.931640625
1.4628793219831917 386351.46238328086 8932.0927734375
1.4628890883840249 387501.34513156256 9764.5390625
1.4628988536464966 381215.719248182 11179.41796875
1.462908617771105 352033.69802518317 14049.57421875
1.4629183807583488 384594.2629561322 20415.4921875
1.4629281426087242 337914.48651885695 34590.78125
1.4629379033227305 428559.43729992124 52188.296875
1.4629476629008644 574245.9792446598 45566.02734375
1.4629574213436236 553345.8909770999 28068.080078125
1.462967178651506 498603.2038025123 18770.69140625
1.4629769348250077 448440.68832113413 14411.140625
1.4629866898646264 409477.6576560796 12231.6494140625
1.462996443770859 404497.46385726053 11214.4755859375
1.4630061965442027 391770.56790026906 10951.1669921875
1.4630159481851532 381080.5998617454 11470.7421875
1.4630256986942083 369314.2599225215 12579.0537109375
1.4630354480718641 366255.6638947513 15994.5810546875
1.4630451963186162 353476.4204201721 22892.828125
1.4630549434349618 389358.5527683146 36722.49609375
1.4630646894213966 485811.7372018715 47807.75390625
1.463074434278417 497204.050793451 36019.5703125
1.4630841780065182 497889.197785766 24675.990234375
1.4630939206061961 445427.86572084745 19360.7578125
1.4631036620779467 406538.27113978256 17598.298828125
1.4631134024222654 424817.82615004515 17888.173828125
1.4631231416396475 409916.6231470228 19910.0859375
1.4631328797305878 399099.49548229645 22789.548828125
1.4631426166955828 405204.46060542454 28235.125
1.463152352535126 378203.5277917086 39014.3984375
1.4631620872497129 401127.6966604946 56898.5078125
1.4631718208398385 358816.48913867056 97289.78125
1.4631815533059973 334051.1459051137 202744.84375
1.4631912846486836 621853.4046367329 431121.34375
1.463201014868392 309311.78840847145 536364.125
1.4632107439656168 1068257.0310122862 703212.6875
1.4632204719408515 45813.19189531275 724995.9375
1.4632301987945915 627506.0636112136 412880.875
1.4632399245273298 120348.34944715824 377834.78125
1.4632496491395608 60131.93591303836 425603.625
1.4632593726317775 766649.2518929857 419673.53125
1.4632690950044736 288842.4606782966 373928.4375
1.4632788162581425 120793.15987195888 448576.6875
1.463288536393278 1205624.1843148326 385669.78125
1.4632982554103726 999216.4761675072 220541.375
1.4633079733099197 706445.6316897818 114717.125
1.4633176900924125 545613.5643644668 63061.37109375
1.4633274057583434 484909.232608318 41052.4765625
1.4633371203082055 504965.67472538794 29396.001953125
1.4633468337424913 465378.3892054947 22071.96484375
1.4633565460616929 447081.94831831136 18194.228515625
1.463366257266303 421539.0474895967 16056.8408203125
1.4633759673568136 413661.3252188387 14155.009765625
1.463385676333717 407134.8714522697 13057.0029296875
1.4633953841975045 407851.98012117884 12611.6455078125
1.463405090948669 384578.60481747723 12676.861328125
1.4634147965877016 357776.44645495596 13795.06640625
1.4634245011150941 372769.6906505777 15979.2421875
1.4634342045313378 390304.45469300094 17704.87890625
1.463443906836924 375196.88559114415 19737.81640625
1.463453608032345 369394.30795497564 22330.359375
1.4634578462941463 nan nan
1.4634633081180901 469977.27260973665 24715.978515625
1.4634691843822074 487280.46254521416 36437.53555308583
1.4634805207315338 468527.1636814654 1626.5753886073087
1.463491855342752 436083.08042830357 16555.12848080072
1.4635031882164873 403097.74614840763 7759.302146298348
1.4635145193533645 399171.7932462211 10915.846415194535
1.4635258487540093 395165.63901385234 2290.6014876694453
1.4635371764190463 396271.51268432394 8794.896647974925
1.4635485023491006 393871.1345284387 2671.566000773377
1.4635598265447973 401999.9314882106 2548.0129039496564
1.4635711490067616 408097.99772285984 1164.139676588181
1.463582469735617 396821.794649327 8447.644997347403
1.463593788731989 400781.7339660455 10212.062763561376
1.4636051059965016 394707.02748475544 13014.363682580863
1.4636164215297796 392001.0815621402 5263.244618045675
1.463627735332447 392732.39090958046 3849.8828157592525
1.4636390474051275 394490.81481050496 1827.5752661369904
1.4636503577484454 391287.8128412144 3896.847033067813
1.4636616663630255 392677.75064365775 3324.2339898482996
1.4636729732494906 392330.0972995527 9728.325541282169
1.463684278408465 392166.4912670934 7623.642209894414
1.463695581840572 400130.48039469915 5073.9463447022545
1.4637068835464353 403067.2709385583 2108.78615269841
1.4637181835266784 401458.86191500694 1867.7382937557863
1.4637294817819242 399872.35408514284 9494.113911172291
1.4637407783127965 391158.58921151306 4270.380849948008
1.4637520731199176 392964.4885640515 4893.456717636992
1.4637633662039118 393219.3152942066 3755.686664085401
1.4637746575654011 396718.73961288965 5545.14182688386
1.463785947205008 391214.35640948947 3330.8583937493004
1.4637972351233564 394400.4972253378 4225.934906493153
1.4638085213210679 388692.5512034238 3819.3143923120533
1.4638198057987653 384473.2902754785 1517.4128225375537
1.4638310885570707 396923.8017949546 5539.488015776366
1.4638423695966072 388788.1615833869 2534.835255133615
1.4638536489179956 380308.14377423417 254.21712907182078
1.4638649265218595 379407.0620475081 4200.348290018723
1.46387620240882 386779.77072397963 5659.684082930678
1.4638874765794991 382813.7026942057 9865.301928088753
1.4638987490345194 388485.60039561684 1154.165238506423
1.463910019774501 382803.633099554 6443.7534047056815
1.4639212888000668 369482.0771937263 12744.596290786783
1.4639325561118375 364616.49254799035 5279.740371414164
1.4639438217104344 350814.7656462991 57193.83326830221
1.4639550855964796 347219.23399246274 72596.2235437202
1.463966347770593 375558.0812093356 14458.51630897313
1.4639776082333966 472414.05285514484 45317.68246616313
1.4639888669855117 526815.7658001358 7012.441933615961
1.4640001240275582 481398.0683200613 450.0895514578418
1.4640113793601572 445715.9821563719 2068.663221896671
1.4640226329839292 423396.0400143945 4865.225963435255
1.4640338848994947 404025.65691505355 9660.155124144823
1.4640451351074748 392053.4573048135 2141.765463341247
1.4640563836084888 389891.24499666813 15102.98433145836
1.4640676304031581 389997.11115588463 945.1495741342482
1.4640788754921015 389384.65027362737 6794.303708460466
1.4640901188759397 384041.1241836748 8573.006774369382
1.464101360555293 383669.7356644735 3677.9933121087556
1.4641126005307803 391389.2521149671 1621.086605341157
1.464123838803022 393076.3770223945 2142.4982555801566
1.4641350753726374 390863.3901940968 3014.8750935767926
1.4641463102402457 396032.94588977733 5445.723153780616
1.4641575434064675 396230.81553920533 3552.0966567906735
1.4641687748719205 395347.11766167026 1754.6206964560838
1.4641800046372249 397950.30915967707 3650.601758286565
1.4641912327029996 394537.43329724955 4360.886334392082
1.464202459069863 393911.7127814508 365.01045115823456
1.4642136837384354 399972.33618799463 5211.265398202459
1.464224906709334 400995.56844629114 2530.194106219317
1.4642361279831784 394049.76731430757 2029.6589508471582
1.4642473475605866 393261.210555061 8286.908956435123
1.4642585654421774 392870.53264780657 3554.8580392167623
1.464269781628569 396865.707072526 2412.4731650139665
1.46428099612038 391520.659636038 1833.484535273693
1.464292208918228 398013.60204532417 3128.9563870844245
1.4643034200227316 391270.5597243856 4678.984017119976
1.4643146294345089 385857.8845452277 9700.066917910208
1.4643258371541765 386278.69905708305 2876.792178027932
1.4643370431823535 385746.0667217505 138.1598732231574
1.4643482475196568 386182.8315655394 9785.443267847599
1.4643594501667043 381801.7865884026 8526.078737015805
1.464370651124113 380387.9565899979 3353.5731700198644
1.4643818503925006 382599.55887237086 548.7348782220599
1.4643930479724843 382055.8005008624 8443.391223652023
1.4644042438646812 378519.94092835515 22771.75466684541
1.4644154380697079 379194.1328835403 25372.49049218935
1.4644266305881821 379915.06687308394 4437.361671248114
1.4644378214207199 379501.5251378029 2490.5750519530493
1.464449010567938 380698.43805473275 1410.7208499550475
1.464460198030453 375927.32847826893 3075.626296527055
1.4644713838088828 369941.9942293335 1860.7413221742327
1.4644825679038418 371916.2099282388 1289.2696299326078
1.4644937503159474 360344.85607371957 7726.274672641418
1.4645049310458154 366925.4879751291 2483.9937072929565
1.4645161100940618 366545.7151465637 4802.859029925638
1.4645272874613031 360546.36457709956 487.80911273621416
1.4645384631481546 360857.4176912157 8352.674165282044
1.4645496371552333 365510.30801643763 2449.9754724735217
1.4645608094831524 365619.63877411577 702.0994073204594
1.4645719801325296 363325.00795829634 44466.9833358877
1.4645831491039805 362243.11182548275 25855.75365813307
1.4645943163981183 364858.133300217 19319.89965537053
1.464605482015561 373981.23195378005 4272.364638143083
1.4646166459569214 379674.7918158855 8525.895645349858
1.4646278082228155 381850.7355154825 5310.128246779365
1.4646389688138588 377794.1784400495 1337.6029730661428
1.4646501277306652 378488.5664489982 3451.4219608182448
1.46466128497385 378276.7218247486 6161.29269709865
1.4646724405440283 384826.0966929856 1143.498382062166
1.4646835944418128 391168.6775161936 11990.657059522648
1.4646947466678206 386704.19784660504 5431.785251441445
1.464705897222663 386175.6621402608 13116.255122868928
1.4647170461069572 390936.01483967085 2241.497133159132
1.4647281933213148 388590.78209029796 3848.0561208042304
1.4647393388663517 390649.389454581 645.7032949347836
1.4647504827426803 393235.01950078295 7316.896546646623
1.4647616249509159 392911.342236689 8061.877362162803
1.464772765491671 388091.2023720689 5508.547516760182
1.46478390436556 391782.0151037358 5548.945708476762
1.4647950415731958 393628.52264171076 2973.6620485399326
1.464806177115192 389788.8666565962 1288.7958785741912
1.4648173109921618 390436.23300750356 1.0056227765380006
1.4648284432047187 380667.33331642544 1053.1597167058972
1.4648395737534756 382780.7680685218 15809.234673063296
1.4648507026390452 386916.8630044116 2320.474118356345
1.464861829862041 390710.2288706735 6960.347747114047
1.464872955423075 385866.57550970046 788.028034736239
1.4648840793227607 386347.4769345438 11299.198661605853
