igrins/spectra/eg_uma_K_20190319.ecsv
# %ECSV 0.9
# ---
# datatype:
# - {name: WAVELENGTH, unit: um, datatype: float64}
# - {name: FLUX, datatype: float64}
# - {name: ERROR, datatype: float64}
# schema: astropy-2.0
WAVELENGTH FLUX ERROR
[from data line 35735]
2.388658457763976 110707.46596964297 2371.361083984375
2.3886761752967023 110262.51740709179 2382.318115234375
2.3886938911471285 110764.22437637109 2342.415283203125
2.3887116053140485 107898.43777321072 2310.751953125
2.388729317796261 106763.10568015442 2332.89794921875
2.388747028592564 107894.96064716122 2340.745361328125
2.3887647377017585 110707.37880913225 2334.203125
2.3887824451226445 110604.30943119545 2354.62890625
2.3888001508540286 113214.62742690534 2390.717041015625
2.3888178548947128 111384.43890458105 2397.60546875
2.388835557243506 114291.50516692094 2423.829345703125
2.3888532578992168 116912.89780089002 2431.1865234375
2.388870956860654 117925.41592526247 2405.004150390625
2.3888886541266308 116095.58777299886 2373.26904296875
2.38890634969596 116593.274703412 2351.600830078125
2.3889240435674552 118263.24092972177 2337.89111328125
2.3889417357399356 119203.67675175716 2320.066162109375
2.388959426212218 116991.44719912797 2321.909912109375
2.388977114983123 118397.70686446448 2330.581787109375
2.3889948020514717 119461.01925878794 2313.78125
2.3890124874160863 118339.57894177514 2307.15966796875
2.389030171075794 121569.57631144166 2329.809814453125
2.389047853029419 122096.67885212637 2336.330078125
2.3890655332757906 123733.79957926138 2355.69189453125
2.389083211813739 124467.50586710224 2338.390380859375
2.3891008886420924 122280.98813156756 2325.315185546875
2.389118563759688 121233.80478907269 2306.25830078125
2.3891362371653577 122564.30514705031 2308.1455078125
2.389153908857939 121719.82899883228 2314.588623046875
2.3891715788362693 120929.81819705619 2297.083251953125
2.389189247099188 119142.68654300258 2312.533447265625
2.389206913645536 120463.5979284296 2303.177490234375
2.389224578474156 120028.156739104 2318.075927734375
2.3892422415838936 120972.9246517086 2338.25537109375
2.389259902973594 118898.8257083973 2331.982421875
2.389277562642104 119432.0557236539 2335.9814453125
2.389295220588274 117154.94046200711 2336.875244140625
2.3893128768109553 115627.52470687796 2357.559814453125
2.389330531308999 120611.07433998538 2410.69580078125
2.3893481840812605 118434.35243685936 2376.18798828125
2.389365835126595 120628.72735627298 2360.55517578125
2.3893834844438606 121823.7217207016 2371.703857421875
2.389401132031915 123248.2830412024 2366.833740234375
2.3894187778896208 122477.27023286631 2347.4169921875
2.389436422015839 125404.52256441132 2318.030029296875
2.3894540644094335 127310.1048424301 2311.28515625
2.3894717050692704 123712.48608684898 2289.58447265625
2.3894893439942173 125501.46709657599 2291.73388671875
2.3895069811831426 128464.36909773975 2314.106689453125
2.3895246166349167 128289.83422096746 2295.805908203125
2.389542250348412 129982.97232468202 2311.24755859375
2.3895598823225015 128978.09281802195 2304.57666015625
2.389577512556062 127018.8592059309 2289.211181640625
2.389595141047969 129044.83688224414 2292.937255859375
2.3896127677971024 130052.40084534779 2295.659912109375
2.3896303928023417 126007.90273654349 2271.592041015625
2.3896480160625693 122718.99722479837 2286.9052734375
2.3896656375766687 123319.05286445966 2345.405517578125
2.3896832573435245 121785.26611638353 2399.046630859375
2.3897008753620232 120062.40956606949 2423.457275390625
2.389718491631056 117365.66997431843 2469.104736328125
2.3897361061495097 114512.74559120696 2529.892333984375
2.3897537189162774 117969.65921474551 2648.0791015625
2.389771329930252 120881.11284731788 2763.505615234375
2.3897889391903293 117395.75407182083 2761.31689453125
2.389806546695406 109106.34794950456 2653.55615234375
2.389824152444378 104350.0547283767 2613.65869140625
2.389841756436148 106082.28492132438 2663.73681640625
2.3898593586696157 109754.28646584255 2722.146484375
2.389876959143686 106613.7877734819 2553.63720703125
2.3898945578572617 104286.61304437953 2371.273193359375
2.3899121548092506 104675.29592740015 2283.8662109375
2.3899297499985597 103181.85962981479 2218.35888671875
2.3899473434240988 101161.57512847116 2168.061767578125
2.38996493508478 103847.85406060178 2159.637451171875
2.3899825249795166 103802.87175355881 2173.62158203125
2.390000113107221 104747.10950096579 2161.6123046875
2.3900176994668114 105477.83971025285 2151.12890625
2.390035284057204 105072.06535937918 2173.20654296875
2.3900528668773204 108659.34063394617 2237.09326171875
2.3900704479260795 111021.16534995871 2286.85791015625
2.390088027202405 111034.22659632843 2365.5087890625
2.390105604705222 112245.31611860309 2479.68896484375
2.390123180433455 112740.07352210839 2615.642578125
2.390140754386032 115979.10281515498 2746.503662109375
2.390158326561883 120764.61006498538 2901.2548828125
2.390175896959938 128216.29464457683 2990.900634765625
2.3901934655791295 136553.30205853426 2907.239013671875
2.390211032418393 137427.30660266484 2666.93017578125
2.390228597476662 135103.16183381237 2460.76318359375
2.3902461607528758 133440.11523793027 2344.11962890625
2.3902637222459733 132636.4069872029 2287.402587890625
2.3902812819548935 132858.10210381943 2283.185546875
2.3902988398785805 132009.68962637513 2270.8994140625
2.3903163960159772 129451.22281798907 2243.678466796875
2.3903339503660295 131400.8634410642 2269.86328125
2.3903515029276847 131563.2147987883 2259.58349609375
2.3903690536998914 131748.9449389784 2252.631591796875
2.3903866026816005 129758.60391444323 2235.34375
2.390404149871763 128999.21234781867 2224.637939453125
2.3904216952693336 128320.56145739426 2213.916015625
2.3904392388732667 127547.70189785045 2212.570556640625
2.390456780682521 127362.76562243114 2212.787109375
2.390474320696054 126111.74370149721 2224.31494140625
2.3904918589128257 126038.80373872786 2191.359619140625
2.3905093953317973 126170.77208681812 2187.100341796875
2.3905269299519345 126847.9095563629 2195.3291015625
2.3905444627722 125438.17542388129 2192.09716796875
2.3905619937915623 126216.60175435079 2184.443603515625
2.390579523008989 126090.09644454668 2185.256591796875
2.3905970504234504 122944.3169409729 2162.16943359375
2.390614576033918 119522.31371211541 2145.443359375
2.3906320998393658 119988.25927188608 2141.77001953125
2.3906496218387674 120873.62092103786 2140.549560546875
2.3906671420311003 120105.77233937038 2164.626708984375
2.390684660415342 119728.06176166843 2155.521240234375
2.390702176990474 120978.54642505408 2150.615966796875
2.3907196917554745 118663.16641935796 2159.8525390625
2.3907372047093305 117237.28060613634 2157.858642578125
2.390754715851024 116442.02597346774 2147.06787109375
2.390772225179542 117592.66858489583 2171.86376953125
2.3907897326938725 118923.18710597328 2213.02783203125
2.3908072383930046 116744.38281558252 2255.75146484375
2.3908247422759317 113081.82401756394 2298.41845703125
2.3908422443416435 115554.7766766391 2361.514404296875
2.3908597445891373 116909.10618971946 2410.501953125
2.3908772430174077 119278.4698304234 2473.904052734375
2.3908947396254527 121341.54801668903 2528.495849609375
2.3909122344122715 121426.35380335251 2531.69775390625
2.3909297273768653 120499.75925667533 2513.04931640625
2.3909472185182374 117445.91585293197 2489.017333984375
2.390964707835391 117694.71176804796 2507.80322265625
2.390982195327333 121415.42567210754 2579.0361328125
2.390999680993071 121707.48002951567 2663.0283203125
2.3910171648316125 121267.94140533418 2717.26318359375
2.391034646841971 124028.14524596362 2691.86669921875
2.3910521270231557 126568.45257680536 2580.49267578125
2.3910696053741844 124745.71809380435 2442.724853515625
2.3910870818940695 120590.24243483464 2346.88818359375
2.39110455658183 119278.92523430652 2300.26318359375
2.3911220294364846 119568.9842457986 2280.137451171875
2.3911395004570535 119425.1687858405 2317.7490234375
2.39115696964256 123173.50440289715 2357.35986328125
2.391174436992027 122942.06358469909 2367.188720703125
2.39119190250448 125626.15258973095 2416.14990234375
2.3912093661789466 126519.8435792154 2480.876953125
2.3912268280144557 125537.59227502473 2567.315185546875
2.3912442880100375 127217.34844835772 2711.75390625
2.391261746164723 126274.61358359364 2880.27880859375
2.3912792024775475 121728.60893673527 3069.4326171875
2.3912966569475453 125887.60565856333 3406.825439453125
2.391314109573754 131847.55027978242 3833.728271484375
2.3913315603552108 131783.07611710092 4178.57958984375
2.3913490092909573 131751.49015739147 4459.33349609375
2.3913664563800343 134129.93436267567 4744.728515625
2.3913839016214866 132028.9776923819 5522.2763671875
2.391401345014358 125340.88119458489 6950.06494140625
2.3914187865576957 121088.46600003415 9423.90625
2.391436226250548 127620.57317506717 14071.36328125
2.391453664091965 160782.15082220917 25239.4921875
2.3914711000809983 126342.34787157844 48629.88671875
2.391488534216701 66502.97087493453 80255.15625
2.3915059664981277 65168.5100962822 75356.2265625
2.391523396924335 176349.27421599778 54026.41796875
2.3915408254943813 179683.7303601812 28924.3125
2.391558252207327 150134.48605143162 17940.2265625
2.391575677062232 142033.1816019445 11841.3994140625
2.3915931000581603 142950.48762854215 8308.44140625
2.3916105211941767 132469.18041025434 6033.341796875
2.3916279404693466 129790.53182882519 4660.42041015625
2.3916453578827386 124625.56558815524 3874.74462890625
2.391662773433422 118703.54229555442 3329.0849609375
2.3916801871204685 119391.38952595055 3016.35693359375
2.39169759894295 118422.31046661951 2783.921630859375
2.3917150088999417 120161.77984813548 2639.318115234375
2.3917324169905196 122456.72415522423 2524.287109375
2.391749823213761 117860.10407330874 2427.024658203125
2.3917672275687454 117633.95136507499 2346.535400390625
2.3917846300545547 122017.3829944399 2312.60400390625
2.3918020306702696 122147.0406127611 2257.183837890625
2.3918194294149755 118462.35764010108 2204.924072265625
2.391836826287759 118437.48187120097 2168.97802734375
2.391854221287706 121871.70981709822 2155.66748046875
2.391871614413908 124854.21489423764 2164.973876953125
2.3918890056654525 126178.85674283183 2172.400146484375
2.3919063950414334 125161.69504261254 2138.0341796875
2.3919237825409465 126991.46632155842 2135.95458984375
2.3919411681630844 129903.49629806659 2134.28125
2.3919585519069466 128413.14644708042 2116.389892578125
2.3919759337716306 130618.90888035156 2132.71484375
2.391993313756238 131825.8873068325 2140.33203125
2.3920106918598707 130896.23530850974 2128.8173828125
2.392028068081632 130844.28836541843 2124.719970703125
2.392045442420629 128846.74595731361 2081.02294921875
2.392062814875967 128195.30392386933 2066.437744140625
2.392080185446754 127372.09684548758 2062.82958984375
2.3920975541321026 125263.51810100547 2030.7052001953125
2.3921149209311237 124857.02501581569 2020.66455078125
2.392132285842932 124556.80754446813 1982.0101318359375
2.39214964886664 124279.27047961997 1992.861083984375
2.3921670100013674 123614.61345552056 2002.1734619140625
2.3921843692462312 122294.01775479381 1994.2193603515625
2.3922017266003524 122443.38326729203 1996.0411376953125
2.392219082062852 119587.87692309974 1972.3807373046875
2.3922364356328534 118667.41346561624 1973.129150390625
2.392253787309482 120113.31893430081 1973.485107421875
2.3922711370918646 120480.2401365181 1957.8873291015625
2.3922884849791286 117345.30454248343 1948.092041015625
2.3923058309704053 118117.03790318177 1952.4241943359375
2.392323175064826 118188.02628926348 1962.29833984375
2.392340517261522 117338.9045091327 1964.099365234375
2.39235785755963 116312.11746142876 1969.9822998046875
2.392375195958287 116736.58734105993 2019.830078125
2.39239253245663 116473.53397452486 2038.4864501953125
2.3924098670537974 115296.87471499521 2060.5556640625
2.3924271997489326 116282.99583931144 2095.146484375
2.392444530541179 117829.34704904535 2146.322998046875
2.3924618594296794 120168.73145604992 2180.5224609375
2.39247918641358 121055.38099287108 2168.040283203125
2.39249651149203 118944.93138325216 2109.83740234375
2.392513834664178 117489.71590968058 2041.916259765625
2.3925311559291753 117851.50521662422 1995.44140625
2.392548475286176 121062.8214996947 1971.6937255859375
2.3925657927343322 120884.23438245183 1946.9007568359375
2.392583108272801 118265.07631302363 1934.8043212890625
2.392600421900741 119775.64573574605 1935.1121826171875
2.3926177336173096 121834.62825136501 1932.4813232421875
2.3926350434216697 120229.702697669 1943.7923583984375
2.3926523513129823 118495.29250899266 1941.2777099609375
2.392669657290412 116994.32142990724 1927.7962646484375
2.392686961353125 119023.30693887756 1957.689208984375
2.3927042635002875 117529.18688322329 1971.0018310546875
2.3927215637310715 117819.40432733332 1989.892822265625
2.392738862044645 117831.74836947596 1968.590576171875
2.392756158440181 117772.79050721023 1942.9459228515625
2.392773452916854 118078.84437508277 1925.0140380859375
2.392790745473839 118143.13749079315 1902.1611328125
2.392808036110314 118409.3334334186 1883.04931640625
2.392825324825456 117542.3353499038 1865.233642578125
2.3928426116184474 117681.21838889574 1859.892333984375
2.3928598964884706 116567.49259047466 1858.90869140625
2.3928771794347075 117179.57024278669 1873.659912109375
2.392894460456345 119869.28467937536 1856.7332763671875
2.392911739552569 122641.72773834746 1868.7823486328125
2.3929290167225696 122037.34181812513 1865.1546630859375
2.3929462919655373 122020.86645874739 1868.46435546875
2.392963565280662 123148.70154325532 1877.0655517578125
2.392980836667138 123394.45351152339 1898.9256591796875
2.392998106124161 123063.98352595254 1895.5072021484375
2.3930153736509276 122519.52887872391 1886.9625244140625
2.3930326392466363 122683.58898948047 1899.707763671875
2.3930499029104877 123170.17595306224 1908.5767822265625
2.393067164641682 122234.3301550291 1912.8485107421875
2.3930844244394236 124320.75583511346 1931.7276611328125
2.393101682302918 126571.73460581046 1971.9078369140625
2.393118938231371 125941.11644185476 2015.7103271484375
2.393136192223991 123321.53819344136 2076.429931640625
2.3931534442799878 123474.41907772014 2095.81591796875
2.393170694398573 124503.90565348443 2166.3115234375
2.3931879425789604 126706.94883436206 2235.675537109375
2.3932051888203625 126239.94147651218 2227.630859375
2.3932224331219984 126571.358674389 2171.207763671875
2.393239675483085 124437.38161797507 2064.92626953125
2.393256915902842 123097.75783549329 2000.384765625
2.393274154380491 120489.16600770407 1970.4266357421875
2.393291390915253 117026.68514060734 1975.61181640625
2.3933086255063554 117388.47297111449 2008.7801513671875
2.393325858153023 114319.64113517871 2056.3935546875
2.3933430888544835 114403.64124115906 2117.989501953125
2.3933603176099667 113351.38966909112 2148.682373046875
2.393377544418703 115518.87638127965 2091.565185546875
2.3933947692799267 113262.04044055566 1973.5704345703125
2.3934119921928714 107061.98972942086 1857.246826171875
2.393429213156772 105353.06531711323 1811.573974609375
2.393446432170867 104052.92084649423 1779.083251953125
2.3934636492343957 100768.95231120408 1722.185546875
2.393480864346599 104177.34314883348 1754.3592529296875
2.393498077506719 104759.92822636312 1771.7740478515625
2.3935152887140005 106621.08280955533 1779.63623046875
2.3935324979676884 108423.54164520167 1792.0428466796875
2.3935497052670303 109712.17064687112 1794.8663330078125
2.3935669106112765 112796.69331958909 1824.9638671875
2.393584113999675 111381.91308933083 1815.4459228515625
2.3936013154314812 113204.09477201926 1833.4427490234375
2.393618514905947 116635.57657553708 1880.6568603515625
2.393635712422328 118865.76270448841 1890.228759765625
2.3936529079798827 120476.29635526736 1869.40966796875
2.393670101577869 120644.60955437698 1861.7703857421875
2.3936872932155473 122795.4531127635 1837.5513916015625
2.393704482892179 125882.08959112417 1845.65869140625
2.3937216706070292 128182.27767311585 1854.4173583984375
2.393738856359364 127242.86444124239 1846.3162841796875
2.3937560401484475 126217.57914037946 1838.42626953125
