igrins/spectra/qs_vir_H_20190318.ecsv
# %ECSV 1.0
# ---
# datatype:
# - {name: WAVELENGTH, unit: um, datatype: float64}
# - {name: FLUX, datatype: float64}
# - {name: ERROR, datatype: float64}
# schema: astropy-2.0
WAVELENGTH FLUX ERROR
[from data line 17833]
1.6948207860906324 139412.36404989802 1499.0507349065115
1.6948335394238851 138797.66430379788 1485.480493072796
1.694846290950319 138571.04625463852 1488.071621156479
1.6948590406704873 139012.988915123 1488.138872917989
1.6948717885849414 139095.64342460266 1489.1224673622391
1.694884534694233 138617.5884170194 1488.2426475568268
1.6948972789989154 138658.85939132585 1475.0459819798407
1.6949100214995405 138454.77174675566 1483.8688462341588
1.6949227621966607 138246.50194852563 1486.758825745329
1.694935501090828 138681.2317557051 1484.5292342536977
1.6949482381825969 139380.7250201495 1492.4284448805745
1.6949609734725184 140171.48402922176 1479.4457912635567
1.6949737069611461 139789.9519787635 1488.9082874501478
1.6949864386490328 138866.9979417731 1492.5725613058341
1.6949991685367305 138058.61959237276 1476.3396705156763
1.6950118966247942 137373.14556330498 1480.9708464874254
1.6950246229137758 137911.78867527205 1486.6773172542235
1.6950373474042284 137921.98936976207 1489.42735495973
1.6950500700967068 138076.42812669437 1488.5404943165338
1.6950627909917622 137886.5989250981 1482.324069471326
1.6950755100899502 138600.11387266757 1498.0639410693911
1.6950882273918233 139417.0667392684 1501.6952709357402
1.6951009428979356 140246.6689535531 1505.0354820459174
1.695113656608841 139691.01575616453 1507.2193364691814
1.6951263685250935 138732.6755307436 1494.4016056423682
1.6951390786472464 137738.85518186644 1485.7966070306916
1.6951517869758548 137360.05730881612 1489.9935141694145
1.6951644935114714 137210.17131104713 1489.8837137355024
1.6951771982546524 136993.20269061497 1491.4587382614013
1.6951899012059501 136961.09278753382 1487.336779668987
1.6952026023659206 137223.7878668992 1476.3446915814943
1.6952153017351177 137387.28774981792 1474.2278381344604
1.6952279993140962 136858.95508802994 1489.4878556815656
1.6952406951034105 136657.63972421538 1488.029826519752
1.695253389103616 136369.93787506805 1483.9845756099392
1.6952660813152665 137015.629000451 1484.2819691618133
1.695278771738918 136863.69532024337 1491.329947469691
1.6952914603751252 137387.75665487925 1492.38751990061
1.6953041472244434 137796.92001304892 1504.862302635318
1.6953168322874281 138243.3258216294 1507.9225148894022
1.6953295155646337 137757.9592325284 1515.4764354902993
1.695342197056616 137182.25491659218 1514.8790372626895
1.6953548767639313 136842.5829564116 1514.3744485529953
1.6953675546871345 137228.52761460544 1503.1095569664537
1.6953802308267814 137072.4008610018 1519.854886224213
1.6953929051834278 136722.95196184237 1522.2041510598792
1.6954055777576293 136466.1769355074 1531.9430848434506
1.695418248549942 136871.6578012362 1544.3554725710435
1.6954309175609232 137189.59299162883 1551.3306118987816
1.6954435847911271 137087.47729215203 1562.4182270550114
1.6954562502411101 137217.34011334222 1622.6610899662323
1.69546891391143 138756.30370825122 2036.2611603507298
1.6954815758026425 140037.0142861517 2801.7713057760075
1.6954942359153038 142377.38312117645 3534.307874926342
1.6955068942499703 142664.13950246264 3854.180447892261
1.6955195508071992 141788.74362486994 3635.8742430720076
1.6955322055875481 139109.1773569199 2940.370166334547
1.6955448585915718 137110.57975632162 2136.758069299143
1.6955575098198286 137094.38631045414 1662.6185626832078
1.6955701592728756 136491.14263382688 1553.3422209108257
1.6955828069512693 136354.11394052894 1516.650009110693
1.6955954528555668 135684.19637840748 1502.4219106613314
1.695608096986326 136428.97857412792 1495.9394785009088
1.6956207393441045 137182.50414876448 1512.10332489825
1.6956333799294596 139227.99227416224 1515.8731487687464
1.695646018742948 139773.37985934413 1527.502813900722
1.6956586557851292 139786.71020087547 1529.262962799558
1.6956712910565583 137999.53913922864 1529.991234940005
1.6956839245577962 136740.20443071963 1522.0620267606798
1.6956965562893984 136157.04064353247 1511.4805058060058
1.6957091862519238 136468.05061343068 1507.610202223308
1.6957218144459305 137558.80828513863 1519.6931147210998
1.6957344408719768 137959.7618075535 1521.6189268441099
1.695747065530621 137855.62193251066 1515.4866076246037
1.6957596884224215 137496.80473006426 1517.838687018152
1.6957723095479367 136772.47975795093 1517.9842554301486
1.6957849289077251 135967.04103163723 1516.0658220402613
1.6957975465023456 135655.76877225394 1510.6001809968493
1.6958101623323563 136040.49413461235 1512.2023934190004
1.6958227763983162 136359.92104591746 1516.9468659267095
1.6958353887007853 137140.81821440905 1496.5587816906182
1.695847999240321 137133.33699754102 1517.8561764804965
1.6958606080174836 137267.5830030169 1522.307217011526
1.6958732150328326 136572.74963563465 1520.888954828095
1.6958858202869258 136579.02337455144 1521.5598288365877
1.6958984237803236 136252.52152967168 1517.092987860229
1.6959110255135852 135887.78225715685 1511.8940614927678
1.6959236254872703 136323.74397109472 1515.5905400195616
1.6959362237019378 137460.1781904099 1518.9007609707216
1.6959488201581483 138329.31435383554 1522.2935511827106
1.6959614148564615 138157.03959776848 1521.0333802742653
1.6959740077974368 137244.70834796195 1528.159783167471
1.6959865989816345 136745.242321536 1502.229521786236
1.6959991884096153 136706.98421652045 1511.4918910365798
1.6960117760819382 137391.39221203583 1526.8279079496535
1.6960243619991648 137642.38181243773 1542.1951050395992
1.696036946161854 137456.83122513528 1532.736698628758
1.6960495285705675 136612.2914065039 1525.672331551215
1.6960621092258648 136349.27765063313 1526.8024897405637
1.6960746881283073 136393.77090753164 1520.1639938114565
1.6960872652784555 137049.82493218966 1513.9904952494574
1.6960998406768697 137262.90440604562 1525.6536124268152
1.696112414324112 137804.99275420644 1513.4435584409575
1.6961249862207421 137568.15772379295 1519.2024403847668
1.6961375563673213 137367.93485816554 1539.204996039584
1.6961501247644117 136900.14571471993 1530.9185392166887
1.6961626914125731 136698.22780081636 1531.3290012625073
1.6961752563123689 136613.22711332867 1535.4641316363807
1.6961878194643587 136788.87598428119 1533.8587228771025
1.6962003808691044 137002.69498340238 1538.6527187045883
1.6962129405271678 137517.4427843098 1543.6317931784843
1.6962254984391112 137828.21210799643 1546.0852126181683
1.6962380546054947 138389.21282054213 1531.2790219132426
1.6962506090268819 138595.44364311462 1537.1447598636146
1.6962631617038344 137802.31471682637 1548.3562555473868
1.6962757126369135 137408.14780777524 1559.7305247741713
1.6962882618266824 136713.2363618758 1535.6833608659194
1.6963008092737024 136895.30040729308 1527.232403771316
1.6963133549785363 136587.85339782294 1532.7646206135735
1.6963258989417467 137000.36631065546 1547.0772535284148
1.6963384411638955 137223.58341314807 1583.1305139914452
1.696350981645546 137641.0894272576 1543.537023076163
1.69636352038726 137685.91728778192 1538.2093724396236
1.6963760573896012 137773.09587886272 1534.6254254266303
1.6963885926531321 138044.98453865328 1533.7992435896836
1.6964011261784153 137982.13299393223 1550.8737092213064
1.6964136579660147 137564.2140052318 1539.8200605602387
1.6964261880164924 136776.93981988623 1527.037915825666
1.6964387163304129 136444.82721955783 1529.2970967832598
1.6964512429083378 137241.68757309864 1545.7328732073127
1.6964637677508319 137447.39560146458 1563.4949111771382
1.6964762908584583 137527.48306913758 1553.0999463316566
1.6964888122317807 136692.04340952612 1555.3951454961427
1.6965013318713618 136332.1646238973 1554.4278181911197
1.6965138497777668 135841.60065968026 1549.9753110491522
1.6965263659515588 135657.70105034448 1549.0150997018052
1.6965388803933013 136081.8082323486 1550.7518419438538
1.6965513931035594 136950.9830799307 1556.7530879980604
1.696563904082897 137198.4078827795 1551.932990733453
1.6965764133318777 136946.87727560155 1544.0527757319417
1.6965889208510665 136780.16703889854 1553.1571873555324
1.696601426641027 137187.77489663527 1565.1841123950755
1.6966139307023238 138743.1394570929 1568.1320728759404
1.6966264330355219 139181.93015053522 1587.6783069320077
1.6966389336411862 138947.12904989353 1582.7763739309212
1.6966514325198812 137555.7793260503 1575.7296198056927
1.6966639296721713 136970.20274177502 1587.4558489579754
1.6966764250986213 137452.92381868474 1594.2110300432528
1.696688918799797 137998.22163671078 1598.35866074721
1.6967014107762632 138110.40963930433 1628.9796730562298
1.696713901028585 137766.78386531817 1664.6529299924823
1.696726389557328 137741.80868416023 1724.2208760305364
1.6967388763630569 138503.76958299841 1775.1218712253665
1.6967513614463374 138509.03303307912 1790.9724596861706
1.6967638448077356 138413.0882231386 1760.4717173851177
1.6967763264478168 137649.14432285604 1714.6448261578203
1.6967888063671466 138125.13910237857 1700.4882148749084
1.696801284566291 138293.6725894304 1724.6086300116951
1.696813761045816 138243.55085068365 1755.7303205956819
1.696826235806287 137943.09991251145 1747.1725881365658
1.6968387088482708 138028.17587751398 1696.5083964302373
1.6968511801723338 138324.32960537303 1644.3699661141204
1.696863649779041 138715.836951347 1602.3587226437699
1.6968761176689597 138065.13630412245 1594.6387398824932
1.6968885838426562 138070.63755005246 1591.1218457725938
1.6969010483006974 138019.19102217004 1577.630678366655
1.696913511043649 138963.15166813027 1580.0099640706235
1.6969259720720788 138860.4024930557 1584.3066405718487
1.6969384313865534 139033.73304193805 1572.9714411964976
1.696950888987639 138971.1656039359 1581.41305728072
1.6969633448759027 139214.51706309826 1590.1033228946542
1.6969757990519123 138566.65414149995 1591.9491289695789
1.6969882515162344 138231.3893811535 1590.4459942590568
1.6970007022694371 138280.29236533656 1585.4469855248146
1.6970131513120859 138828.05533150738 1584.8501383446528
1.6970255986447498 139436.3591665732 1589.548005325719
1.6970380442679962 139366.48955019756 1590.324530539441
1.6970504881823927 139074.9162304065 1588.5991346842916
1.6970629303885059 138275.88126966648 1583.6164722750468
1.6970753708869049 138273.73832677765 1587.517314864655
1.697087809678157 138174.4420542028 1602.608036514585
1.6971002467628304 138497.45146875049 1596.1779774757288
1.697112682141493 139036.66708708735 1625.9111999905804
1.697125115814713 139626.23954907872 1682.7822519111035
1.697137547783059 139956.61475120514 1742.8908897032181
1.6971499780470984 139205.23650819378 1815.599342141358
1.6971624066074007 138492.15499700655 1821.1566851381167
1.6971748334645334 137984.44403514382 1749.9818061767294
1.6971872586190662 137744.30494963189 1685.3822475461766
1.6971996820715674 137665.46643808534 1641.5246859801628
1.697212103822605 137963.59719525345 1638.6827820085782
1.6972245238727486 138775.80236240925 1663.5956274789808
1.6972369422225673 139765.5264729287 1703.5514771364262
1.6972493588726298 140026.15984251758 1784.5960981453425
1.6972617738235054 139688.3066892121 1932.2625666124002
1.6972741870757628 140057.51152626539 2082.566534491587
1.6972865986299723 139724.9762096902 2080.5414615878963
1.697299008486703 139519.63827353605 1938.2124905932706
1.697311416646524 138266.56456107984 1787.431938352537
1.6973238231100047 138591.95661255196 1715.6702602989153
1.6973362278777155 139098.08279181877 1705.9862490538885
1.6973486309502261 140231.72695851032 1693.735196300786
1.6973610323281059 139794.6789607417 1701.3105371865106
1.6973734320119247 138901.6305024033 1677.8531229719479
1.6973858300022533 138412.31588633903 1665.3781529316038
1.697398226299661 138574.89845020295 1662.8631870200036
1.6974106209047184 139370.4036145558 1645.6869598669032
1.697423013817996 138922.9098056886 1629.1708806676832
1.6974354050400644 138459.13399582406 1609.3436664216606
1.6974477945714936 137846.2843399988 1601.3065402440852
1.697460182412854 137841.0934787293 1614.753669772755
1.6974725685647165 138087.4095828656 1626.5036012512103
1.6974849530276526 138039.53705099327 1650.0405501733214
1.6974973358022318 137831.5963395957 1653.5936023286627
1.6975097168890254 137381.62405979406 1625.2174241192333
1.697522096288605 137031.30845761482 1603.164945168713
1.697534474001542 136766.05805269734 1597.4477153797752
1.6975468500284063 136803.18750222345 1584.5961430961545
1.69755922436977 136814.89874999 1589.4657701146764
1.6975715970262044 137287.27974888432 1594.439401281394
1.6975839679982814 136971.46194008878 1605.0970259112896
1.697596337286572 137638.7101048524 1596.200889544586
1.6976087048916477 137200.03163501946 1589.0044325700794
1.6976210708140806 137831.20566979292 1586.2009735130298
1.6976334350544429 137396.3081334701 1590.8969973272622
1.6976457976133057 137406.75865590826 1588.0287608214585
1.6976581584912407 136698.1279175264 1601.0986119887127
1.697670517688822 136374.24938502716 1589.481446872534
1.6976828752066193 136166.9629174173 1594.44775635937
1.6976952310452071 136805.7636003971 1588.532247428407
1.6977075852051566 137895.1692648913 1600.8273189391375
1.6977199376870395 138172.53534172667 1606.0420025635656
1.6977322884914297 137450.04649751267 1607.0108814183811
1.6977446376188996 136679.54400963636 1611.3839123744565
1.6977569850700214 136879.6260211031 1613.4967716308504
1.6977693308453687 137197.11161149945 1607.8390899275453
1.697781674945513 136887.9839677264 1603.5677690247774
1.6977940173710286 136217.79097851523 1604.6320620139986
1.6978063581224885 135938.65983678732 1599.5192541295849
1.6978186972004656 136329.55657128632 1601.6348393656222
1.6978310346055332 136810.95458005433 1599.29787019159
1.6978433703382636 136842.0190174339 1598.4952795345528
1.6978557043992322 136501.6359584459 1583.8017042411632
1.6978680367890113 136635.82751960336 1614.4929398827376
1.6978803675081748 136820.05217306217 1613.9283175492553
1.6978926965572967 136771.94825362795 1602.9886116678654
1.6979050239369498 136632.0746931643 1613.9295164417988
1.6979173496477087 137342.63767377974 1623.973921230685
1.6979296736901481 137772.8410236677 1628.356757840057
1.6979419960648412 137592.5542652409 1616.1978868516674
1.697954316772362 137145.68472762246 1619.1695378392612
1.6979666358132852 136759.96990086156 1626.425006578963
1.697978953188185 136692.12819712408 1615.2756059872186
1.6979912688976357 136556.13054982637 1610.935647157056
1.698003582942212 136517.9496230959 1608.4179312951667
1.6980158953224889 136572.44711061852 1596.467864985679
1.6980282060390401 136771.61841256835 1625.037108282903
1.6980405150924411 137305.1271169316 1620.405618245088
1.6980528224832667 137362.4099891952 1626.7019541996629
1.6980651282120922 137659.14910678903 1630.111242981331
1.6980774322794916 136995.3230946376 1638.0064092832192
1.6980897346860406 136875.51407036878 1626.165174490655
1.6981020354323153 135967.31834565767 1637.486209217268
1.69811433451889 136437.28798485245 1626.8398633320005
1.69812663194634 136148.84031261096 1623.2297146735732
1.6981389277152412 136441.61506985105 1613.1413849891983
1.6981512218261692 136141.7536491815 1619.5722988183302
1.6981635142796998 136294.5357396677 1614.9776928950648
1.6981758050764089 135858.86009832053 1624.8803233617143
1.6981880942168721 135343.3828901194 1613.1922308337132
1.698200381701665 136034.66820569913 1620.193459422022
1.6982126675313645 137166.69830101967 1624.0475073114642
1.6982249517065457 138812.31586887216 1630.8144636216766
1.6982372342277858 138935.2460520383 1633.1467303099892
1.6982495150956602 138313.1211283587 1619.2889352259926
1.6982617943107463 136548.36048758726 1625.5819971205317
1.69827407187362 135629.73130110884 1615.18191424961
1.6982863477848578 135328.45882726263 1607.2479882973305
1.698298622045036 136391.83941713726 1623.058626687325
1.6983108946547323 136771.85277504317 1625.947969002684
1.698323165614524 136272.50209530973 1632.0233133130184
1.6983354349249862 135391.4793949956 1623.0547134819465
1.6983477025866967 134990.18355533894 1611.6848290841708
1.6983599686002329 136046.38356634346 1612.6073228417044
