igrins/spectra/qs_vir_K_20190318_smoothed.ecsv
# %ECSV 1.0
# ---
# datatype:
# - {name: WAVELENGTH, unit: um, datatype: float64}
# - {name: FLUX, datatype: float64}
# - {name: ERROR, datatype: float64}
# schema: astropy-2.0
WAVELENGTH FLUX ERROR
[from data line 22880]
2.1881811190978913 63483.81644283619 1148.0325927734375
2.188197155380225 63225.549772697086 1198.6984456380208
2.188213189784738 62528.03385422414 1250.0975341796875
2.1882292223111928 62715.76333337545 1289.4175618489583
2.1882452529593506 62410.28828093015 1295.351114908854
2.1882612817289746 61899.56767416159 1264.1103108723958
2.1882773086198304 61444.21069795455 1206.4272054036458
2.1882933336316785 62273.7961432779 1153.125528971354
2.188309356764287 63353.88346999274 1112.4690755208333
2.1883253780174203 63687.110227795805 1084.8538411458333
2.1883413973908437 63031.50539076296 1065.833536783854
2.1883574148843246 62031.0472130013 1053.7294514973958
2.1883734304976303 61634.28620013588 1050.87890625
2.1883894442305287 61605.4819538029 1047.6078287760415
2.1884054560827884 61608.44304102427 1041.897501627604
2.1884214660541788 61411.58748152206 1033.77734375
2.1884374741444694 61288.49017640548 1029.6395263671875
2.188453480353431 61572.675910539336 1029.4014485677083
2.1884694846808337 61745.25581635951 1028.230712890625
2.1884854871264494 62181.063250723164 1026.89404296875
2.1885014876900515 61925.15591849419 1024.7398478190103
2.1885174863714125 61961.76479018511 1024.2950439453125
2.1885334831703047 61933.5219769963 1021.462422688802
2.188549478086504 62451.20773220808 1020.9994303385416
2.1885654711197837 62758.84929903269 1020.2974650065104
2.18858146226992 62387.28232899348 1017.2603963216145
2.188597451536689 62291.80255781392 1015.996134440104
2.1886134389198673 61818.594470821925 1013.0408935546875
2.188629424419231 61957.42056089865 1016.7775878906249
2.1886454080345596 61856.02880778037 1018.268310546875
2.1886613897656306 62187.38692713294 1019.6995035807291
2.1886773696122237 62379.058893632486 1018.8921915690104
2.188693347574118 62210.385746820415 1016.4833577473958
2.188709323651095 62215.94482326914 1018.6068522135416
2.188725297842934 62083.366752819304 1018.6706949869791
2.188741270149418 62206.10178110564 1017.8758138020833
2.1887572405703284 62049.05930560385 1013.4921264648436
2.1887732091054484 62143.26707541483 1006.0935668945311
2.1887891757545614 62279.58012842482 1003.908243815104
2.188805140517452 62391.72905377865 1003.0899861653645
2.188821103393903 62421.185913973495 1004.1931966145833
2.1888370643837023 62355.40546817146 1003.0347290039062
2.1888530234866344 62281.65062584388 1001.3501790364583
2.1888689807024866 62304.59447668554 999.9642537434895
2.1888849360310454 62215.80732000108 995.7347412109374
2.188900889472098 62191.516136003454 988.7188720703124
2.188916841025435 62177.519320159125 985.2563273111978
2.1889327906908433 62088.026576095464 982.1270548502604
2.188948738468113 61821.676235152845 981.7991739908854
2.1889646843570354 61567.44255245289 980.8780721028645
2.1889806283574003 61595.57072220248 982.1067911783854
2.188996570469001 61633.05125824643 980.99755859375
2.189012510691627 61079.78330881646 976.7411905924479
2.1890284490250727 60867.708770119294 971.9122111002604
2.1890443854691313 61382.425395471175 972.835469563802
2.189060320023597 62179.42125431836 974.8181559244791
2.1890762526882637 62396.59068748633 975.3032633463541
2.1890921834629276 62478.38865187904 977.2904866536458
2.1891081123473835 62415.04055566876 984.1070963541665
2.189124039341429 62298.59119343241 992.1490478515625
2.189139964444861 62090.61136826349 997.6629028320312
2.1891558876574764 61876.6066549406 1001.59521484375
2.1891718089790744 62064.14976707219 1006.7633056640625
2.189187728409453 61950.56353992715 1012.1910807291666
2.189203645948414 62258.83859953591 1018.4641927083333
2.189219561595755 62222.58929169443 1022.2890014648438
2.1892354753512784 62115.31366312441 1024.761759440104
2.1892513872147847 62230.663856314306 1025.4051106770833
2.1892672971860776 62662.66779742756 1023.898946126302
2.1892832052649576 62961.484325220306 1013.275166829427
2.1892991114512297 63070.28155254502 996.8278401692708
2.189315015744697 62985.989090386516 979.7591349283853
2.189330918145165 62816.57305245155 970.2423502604166
2.189346818652438 62373.73379006938 967.0786946614583
2.1893627172663215 62064.76326060574 967.5526326497395
2.1893786139866234 62119.66214176853 968.4239908854166
2.1893945088131495 62411.57074397475 965.4346313476561
2.189410401745708 62544.668783226945 961.5010782877604
2.1894262927841064 62447.003863441794 957.6661987304688
2.189442181928155 62119.147628747756 955.7952880859374
2.189458069177662 62245.6891339661 958.9762573242188
2.189473954532438 62197.18152071175 961.7894083658854
2.1894898379922947 62327.92642019557 961.2879638671875
2.1895057195570424 62207.78229161419 957.4494222005208
2.189521599226493 62460.546464522035 955.9165649414061
2.1895374770004596 62773.69153761475 959.5632731119791
2.1895533528787556 62623.918912268055 965.9479980468749
2.1895692268611953 62355.94567751656 978.808858235677
2.1895850989475916 61991.69508040941 995.102803548177
2.189600969137761 61999.263736676745 1013.6790161132812
2.1896168374315192 62106.18867076419 1026.1640421549478
2.189632703828682 62254.333791227116 1026.7720336914062
2.189648568329066 61974.97246077885 1013.2058512369791
2.1896644309324906 62145.17750866459 991.2030843098958
2.1896802916387723 62236.59806144856 973.7738240559895
2.1896961504477304 62579.50963884504 962.2563273111978
2.189712007359185 62528.15833113059 953.9816691080728
2.189727862372955 62752.350781376124 950.6159261067708
2.189743715488862 62881.37241205692 949.375508626302
2.1897595667067273 62865.96853100075 948.7001953125
2.1897754160263716 62320.61254919598 943.523946126302
2.189791263447619 62819.579054792455 940.5492350260416
2.189807108970293 63060.53940289968 938.4493408203125
2.189822952594216 63006.60411967549 934.8351033528645
2.189838794319213 62373.62939393546 933.579345703125
2.1898546341451084 61921.336373932645 933.8347574869791
2.1898704720717297 61873.12487044159 934.9774576822915
2.1898863080989015 61643.86761083029 932.0792643229165
2.1899021422264524 61551.94896940322 927.3987223307291
2.189917974454208 61679.39096092769 926.8524576822915
2.189933804781997 62029.81787808944 929.619893391927
2.1899496332096486 62134.64072981721 932.6976725260415
2.189965459736992 62414.159610355775 934.0968831380208
2.1899812843638573 62328.93980707409 931.0963338216145
2.1899971070900754 62588.564353204274 931.521993001302
2.190012927915477 62714.52489036608 933.1105346679686
2.190028746839894 62625.100869267 933.5822143554688
2.1900445638631596 62280.77239203666 929.12255859375
2.1900603789851067 61731.35639818565 923.162373860677
2.190076192205568 61546.4675106433 918.9190470377603
2.19009200352438 61557.01717566539 917.181681315104
2.1901078129413754 61900.42738787406 917.7577107747395
2.1901236204563914 62053.26651397477 919.2151285807291
2.190139426069263 62056.25054088171 917.796895345052
2.190155229779828 61763.74742345705 917.1204630533854
2.1901710315879233 61956.36046347112 917.6775919596354
2.190186831493387 62357.800625113174 921.5171305338541
2.190202629496059 62557.22731928025 922.652099609375
2.190218425595777 62354.60432357286 922.1166788736978
2.190234219792382 62236.86792222534 921.6346028645833
2.190250012085714 62348.2133435164 922.426778157552
2.190265802475615 61730.95851971286 919.6202392578125
2.1902815909619258 61359.649549908994 917.8677978515624
2.1902973775444883 61210.876076593966 916.1511840820312
2.190313162223148 61919.597055925486 918.9369099934895
2.190328944997746 62056.91134960597 920.0566813151041
2.1903447258681275 61885.167536147725 918.4162394205728
2.1903605048341386 61725.03850622286 916.7258097330728
2.190376281895623 61337.76482767777 917.7687377929688
2.1903920570524287 61237.52687214172 923.8246866861979
2.190407830304401 60977.85957562506 931.7109985351561
2.1904236016513874 61413.354863416644 943.0885416666666
2.190439371093237 61444.753618186944 957.7998860677083
2.190455138629797 61415.829258037455 988.220723470052
2.190470904260918 61582.41869021409 1034.486572265625
2.190486667986449 61533.077527022244 1095.9342041015625
2.1905024298062408 62175.032957807045 1153.3998616536458
2.1905181897201444 62483.49264567111 1190.2007649739583
2.1905339477280124 62882.28506243255 1189.0067138671875
2.1905497038296957 62676.99653080548 1144.7885335286458
2.190565458025049 62510.309273001054 1082.46728515625
2.1905812103139235 62218.238146011965 1020.6263020833333
2.1905969606961766 62139.20471730296 980.2389729817708
2.1906127091716603 61606.980302069904 951.1720987955729
2.190628455740231 61879.42451028178 935.3829956054688
2.190644200401746 61648.31979022139 921.7036539713541
2.19065994315606 62099.166792372314 914.067138671875
2.1906756840030326 62057.15683182061 907.6959838867188
2.1906914229425194 62366.387521574325 905.1879272460938
2.19070715997438 62287.688830052866 902.7518513997395
2.1907228950984745 62665.63981750663 902.2657674153645
2.1907386283146613 62665.772160358676 900.5394694010415
2.1907543596228027 62399.262522640056 896.7846476236978
2.1907700890227573 61900.644010691416 894.3999837239583
2.190785816514388 61650.623075561496 890.7052612304688
2.1908015420975575 61549.32960551588 885.6723022460938
2.190817265772128 61256.669146692104 881.7048950195311
2.190832987537963 61223.212268960764 882.1480712890625
2.1908487073949274 61392.769857893865 885.5665079752604
2.190864425342886 61790.058240588616 887.4327596028645
2.190880141381703 61973.72974293452 888.1867065429686
2.1908958555112457 62113.49405542115 889.7920532226562
2.19091156773138 61958.01225208175 887.8150634765625
2.190927278041974 61915.15421544556 884.7083943684895
2.190942986442895 61665.18665474359 880.591593424479
2.190958692934011 61501.30232884719 877.739298502604
2.190974397515192 61267.225575698394 878.4070231119791
2.190990100186307 61253.36477660725 878.7533976236978
2.1910058009472277 61211.08330026422 877.9051310221353
2.1910214997978232 61019.085221799935 874.2240600585938
2.191037196737967 60698.58691097817 872.2014973958333
2.1910528917675296 60554.23279725997 870.5315348307291
2.1910685848863847 60738.162593785804 870.7052612304686
2.191084276094407 60549.2477147101 876.1316528320311
2.191099965391468 60108.63784626531 888.9745686848958
2.1911156527774445 60144.62990102245 894.495137532552
2.1911313382522106 60442.151147645985 889.1928100585938
2.191147021815643 60906.201586430834 877.9265747070312
2.191162703467618 60924.69236566995 873.403340657552
2.1911783832080127 60590.788318428924 870.2791951497395
2.191194061036706 60441.95732364292 867.6188761393228
2.1912097369535743 60219.67915685813 864.3366292317708
2.191225410958498 60251.38566638805 863.2332153320312
2.191241083051357 60121.179121902416 861.1548665364583
2.1912567532320306 60134.27913459463 861.6862589518229
2.1912724215004014 60722.59635724594 863.4017944335938
2.191288087856349 60954.85897699317 865.1286417643228
2.191303752299756 61041.264243929116 864.9515380859375
2.191319414830506 60892.57558719233 865.3189290364583
2.1913350754484813 61274.41771770423 868.6496175130208
2.1913507341535676 61299.09988410013 869.5053507486979
2.1913663909456487 60989.94869252449 868.5196736653645
2.191382045824609 60419.66135664002 862.9331868489583
2.191397698790335 60311.81018207689 859.5411987304688
2.1914133498427146 60395.52828336668 858.9076538085938
2.1914289989816327 60776.35876590116 857.6256510416666
2.1914446462069783 60604.82156137221 856.0966796874999
2.1914602915186387 60520.683195372556 854.2355753580729
2.191475934916505 60222.39573503456 852.0606486002604
2.191491576400465 59781.837144197714 847.499267578125
2.191507215970409 59525.12218197985 840.3378295898438
2.191522853626229 59713.152111501375 837.5689697265625
2.1915384893678147 60379.999783606014 840.8891398111979
2.1915541231950604 60788.718194207904 845.9714152018229
2.191569755107858 60474.494741900795 848.6556803385416
2.1915853851061 60378.04665572706 849.0694173177083
2.191601013189681 60380.807740525284 849.349873860677
2.1916166393584944 60797.663990931855 850.6524251302083
2.1916322636124375 61102.416237511454 851.47265625
2.1916478859514053 61207.22990564509 850.6817830403645
2.191663506375293 61217.094724957555 850.0817260742186
2.1916791248839997 61078.427980329085 850.2997843424479
2.191694741477422 61227.920230475815 849.8118693033853
2.191710356155458 61090.9633595344 848.5525309244791
2.191725968918007 60910.4771881189 845.2673136393229
2.191741579764969 60664.36914545772 844.5635782877603
2.191757188696243 60576.199132160604 845.5307210286458
2.1917727957117306 60827.4091940287 847.9468180338541
2.191788400811334 61030.98089880521 849.1222941080728
2.191804003994953 60853.65835343104 848.0846761067708
2.191819605262492 60650.084047387645 848.7947387695311
2.1918352046138536 60728.501177782695 850.5336710611979
2.191850802048943 60985.54484423687 851.9997355143229
2.191866397567662 60836.35180468875 849.5403645833333
2.191881991169918 60494.86127117103 847.8077189127603
2.1918975828556166 60256.4962127426 846.1385904947916
2.1919131726246626 60354.31140188115 846.8104248046874
2.1919287604769653 60190.81277533152 844.8208414713541
2.1919443464124306 60237.511531852884 844.8538411458333
2.191959930430968 60251.15154404389 844.4683227539062
2.1919755125324842 60249.93992974644 842.8961588541666
2.191991092716891 60291.19903764693 840.8898722330729
2.1920066709840973 60395.909291925935 840.5499064127603
2.192022247334014 60426.525535255045 842.8998413085938
2.192037821766553 60443.08056488565 843.5345255533853
2.192053394281625 60334.328052382785 842.4290771484374
2.1920689648791445 60764.37118495577 841.5520629882812
2.1920845335590227 61066.698326981226 841.2981567382812
2.1921001003211744 61469.03839875673 841.9320678710936
2.192115665165515 62022.43438689622 841.7664591471354
2.192131228091957 61966.09711362611 840.181172688802
2.1921467891004194 61971.46590381554 838.3355916341145
2.1921623481908155 61191.226622714894 834.2415568033854
2.1921779053630637 61673.656440515486 835.2908935546875
2.1921934606170814 62001.78028135331 835.9137776692708
2.192209013952787 62503.98162086352 839.2197875976561
2.1922245653700987 62320.75043472056 839.8510538736979
2.192240114868936 62047.16241049545 839.188008626302
2.1922556624492193 62278.188401307474 838.41650390625
2.1922712081108693 62557.62145471043 837.5447387695312
2.192286751853807 62414.53381944739 835.7415568033853
2.1923022936779537 61628.019025213165 834.5265096028645
2.192317833583233 60971.44409400822 832.5976562499999
2.192333371569568 60843.2541819122 831.0860392252604
2.192348907636882 61393.64688686239 829.3763224283854
2.1923644417851 61622.08393784138 827.6719970703125
2.192379974014145 61635.03071659021 827.0480753580729
2.192395504323945 61380.05465757966 827.9759114583333
2.192411032714426 61415.52329066286 830.1137288411458
2.1924265591855128 61112.609772907075 831.0171305338541
2.192442083737135 61189.5436600978 830.8960978190104
2.19245760636922 60777.90545084408 829.220479329427
2.192473127081696 61195.67460486263 830.3082071940103
2.192488645874493 61086.71223522249 830.6302693684895
2.1925041627475412 61610.90700693694 832.428487141927
2.19251967770077 61719.16649279904 832.6173299153645
2.1925351907341124 61802.489484297635 833.1820475260416
2.1925507018474986 61821.28417074733 832.8501790364583
2.192566211040863 61934.96332626113 832.7454630533854
2.1925817183141354 61922.1280924152 829.922607421875
2.192597223667252 61749.46331187796 826.0995483398438
2.1926127271001477 62073.20486899208 827.0531819661458
2.192628228612755 62059.47382890071 827.0675862630208
2.192643728205011 61953.21410283362 827.0223592122395
2.1926592258768522 61742.25572019781 824.6343587239583
2.1926747216282143 61851.03729699533 824.5397949218749
2.1926902154590353 62021.5364220077 822.0318806966145
2.192705707369253 61856.05722171063 820.2437337239583
2.192721197358807 61993.36795753553 819.7522989908854
2.1927366854276347 62008.50654190617 822.7437133789062
2.1927521715756777 61914.73161794158 822.0577189127604
