igrins/spectra/qs_vir_K_20190318_smoothed.ecsv
# %ECSV 1.0
# ---
# datatype:
# - {name: WAVELENGTH, unit: um, datatype: float64}
# - {name: FLUX, datatype: float64}
# - {name: ERROR, datatype: float64}
# schema: astropy-2.0
WAVELENGTH FLUX ERROR
[from data line 41250]
2.478003004736795 35916.09555588491 2815.385091145833
2.4780182140456954 35835.51608209546 2843.9254557291665
2.478033421387245 35481.899332158195 2857.1935221354165
2.4780486267618707 36903.03038066277 2873.5123697916665
2.478063830169998 37219.30148000024 2929.998128255208
2.4780790316120553 36198.6245111003 2985.661702473958
2.478094231088468 33963.19642840626 3050.7255859375
2.4781094285996663 35145.14598705624 3073.3160807291665
2.478124624146076 36918.07533066322 3071.3889160156245
2.4781398177281293 38639.687057353105 3002.8182779947915
2.4781550093462545 38449.37209896634 2922.9779459635415
2.4781701990008824 38027.365082104734 2844.593587239583
2.478185386692444 36405.83915127815 2790.977294921875
2.4782005724213705 35386.08230823406 2780.499267578125
2.478215756188094 34534.29809324638 2776.031494140625
2.4782309379930476 35188.855149733194 2799.4352213541665
2.478246117836665 35853.00947644174 2796.4579264322915
2.4782612957193777 37801.4793550047 2814.1940104166665
2.478276471641623 39133.67596395438 2832.0904947916665
2.478291645603834 39938.81455676556 2872.817464192708
2.4783068176064464 37948.08738797027 2910.45068359375
2.478321987649897 37570.670777111474 2962.240071614583
2.4783371557346223 35820.45691626394 3014.8241373697915
2.4783523218610592 36641.68062035932 3058.410237630208
2.478367486029645 35727.95626672037 3122.4558105468745
2.478382648240819 35432.0474640914 3194.867106119791
2.4783978084950196 34266.26348133858 3296.875081380208
2.4784129667926873 33793.00743544951 3420.118408203125
2.4784281231342615 35803.307123644794 3599.722005208333
2.4784432775201823 37707.09009586365 3810.5448404947915
2.4784584299508916 38306.251638940346 4091.800374348958
2.4784735804268307 35777.76738626002 4473.652262369791
2.478488728948443 33717.64651606919 5037.052083333333
2.4785038755161697 32315.41669054148 5802.456217447916
2.478519020130456 32432.354199448582 7111.728190104166
2.4785341627917457 35450.17499581381 9512.752766927082
2.478549303500483 37733.2508168968 13857.669270833332
2.478564442257113 37145.32296930511 22658.525716145832
2.4785795790620817 -3655.0179072352876 38985.80208333333
2.478594713915836 -989.2909827347066 63194.276041666664
2.478609846818822 -2630.7399773929537 91001.23307291666
2.4786249777714873 52617.472206687235 104079.11979166666
2.4786401067742814 43920.36651514238 87996.32161458333
2.478655233827651 42314.63794760062 56468.289713541664
2.4786703589320465 27506.534027773647 27792.57649739583
2.4786854820879167 35742.35702599763 16359.848307291666
2.4787006032957133 39193.30704905086 10886.221842447914
2.4787157225558865 36016.351076145525 7931.726236979166
2.4787308398688883 32632.564678499635 6420.086751302083
2.47874595523517 33743.87593632276 5450.780598958333
2.478761068655184 35300.5427436068 4844.12353515625
2.478776180129385 36763.282439996205 4451.16357421875
2.478791289658226 36127.90969693655 4158.146077473958
2.4788063972421615 35554.988076158435 3932.827229817708
2.4788215028816456 35837.677173822274 3800.9072265625
2.478836606577135 38287.357906991056 3687.407796223958
2.4788517083290857 40018.04206861121 3587.1376139322915
2.478866808137953 38791.57127168254 3469.0924479166665
2.4788819060041956 37936.62688491865 3407.9181315104165
2.4788970019282712 36621.969169181495 3388.7672526041665
2.478912095910637 35635.72755395245 3391.7705078125
2.478927187951753 34926.721156202446 3379.9090983072915
2.4789422780520782 34038.30847928001 3355.033040364583
2.4789573662120734 33754.19601886869 3339.3363444010415
2.4789724524321985 33292.00707425252 3315.748291015625
2.4789875367129146 34482.72639980279 3322.762776692708
2.479002619054684 36078.768457074555 3352.7853190104165
2.47901769945797 37996.379769524756 3398.569417317708
2.479032777923233 38285.462627400884 3472.7582194010415
2.479047854450939 38011.14866672442 3592.763916015625
2.4790629290415507 37658.237643755536 3848.5705566406245
2.4790780016955334 37022.60468477625 4378.335123697916
2.4790930724133515 34937.39409291753 5357.098307291666
2.4791081411954714 38029.10937050902 6969.22900390625
2.47912320804236 38559.24746593334 8559.801920572916
2.4791382729544824 42099.34764911186 8865.924641927082
2.479153335932309 41459.1589805763 7761.535807291666
2.4791683969763056 42857.80043318271 5979.027506510416
2.4791834560869415 39958.843524350326 4805.354817708333
2.479198513264686 37365.892450378466 4236.271240234375
2.479213568510008 37354.97493445131 4006.25
2.47922862182338 37528.2332397813 3893.502115885416
2.4792436732052705 36151.937094703855 3818.677978515625
2.479258722656153 34987.216060361156 3747.8776041666665
2.479273770176499 35573.0749238374 3685.354166666666
2.4792888157667794 35075.12167033904 3584.011800130208
2.4793038594274694 34362.15980755146 3521.096516927083
2.4793189011590435 34698.92767204309 3486.853271484375
2.4793339409619737 34859.9412928274 3494.828938802083
2.479348978836737 34204.632827919406 3531.907145182291
2.479364014783807 34715.19008888627 3578.185791015625
2.479379048803661 38111.07065333163 3676.1852213541665
2.479394080896775 39025.105308180864 3777.1809082031245
2.479409111063628 38019.72398413847 3839.419514973958
2.4794241393046956 35485.750483766984 3817.769205729166
2.479439165620457 35064.72040260966 3735.1756998697915
2.479454190011391 35522.6908118656 3688.765950520833
2.4794692124779782 36269.33439558362 3710.6498209635415
2.4794842330206968 36519.939133315456 3790.7396647135415
2.479499251640028 36321.550910241654 3876.469319661458
2.4795142683364535 35145.17233579948 3957.8896484375
2.4795292831104567 33922.69446003509 4047.479329427083
2.479544295962517 34738.02006875718 4197.75830078125
2.479559306893118 34247.40465412974 4341.924153645833
2.479574315902744 35744.27106244967 4478.448404947916
2.47958932299188 36009.457941549605 4694.282877604166
2.4796043281610087 38901.29467645262 5011.17724609375
2.4796193314106163 39414.768075528205 5568.5576171875
2.4796343327411883 38614.94759580647 6210.133138020833
2.4796493321532114 39208.29957766202 7080.579264322916
2.479664329647172 43026.29390567196 8489.758626302082
2.4796793252235583 43370.23748409283 10923.531575520832
2.4796943188828577 47093.514354071645 15070.540690104166
2.4797093106255597 37374.05168770192 24802.971354166664
2.479724300452152 24142.977113444813 43362.271484375
2.479739288363126 -11703.256545572087 97534.98046875
2.4797542743589718 32247.95570456227 156122.375
2.479769258440179 57424.19914508168 207247.72916666666
2.479784240607241 101674.52818356418 203582.546875
2.4797992208606483 79236.26501503072 158455.34114583334
2.4798141992008937 67042.10322688927 96397.26171875
2.479829175628472 57080.505140990535 46389.524088541664
2.4798441501438755 33158.62608127669 25157.693684895832
2.479859122747599 28938.805626403788 16900.837890625
2.479874093440137 24525.02617617222 12845.514973958332
2.479889062221986 31075.74987117206 10282.550455729166
2.4799040290936407 32934.792000446076 8650.340657552082
2.479918994055599 29481.758240844676 7732.9072265625
2.479933957108357 31964.852782116446 7043.854980468749
2.479948918252414 35789.2977331983 6676.611979166666
2.4799638774882666 39880.1702927749 6389.375
2.479978834816415 38282.20106768536 6159.483235677082
2.4799937902373586 36296.54836861401 6017.0390625
2.4800087437515965 36163.26325552973 5921.2626953125
2.4800236953596304 38366.94902718491 5951.687825520833
2.4800386450619616 38023.10401734084 5947.818359375
2.4800535928590905 38984.601074413404 5949.445963541666
2.48006853875152 35340.34752691391 5893.969563802083
2.480083482739754 34908.226457792305 5902.316569010416
2.480098424824296 31324.434837931356 5934.707356770833
2.4801133650056486 32875.23499273014 6024.987955729166
2.4801283032843187 36433.55759547821 6164.176106770833
2.480143239660808 38357.50506607755 6310.082194010416
2.4801581741356262 39827.61306908628 6445.376302083332
2.480173106709277 36066.66607680482 6675.883463541666
2.4801880373822676 34783.980609856495 7017.054850260416
2.4802029661551064 35717.019707445776 7521.155598958333
2.480217893028302 39019.53963628017 7999.996907552083
2.480232818002362 35728.77602422974 8406.233561197916
2.480247741077795 37002.97231760316 9046.804036458332
2.4802626622551127 36301.83894063992 9982.194661458332
2.480277581534824 37866.37505816105 11191.147135416666
2.4802924989174393 40473.233988352964 12626.8359375
2.4803074144034714 39129.337107307096 14683.383138020832
2.480322327993432 38487.05217366316 17554.763671875
2.4803372396878336 40286.58948271956 21375.619791666664
2.48035214948719 36108.156147925845 27162.9765625
2.480367057392014 23530.43578555202 37607.235026041664
2.4803819634028197 -46785.38198342845 59452.705729166664
2.480396867520124 -12892.41730470911 133156.27604166666
2.4804117697444408 159566.2291140658 178305.0208333333
2.480426670076286 212634.53888914143 218022.15624999997
2.480441568516178 405201.50341983465 1082074.109375
2.480456465064631 147247.30565981648 673792.8854166666
2.480471359722166 -1151418.5591785465 1752108.4583333333
2.4804862524892997 -1185841.3459134626 257013.125
2.4805011433665505 -64827.242627697065 -1169325.0833333333
2.480516032354439 1597731.476906582 -2029144.9791666665
2.4805309194534844 1197209.2240293226 -1545221.1979166665
2.4805458046642084 864221.135915624 -100840.40624999994
2.480560687987132 78644.13292549236 -110717.53124999994
2.480575569422776 418162.99050486606 90045.78125000003
2.480590448971663 -336600.74797845585 572336.46875
2.4806053266343167 -184599.89078559008 58392.59375
2.4806202024112607 122111.54555251275 359110.2083333333
2.480635076303018 156116.88582355966 279296.5052083333
2.4806499483101137 436825.24724843213 579893.1354166666
2.4806648184330724 67320.82782464968 175409.609375
2.480679686672422 84964.40048014659 117333.08072916666
2.480694553028686 62237.7714171361 63269.82291666666
2.4807094175023936 -34991.453268167 36654.471354166664
2.4807242800940714 -23690.771420001875 26656.38802083333
2.480739140804247 -2655.8381244965185 21405.018880208332
2.4807539996334507 26199.16618854993 18450.162760416664
2.480768856582209 26456.364139839963 16351.205729166666
2.480783711651054 26670.56160193959 14518.123372395832
2.4807985648405144 27917.20832202153 13028.8984375
2.4808134161511237 31201.277950758285 11975.164713541664
2.48082826558341 34519.173399998544 11538.177408854166
2.4808431131379076 37740.15176555511 10973.3642578125
2.480857958815149 46767.92033020458 10983.557942708332
2.4808728026156666 42501.673081440356 10467.949869791666
2.4808876445399948 42331.327104126285 10397.991861979166
2.4809024845886674 34374.760525528094 10536.3681640625
2.480917322762219 30841.8964171717 10725.774739583332
2.480932159061187 32126.5607591718 11105.08203125
2.4809469934861053 35389.25215337722 11426.432291666666
2.4809618260375115 35315.252346252484 12458.693684895832
2.480976656715942 33765.769349261915 14505.570638020832
2.480991485521937 24502.522108435907 17406.850911458332
2.481006312456032 38798.04418298305 22763.977864583332
2.481021137518767 44332.734434366 28079.522135416664
2.4810359607106824 45358.35389128499 37482.56966145833
2.4810507820323164 32986.54775375845 37929.88216145833
2.4810656014842105 19806.9016740758 33349.4140625
2.4810804190669065 24505.64126353253 22686.97786458333
2.481095234780946 24184.380844449675 17324.075846354164
2.4811100486268707 34135.01545774311 15053.110677083332
2.4811248606052234 36646.69623750606 13627.212565104166
2.481139670716549 42801.96256839094 12781.903971354166
2.48115447896139 44306.24792851369 12621.453776041666
2.4811692853402914 42172.71502701241 12754.322591145832
2.481184089853799 42721.603692051656 13400.883138020832
2.481198892502459 39584.939989277234 13816.985351562498
2.4812136932868154 45791.48357304699 14380.942057291664
2.481228492207417 46828.52403765618 14955.550455729166
2.481243289264812 57179.01314131713 16450.164388020832
2.481258084459546 54735.69355300885 17603.777994791664
2.48127287779217 67362.47127363287 20354.367838541664
2.481287669263233 53053.3229413034 23315.321614583332
2.481302458873282 53862.5224627525 28823.73763020833
2.4813172466228703 47627.35343783202 38859.596354166664
2.4813320325125487 41059.405338655306 47252.43098958333
2.481346816542867 43917.94065850493 57578.631510416664
2.481361598714378 43788.00640451779 78267.36979166666
2.4813763790276346 118717.85844124372 106577.86458333333
2.4813911574831895 -959816.5986735818 -5174495.411458333
2.481405934081598 -1105932.433492745 -4682320.177083333
2.4814207088234124 -1098602.240900655 -4573359.218749999
2.4814354817091884 169969.94671387528 906981.8020833333
2.481450252739481 431859.2737737595 622866.9270833333
2.4814650219148486 -469026.1139990502 -4035835.6041666665
2.4814797892358436 -553019.4656038149 -3887476.4999999995
2.481494554703028 -638091.9964497583 -3965351.729166666
2.4815093183169554 118599.23620293767 3189501.270833333
2.481524080078187 117465.19406714963 2972209.6875
2.4815388399872798 195193.76750277233 2999955.395833333
2.481553598044796 258074.9347437622 427272.70312499994
2.4815683542512916 -30746.67045354063 1091846.1614583333
2.48158310860733 -116434.89524679298 1331955.9322916665
2.4815978611134724 -31213.48990733057 1350075.375
2.4816126117702795 108957.18306900209 683099.5729166666
2.4816273605783143 129175.9238256448 344842.2291666666
2.481642107538139 39976.21956577492 342347.7083333333
2.481656852650319 137442.94860544195 243134.7864583333
2.4816715959154156 82291.41039426273 183857.2630208333
2.4816863373339944 90620.77151334632 117920.19270833333
2.4817010769066226 35309.07503690696 84940.87109375
2.481715814633864 28947.197436701314 60520.59505208333
2.481730550516284 45162.20235802466 46013.88020833333
2.4817452845544516 56376.91110467735 39756.4453125
2.481760016748934 68220.8410145473 33651.713541666664
2.4817747471002978 60941.80923722319 27707.298177083332
2.481789475609113 50273.486847273016 23764.586588541664
2.481804202275949 43543.26702984679 21448.580078125
2.481818927101374 37318.04782114832 20020.035807291664
2.481833650085959 31414.303957044314 18329.469401041664
2.4818483712302757 38168.27288566942 17682.280598958332
2.4818630905348957 44595.57229715955 17352.951171875
2.481877808000389 49272.19006273504 17180.916015625
2.4818925236273306 53058.836683135545 16711.246419270832
2.4819072374162925 53113.957556797395 16446.988932291664
2.4819219493678486 50524.68044624375 16141.285481770832
2.481936659482573 49394.03325394114 16284.576822916666
2.481951367761041 54160.53206847107 16070.685221354166
2.4819660742038283 62613.90633165535 16124.722656249998
2.4819807788115105 62820.73679295405 15810.141927083332
2.4819954815846645 53557.220518138696 15624.180338541666
2.4820101825238674 44844.55152922013 15616.5
2.4820248816296964 38503.97040095065 15774.1416015625
2.4820395789027305 40367.1883738855 16070.615559895832
2.4820542743435494 38630.417740619756 16099.527669270832
2.482068967952731 38969.928763985285 16389.388020833332
2.482083659730856 43874.03890884238 16428.44140625
2.482098349678504 49925.97860920995 16510.786458333332
2.4821130377962586 52772.94838048271 16187.353841145832
2.4821277240847 52676.432992002214 16233.811848958332
2.482142408544409 50032.737421977625 15871.808268229166
2.4821570911759725 46628.27738435207 15944.791015625
2.4821717719799694 39150.88580961656 16376.581705729166
2.482186450956988 38978.580179007535 17348.258463541664
2.48220112810761 45720.47286278951 17506.597005208332
2.482215803432422 51982.57102909306 17959.158854166664
2.482230476932009 61003.58638857799 18072.256510416664
2.4822451486069568 62318.67128623147 18679.526041666664
2.4822598184578544 58804.760051349294 18443.686848958332
2.482274486485288 51558.795072246736 18371.309244791664
2.4822891526898445 46113.39451026504 18352.224609375
2.482303817072114 46017.983572240846 18552.668619791664
2.4823184796326863 42768.65090672741 18575.836588541664
2.4823331403721496 43366.551337100136 18421.781901041664
2.4823477992910945 50441.675122484914 18264.637369791664
