igrins/spectra/qs_vir_H_20190318.ecsv
# %ECSV 1.0
# ---
# datatype:
# - {name: WAVELENGTH, unit: um, datatype: float64}
# - {name: FLUX, datatype: float64}
# - {name: ERROR, datatype: float64}
# schema: astropy-2.0
WAVELENGTH FLUX ERROR
[from data line 1156]
1.5048781723361953 147642.57033719652 2761.137460613368
1.5048889502864717 146838.69785159905 2692.195246863109
1.504899726763844 146537.45444276766 2665.5115477510567
1.5049105017689561 146732.50765611627 2626.8349049282106
1.504921275302451 146325.464288451 2654.9611720106086
1.5049320473649732 145965.75251750223 2663.1236870600605
1.5049428179571647 146346.1805349415 2655.8452355046093
1.5049535870796698 146210.07354076093 2663.1930968833317
1.5049643547331308 147221.09348369238 2611.8376468808783
1.5049751209181912 147457.28053045622 2580.2015135143592
1.5049858856354934 147716.8916377531 2591.293492859528
1.5049966488856799 146450.04356100594 2570.9250428336345
1.5050074106693938 145802.50904684962 2539.4961417894415
1.505018170987277 145409.39599123737 2541.356933179696
1.5050289298399717 145022.63106170023 2539.7205148665507
1.50503968722812 144517.47946873607 2536.7588359647575
1.5050504431523635 144319.4796017052 2556.6100718377797
1.5050611976133448 144434.29685560474 2578.0618179903745
1.505071950611704 145059.5152857025 2557.50246487133
1.5050827021480842 145728.03846129816 2545.861920920719
1.505093452223126 145707.35821992572 2558.1148550740686
1.5051042008374702 144720.9986316152 2562.671407408156
1.5051149479917583 144551.79830142407 2563.726209071833
1.5051256936866313 143971.77891273375 2591.451460861148
1.5051364379227297 143574.16788671154 2599.9838125971096
1.5051471807006938 142905.3328235324 2629.6635351263035
1.5051579220211642 143325.01143540978 2681.7928757084933
1.5051686618847817 143138.29555414687 2773.6607100049214
1.5051794002921859 142345.6595247055 2980.0295116751463
1.505190137244017 141655.77729708434 3335.774857718154
1.505200872740915 142869.51088929258 3737.812165970148
1.5052116067835188 143165.85379468606 3734.2830465155307
1.505222339372469 143307.53102913417 3451.1942785498313
1.5052330705084047 142148.23919118126 3452.949543342714
1.505243800191965 141173.6185964498 3602.033187889257
1.5052545284237895 141050.95735964482 3631.6353357468906
1.5052652552045163 139804.67902677445 3432.3691624028793
1.5052759805347853 139720.8438730985 2965.6086839229147
1.5052867044152347 139383.30203654655 2755.184047715139
1.505297426846503 138446.25069679134 2978.536441638241
1.505308147829228 139495.99381927983 3334.1034836014724
1.5053188673640492 140940.08302626084 3547.93305676822
1.5053295854516038 142920.92856399284 3395.943388300724
1.50534030209253 143062.3890837652 2984.299460440987
1.5053510172874662 141912.2711037533 2678.665016691153
1.5053617310370493 141665.9386750148 2589.3159441935354
1.5053724433419176 141231.88246322627 2598.0790430614165
1.5053831542027076 141786.573353455 2627.6125134115705
1.5053938636200568 141680.07426745977 2636.281211018992
1.505404571594603 141126.52124618768 2615.818440601794
1.505415278126982 140474.61807018006 2574.4345483317343
1.5054259832178323 141289.94358587588 2590.753439522958
1.5054366868677884 141850.50527689865 2625.69493104982
1.5054473890774884 142894.5223467407 2645.174548665992
1.5054580898475682 142328.5637777869 2684.864037699638
1.5054687891786638 142526.19039794686 2688.2208190393353
1.505479487071412 142091.61670701252 2712.602586939319
1.5054901835264483 141756.5423870574 2755.6032379019084
1.505500878544408 141943.66774771185 2784.1967144281125
1.5055115721259273 142692.96806383046 3230.9661465709887
1.5055222642716422 142652.1238040483 4854.185754082777
1.5055329549821865 142912.65756295284 6839.521080750784
1.5055436442581969 142465.98962282875 8516.797518658135
1.5055543321003082 144621.7481649702 9265.84354065475
1.5055650185091545 144970.665731096 8709.893593000554
1.5055757034853714 146071.9252400173 7189.688657187548
1.5055863870295931 144626.9803637818 5135.044772315238
1.5055970691424545 144007.73389807635 3385.382492929538
1.50560774982459 141891.88257540058 2795.568517992844
1.5056184290766332 141980.69385326136 2743.345652338016
1.5056291068992185 141976.9040782079 2737.588760508914
1.5056397832929795 142597.2901697324 2736.235316847869
1.5056504582585508 142816.1886585435 2789.323972216106
1.5056611317965647 143120.31907709493 2820.253383813149
1.505671803907656 143224.85759145097 2805.028024476358
1.5056824745924573 143613.03053354035 2761.562411353167
1.505693143851602 144685.98392412937 2741.164438140138
1.5057038116857226 144220.75001370924 2734.75978211818
1.505714478095453 143048.2973031504 2720.300943436776
1.5057251430814251 141092.87492757535 2734.649720619756
1.5057358066442719 141712.9835662179 2759.0958125057427
1.5057464687846258 141905.06463111972 2764.063856747692
1.505757129503119 143015.3636932753 2763.363433690832
1.5057677888003833 143423.0203861235 2794.632853019465
1.5057784466770516 145135.89021741238 2845.5155298151813
1.5057891031337554 145368.39151728022 3000.3211871812127
1.5057997581711258 145935.65995728847 3255.5345344814095
1.5058104117897952 146386.51947160036 3630.7426430612527
1.505821063990395 145131.74720410872 3905.2687914118974
1.505831714773556 143675.3575508244 3745.7261857742224
1.50584236413991 141681.29489454936 3329.623520295016
1.5058530120900873 142640.56423526374 3023.7231858996274
1.5058636586247183 143731.10520744073 2842.778136583312
1.5058743037444349 144545.11368520145 2758.6057887699653
1.5058849474498675 144486.87932099833 2703.818585149492
1.5058955897416466 143638.7986141701 2663.94317615601
1.5059062306204012 143375.6903593053 2650.493013011434
1.5059168700867633 143156.46424914186 2655.4223097308704
1.5059275081413614 142617.07800466067 2659.2655821627636
1.5059381447848261 141893.3264583776 2629.8536616583406
1.5059487800177869 142198.05285808843 2644.5283002076703
1.5059594138408727 142882.9817229167 2647.3572381438184
1.505970046254714 142838.37922923936 2626.591785590685
1.5059806772599402 141535.16379229003 2620.924661943884
1.5059913068571784 141098.3346102903 2625.046246213287
1.50600193504706 140651.39208037138 2616.3477809823203
1.5060125618302127 140975.03183782406 2616.1667540023163
1.506023187207265 140449.88990977037 2613.808578493072
1.5060338111788456 141001.27801989403 2603.1406373835093
1.506044433745583 140780.63567297388 2608.3724914674153
1.506055054908106 141917.21202426183 2608.022135447971
1.5060656746670418 143226.65991661054 2627.923803160628
1.5060762930230187 144589.18749649776 2632.029784338141
1.5060869099766645 144060.2048960899 2629.658152785585
1.5060975255286067 142631.19935088756 2650.1548975890564
1.5061081396794729 142863.699919432 2667.5887880786195
1.5061187524298905 142320.07306932512 2654.343460624418
1.5061293637804867 141022.9656129381 2636.4349226359004
1.506139973731889 138786.34815173718 2621.4108401728763
1.5061505822847239 138922.9967475573 2641.714046436109
1.5061611894396183 139995.41957369872 2636.733954752464
1.5061717951971987 141550.18716234638 2623.6368157288243
1.5061823995580919 142814.56103541568 2656.027432213063
1.5061930025229235 142726.13626853388 2652.17040321013
1.506203604092321 142421.97816233753 2632.2410933247006
1.5062142042669089 141855.31812362617 2647.8623554183464
1.5062248030473144 142810.5408321985 2663.3585711597398
1.5062354004341627 143273.08887697276 2651.8488772810806
1.5062459964280803 143455.75341508733 2694.360421487233
1.5062565910296914 142220.70755012368 2760.5766558803975
1.5062671842396218 140836.94490049942 2774.2659623068716
1.5062777760584969 139662.32884067937 2791.610283229159
1.506288366486941 140086.7777675142 2742.7237345148365
1.5062989555255804 140847.3086948212 2693.7355936197
1.5063095431750388 141074.18102237929 2675.4167102837005
1.5063201294359405 142116.82004947445 2722.2996350892545
1.506330714308912 142802.5653166628 2877.205038516355
1.5063412977945752 144514.38081409736 2952.5643525546257
1.5063518798935553 143898.65405870747 2960.242003985881
1.5063624606064767 142914.42895358737 2854.8137237115334
1.5063730399339623 141412.84589229396 2718.644508837236
1.506383617876637 141487.61899516385 2675.5449006707854
1.506394194435123 142406.0072851823 2669.82722623232
1.5064047696100455 142705.9449767445 2680.392647842033
1.5064153434020262 142155.68916995922 2687.339199904416
1.5064259158116888 141862.10424705956 2720.1330825168293
1.5064364868396567 142321.22389095838 2824.867794845077
1.5064470564865524 143488.26381390373 2941.47673498623
1.5064576247529993 144388.0904915328 2951.5862439049024
1.5064681916396188 144287.12504877732 2872.5159242697305
1.5064787571470342 144978.74495606628 2754.6450346877064
1.5064893212758672 144451.97938215706 2693.0890557653975
1.5064998840267407 144212.54081176134 2685.791194159865
1.506510445400276 143929.7165806162 2686.387317360621
1.5065210053970957 144130.41473942465 2711.7209461457574
1.5065315640178205 144521.93558361233 2680.2061658720963
1.5065421212630723 143662.97588116152 2697.262308596057
1.506552677133473 144059.85316846444 2707.2444140230964
1.5065632316296433 145908.20992393364 2714.8395476184037
1.506573784752205 146558.3864127595 2755.263132951242
1.5065843365017788 146111.2996869997 2791.6617088333924
1.5065948868789851 145064.0111627982 2747.389295791104
1.5066054358844452 145887.081046765 2725.94568333785
1.5066159835187791 145999.39383183492 2721.6402767285913
1.5066265297826074 146016.6410407215 2743.7049386894123
1.5066370746765507 145032.49840188268 2739.4204998650043
1.5066476182012287 145092.14798663504 2736.327335969307
1.5066581603572613 144073.03419054963 2759.381626707573
1.5066687011452684 144176.38036064568 2760.194167606435
1.5066792405658702 143698.52239920406 2760.419690352555
1.5066897786196851 144293.3113472981 2744.451898184745
1.5067003153073344 146070.38913737875 2742.65899180006
1.5067108506294353 146738.99248069117 2804.1568440421147
1.5067213845866076 146765.80026557142 2808.8569671838595
1.5067319171794706 144764.42581245062 2829.0605898880344
1.5067424484086431 144516.36550313013 2852.1909170286563
1.5067529782747433 144746.4098596946 2865.272719467586
1.5067635067783898 145474.33590788918 2869.7973481174777
1.5067740339202007 145013.6182866683 2898.8498441014735
1.5067845597007958 145397.05669120152 2915.042776899729
1.506795084120791 146088.5942734484 2940.7405537819636
1.506805607180806 145930.00991507876 2988.845490528753
1.5068161288814577 143374.94086737453 2983.0105250360593
1.5068266492233633 141337.66918906244 3191.0269212144754
1.5068371682071413 143264.3954752881 4063.95414423898
1.5068476858334083 146515.27596439532 4956.133251859405
1.5068582021027819 148109.63783221992 5306.071860052903
1.5068687170158792 145376.56988944416 4938.595201110653
1.5068792305733167 141932.42485102924 4015.2445073770723
1.506889742775712 141339.1763143654 3266.4643493026483
1.506900253623681 144217.64542912296 3180.2492635189747
1.5069107631178402 146037.7042647785 3790.134390229331
1.5069212712588058 144908.65606931935 4781.015763560782
1.506931778047195 144867.45258626543 5407.062849962528
1.5069422834836226 146239.88614272996 5350.863582409653
1.5069527875687052 148008.44670282557 4628.565902025953
1.5069632903030588 147223.256141255 3664.9040467827613
1.5069737916872976 146468.1502301338 3163.4762927999695
1.5069842917220384 144707.48428650905 3097.9954671071255
1.506994790407897 142862.89045089931 3079.986640213681
1.5070052877454867 142563.25229571157 3072.53657389199
1.5070157837354239 144646.87887335772 3053.8677698968972
1.5070262783783237 146364.08802540976 3058.8223097581345
1.5070367716747999 147426.66292195098 3079.1763029934496
1.5070472636254673 147094.4467130445 3073.3287911845746
1.5070577542309405 147729.22273144478 3095.850354129332
1.5070682434918339 147290.22347850853 3105.4366422169433
1.5070787314087613 147330.46168933535 3086.449094540385
1.5070892179823374 146120.8414349543 3068.6115233538626
1.5070997032131754 145782.26211133634 3075.1014666065753
1.5071101871018895 146276.37873293465 3112.8595880576027
1.5071206696490929 147284.0392065774 3110.2154517969475
1.5071311508553995 148971.62985612452 3162.2161263999087
1.5071416307214218 149479.72592454636 3156.3716100438414
1.5071521092477735 149200.43591524725 3077.0842738933056
1.507162586435068 148986.0153971162 3116.4140423455756
1.507173062283917 148731.827577174 3162.8246102202165
1.507183536794934 147919.72745352605 3168.9434673829132
1.507194009968731 147288.42896583845 3215.1383919422096
1.5072044818059214 147712.05630454762 3264.628222414745
1.5072149523071168 149983.23710063403 3323.165627402147
1.5072254214729293 153229.40992279397 3527.4786523804332
1.5072358893039712 154834.52919960857 4084.0210463847857
1.5072463558008538 156288.26921462803 5041.54143293292
1.5072568209641894 153607.3765544514 6104.808674318206
1.507267284794589 152393.7752520126 5446.050163770628
1.507277747292664 150165.5395142362 4280.910892558711
1.5072882084590264 150530.03569543787 3689.8407352666686
1.5072986682942864 149289.2684457532 3472.8361409513354
1.5073091267990555 149164.30641088873 3367.5739424676476
1.5073195839739444 149491.21240747586 3375.404710536787
1.5073300398195637 150690.76246634332 3483.593236789256
1.5073404943365243 152313.46588113118 3524.0926508303337
1.5073509475254356 151739.7248054105 3528.4094659142293
1.5073613993869086 151669.67650232272 3425.0830254529906
1.5073718499215538 150623.7482088707 3305.8027052092657
1.5073822991299803 149802.72477364488 3197.4956715338444
1.5073927470127981 147766.93982664717 3167.0959387483636
1.507403193570617 146342.8477412886 3091.0565091297453
1.507413638804046 146178.75599016703 3086.251870877002
1.5074240827136955 147287.9324701578 3090.2431903470433
1.5074345253001746 147962.58381842723 3063.4365196035906
1.5074449665640912 148885.11600332634 3053.096866324009
1.5074554065060553 150230.89271776914 3066.4520255688094
1.5074658451266756 151164.15593694634 3037.745622263546
1.5074762824265595 150592.28501779924 3029.1590098115344
1.5074867184063174 149534.8309106203 3054.4982860992327
1.5074971530665562 150060.29849073867 3041.7318802440936
1.5075075864078848 151450.76429982134 3036.660450735097
1.5075180184309107 151405.04119304536 3063.1967264980512
1.5075284491362426 149870.46312276606 3057.5979596410307
1.5075388785244874 148896.7931449599 3013.5472996816075
1.5075493065962533 149832.06231696243 3018.9217580095524
1.5075597333521482 150949.84867780085 3014.7140777154323
1.5075701587927786 151372.8249688643 3014.296441272916
1.507580582918752 150861.58854833778 3028.836881869866
1.507591005730675 150136.22999885483 3011.339912194987
1.507601427229155 149607.08558371136 2979.4673440789593
1.5076118474147986 149092.1030259857 2985.1974116915258
1.5076222662882124 149252.86328707327 nan
1.507632683850003 nan nan
1.5076431001007766 148827.27987791412 nan
1.5076535150411394 146883.325353386 2979.91259765625
1.5076639286716975 146778.2350047296 2976.94580078125
1.5076743409930564 146343.37090464955 2972.132568359375
1.5076847520058225 147299.44722246012 3029.505859375
1.5076951617106011 149652.99869137938 3045.8173828125
1.5077055701079969 150605.8729910766 3077.8359375
1.507715977198616 150880.27986559528 3187.824951171875
1.5077263829830634 150127.71330253128 3218.114013671875
1.5077367874619443 151634.04450646526 3166.28857421875
1.5077471906358633 152361.23424087846 3086.591064453125
1.5077575925054254 152438.74426224252 3008.638671875
1.5077679930712342 151247.3281870251 2964.94580078125
1.5077783923338952 151345.10354712242 2964.287353515625
1.5077887902940126 151246.4263938003 2933.04736328125
1.5077991869521905 150845.64348707628 2929.71044921875
1.5078095823090323 151280.68608046987 2943.65283203125
1.5078199763651419 151444.1147700739 2940.780517578125
1.5078303691211237 152120.27118844894 2906.86083984375
1.5078407605775805 150535.0907686771 2917.765869140625
1.5078511507351164 149920.72416461463 2925.96826171875
1.5078615395943344 149612.38855009185 2971.6748046875
1.5078719271558376 150890.9774868567 3000.95703125
1.5078823134202284 151661.67439099267 2982.62451171875
1.5078926983881107 152076.1949466547 2945.680908203125
1.5079030820600867 152069.00381627222 2916.693603515625
