igrins/spectra/qs_vir_K_20190318.ecsv
# %ECSV 1.0
# ---
# datatype:
# - {name: WAVELENGTH, unit: um, datatype: float64}
# - {name: FLUX, datatype: float64}
# - {name: ERROR, datatype: float64}
# schema: astropy-2.0
WAVELENGTH FLUX ERROR
[from data line 14179]
2.1775956343849825 62013.170661677876 761.4775390625
2.1776095236896946 61876.34456178698 761.4300537109375
2.177623411218398 62165.97721472057 758.187255859375
2.1776372969713402 62158.924826247996 762.87353515625
2.177651180948771 62385.587675633724 757.924560546875
2.1776650631509384 62634.43995784964 761.843994140625
2.177678943578091 62980.20543896897 758.9051513671875
2.1776928222304797 62853.482897811235 755.0018920898438
2.1777066991083522 62625.66383505547 755.6458129882812
2.177720574211959 62178.832717734826 765.6422119140625
2.1777344475415505 61795.72171381226 762.398193359375
2.1777483190973768 61875.75952571105 757.7952880859375
2.1777621888796874 62302.00512008296 767.0714111328125
2.1777760568887334 62894.92358165727 768.1697387695312
2.1777899231247666 62798.43953145831 770.7191772460938
2.177803787588036 62729.8686171532 765.1000366210938
2.177817650278793 62530.25772325939 766.971923828125
2.1778315111972906 62679.974783762445 767.9650268554688
2.1778453703437797 62522.24037639188 766.0985107421875
2.1778592277185105 62512.43841170335 760.7357788085938
2.177873083321737 62096.23220112058 762.8380737304688
2.17788693715371 61967.469111042614 766.6057739257812
2.1779007892146836 62133.68923877356 764.760498046875
2.1779146395049085 62400.26738271788 769.2448120117188
2.177928488024639 62924.102968036124 769.2101440429688
2.1779423347741265 62612.35319986126 774.6239013671875
2.1779561797536258 62706.29688430475 770.41015625
2.1779700229633896 62834.19757649678 777.5582275390625
2.177983864403671 62929.70037931773 781.1000366210938
2.177997704074725 63003.26656112441 775.032470703125
2.178011541976805 62366.013586412766 774.0167846679688
2.1780253781101653 62477.71130571551 766.1698608398438
2.17803921247506 61982.265800584755 769.5494995117188
2.178053045071744 62368.47421682338 767.08203125
2.1780668759004724 62475.1923242229 778.99951171875
2.1780807049615 62991.72531299983 771.4269409179688
2.1780945322550824 62425.19485109672 770.4676513671875
2.178108357781475 62240.04144915787 763.9570922851562
2.1781221815409326 62065.18189966555 773.4099731445312
2.1781360035337127 62392.28819183977 770.8892822265625
2.1781498237600694 62727.50829333109 771.5431518554688
2.1781636422202597 62873.43809589526 774.0606689453125
2.1781774589145417 62748.48540854267 772.9671630859375
2.1781912738431704 62630.901465783434 766.2979736328125
2.1782050870064027 62541.946312364176 774.4192504882812
2.1782188984044963 63065.22289454471 768.6829833984375
2.178232708037709 62993.53537269027 778.7913208007812
2.178246515906296 63196.50500348762 783.9417724609375
2.178260322010518 62386.06443446639 788.5048828125
2.1782741263506313 62493.31288767873 778.6472778320312
2.178287928926894 62693.1483977645 790.1377563476562
2.178301729739566 63092.371053499664 793.4219970703125
2.1783155287889038 63306.72449399507 796.9049682617188
2.178329326075167 63097.03545797811 822.0380859375
2.1783431215986138 63225.61357775888 849.1630859375
2.1783569153595055 62794.10862969265 879.7814331054688
2.1783707073580993 62616.015294155775 881.823974609375
2.178384497594655 62788.96451974241 858.9898681640625
2.178398286069434 62780.29629011231 853.5439453125
2.1784120727826948 63047.55800910529 862.91162109375
2.1784258577346973 63503.913093643554 881.3587646484375
2.178439640925703 63776.58515509655 881.9757690429688
2.178453422355972 63388.614946134854 855.2018432617188
2.178467202025766 62824.27767828156 823.93994140625
2.178480979935343 62647.043474512684 818.2259521484375
2.178494756084968 62881.60361820394 828.3557739257812
2.1785085304749012 62980.06293392987 868.8959350585938
2.178522303105403 63018.18267961443 921.0631713867188
2.178536073976736 62907.28794125473 947.4765014648438
2.178549843089162 62997.305430093445 930.7937622070312
2.1785636104429447 63078.78610918482 875.050537109375
2.178577376038344 63019.641304462646 824.9800415039062
2.178591139875624 62326.74626668466 804.4309692382812
2.178604901955048 61804.459347274766 789.70556640625
2.1786186622768784 61869.55671207173 790.41796875
2.1786324208413776 62257.4992320274 798.0001220703125
2.1786461776488113 62171.80302318904 791.3748168945312
2.178659932699441 62004.87662934511 785.4013061523438
2.1786736859935316 62039.41994038987 788.1484985351562
2.1786874375313476 62830.27975528099 781.56005859375
2.1787011873131523 63289.98462180143 800.5496826171875
2.17871493533921 63168.02780332931 795.4468994140625
2.1787286816097864 62652.427944774085 790.4471435546875
2.1787424261251465 62066.18579595389 790.5164184570312
2.178756168885554 62303.79857620267 789.2349243164062
2.178769909891276 62239.92789979813 788.5740966796875
2.178783649142577 62373.00932639279 792.3939819335938
2.1787973866397228 61842.12418995608 795.792236328125
2.178811122382979 61641.22806580586 779.1978149414062
2.178824856372612 61508.572825114155 780.867919921875
2.1788385886088886 61738.42089225144 795.5371704101562
2.178852319092075 62276.25179484737 804.156005859375
2.1788660478224378 62593.66688093856 809.5233154296875
2.1788797748002438 62824.490773026366 809.162109375
2.1788935000257617 62908.78931289028 803.97998046875
2.1789072234992566 62729.19286748799 801.5256958007812
2.178920945220996 62611.02557820388 793.5437622070312
2.1789346651912505 62209.16820996429 790.3384399414062
2.1789483834102863 62404.50377302627 791.99072265625
2.1789620998783708 62398.84549895461 797.6885375976562
2.1789758145957734 62523.520857774914 789.83056640625
2.178989527562762 62170.65392901588 802.5599365234375
2.1790032387796074 62488.21602279736 801.6673583984375
2.1790169482465753 62845.55949510759 806.1762084960938
2.179030655963938 63145.32142846175 819.7843017578125
2.179044361931963 62329.663577679516 876.9983520507812
2.1790580661509207 61971.64343459018 957.8713989257812
2.17907176862108 61828.00726446919 998.6394653320312
2.179085469342713 62587.63300801836 982.3927001953125
2.1790991683160876 62558.97807050048 904.2112426757812
2.179112865541475 62579.30663564619 823.2841796875
2.1791265610191473 62354.811029521545 809.9932250976562
2.1791402547493726 62634.74536362658 807.752685546875
2.179153946732425 62296.780916721546 809.8351440429688
2.179167636968573 62133.41683484682 808.369873046875
2.1791813254580905 61966.74607536629 818.0529174804688
2.179195012201247 62166.280417102746 835.2822265625
2.1792086971983156 61961.870996256876 830.8545532226562
2.1792223804495685 61866.23750596511 842.3338012695312
2.1792360619552773 62101.54002824103 872.9248657226562
2.179249741715715 62608.30984414353 909.5922241210938
2.1792634197311536 62290.552434785044 963.9815063476562
2.1792770960018673 61810.343776198664 1012.0662841796875
2.1792907705281275 61472.260356484476 1054.0120849609375
2.1793044433102087 61749.02540156681 1044.6322021484375
2.179318114348385 62054.97707804595 993.0372314453125
2.179331783642928 62669.62908860111 931.5484619140625
2.1793454511941133 63127.53186327391 890.8133544921875
2.179359117002215 62719.14484466937 862.7949829101562
2.179372781067506 62073.178603927765 836.9744873046875
2.1793864433902623 61521.546024852345 831.08349609375
2.1794001039707585 61765.19950396367 832.9400634765625
2.1794137628092694 61728.6185681225 821.9874877929688
2.1794274199060695 61609.98965625806 822.87353515625
2.1794410752614346 61661.64165039887 817.9061889648438
2.179454728875641 61830.70243965319 818.0103759765625
2.1794683807489634 62423.16300492386 821.2655639648438
2.1794820308816782 62297.2888894632 831.7105712890625
2.179495679274062 62154.06144901338 822.672607421875
2.1795093259263902 61687.92076394211 825.7256469726562
2.1795229708389403 61648.14406255346 833.9408569335938
2.179536614011988 61346.85911120796 880.2359619140625
2.179550255445811 61123.40568005811 960.6670532226562
2.1795638951406877 61152.87377247101 991.29296875
2.179577533096894 61070.882888539294 987.7205810546875
2.179591169314707 60840.37320136154 917.0603637695312
2.1796048037944065 60343.91011275102 839.088623046875
2.1796184365362685 60603.04531045018 816.1742553710938
2.179632067540572 60560.24124352498 827.0191650390625
2.1796456968075963 61077.96853412749 835.9493408203125
2.1796593243376194 61106.29673747837 838.4208374023438
2.1796729501309198 61629.3179084048 823.9154052734375
2.1796865741877767 61725.395251092676 824.4122314453125
2.1797001965084695 61346.49063648757 831.0551147460938
2.179713817093277 60998.23996259485 840.3998413085938
2.17972743594248 60978.47177336131 846.5935668945312
2.179741053056359 61117.41460686849 854.3375854492188
2.1797546684351916 61006.61205183144 834.0953369140625
2.1797682820792588 60837.43906264669 826.2382202148438
2.1797818939888436 61007.96098204959 825.0430297851562
2.1797955041642236 61230.3907814775 818.3092651367188
2.179809112605681 61237.079729071396 817.469482421875
2.179822719313497 61075.072316187514 814.0816040039062
2.1798363242879524 60909.797167770244 815.5072631835938
2.1798499275293293 60429.8637463607 811.0800170898438
2.1798635290379083 60093.38710081466 819.0485229492188
2.1798771288139736 59734.645307912244 816.8814086914062
2.179890726857805 59940.13324711157 817.6197509765625
2.179904323169686 60612.89561330702 826.7329711914062
2.179917917749899 60955.9853006298 839.992431640625
2.179931510598726 60735.19830580497 833.264404296875
2.1799451017164513 60144.32208897181 834.1365356445312
2.179958691103356 59889.952241024585 839.6365356445312
2.1799722787597258 60474.822799476446 836.0530395507812
2.179985864685843 60649.698474314784 844.3848266601562
2.179999448881992 60759.38192153178 834.6802368164062
2.1800130313484556 60493.04247741 838.5573120117188
2.1800266120855194 60422.8382297977 835.8283081054688
2.180040191093467 60771.088217523626 840.7238159179688
2.1800537683725825 60740.59791059098 848.0662231445312
2.1800673439231515 60687.79682635372 851.5469360351562
2.180080917745459 60139.08460983125 850.6588134765625
2.1800944898397896 59992.70008217092 853.5946655273438
2.1801080602064293 60310.232302633005 862.7830200195312
2.1801216288456637 60300.68920547221 871.1074829101562
2.180135195757779 60696.38651042545 864.5930786132812
2.180148760943059 60488.91244645443 878.8724975585938
2.180162324401793 60432.44941789303 940.0466918945312
2.1801758861342657 60782.877338893064 1360.690673828125
2.1801894461407647 59961.6145599 1883.500732421875
2.1802030044215743 60621.42986849839 2095.70556640625
2.180216560976985 60460.989582718204 2290.343505859375
2.1802301158072823 61377.37311886015 2338.692138671875
2.180243668912754 60688.890688506224 2150.126220703125
2.180257220293687 60387.459981308435 2022.633544921875
2.1802707699503694 60199.65224257962 1581.34423828125
2.180284317883091 60530.7820097904 1019.4217529296875
2.1802978640921378 60306.04764473793 883.1203002929688
2.1803114085778006 60460.38961290196 867.1205444335938
2.1803249513403644 60352.68375783961 868.0655517578125
2.180338492380122 59903.23874191033 864.9420776367188
2.1803520316973604 59561.33075689817 862.7960815429688
2.1803655692923694 59847.11522960376 868.2672729492188
2.180379105165439 60558.66909838098 864.101806640625
2.1803926393168584 60981.78198737262 869.034423828125
2.1804061717469168 60601.64831644122 873.6358642578125
2.1804197024559056 60396.19623151061 858.179931640625
2.180433231444115 59820.554277546406 860.45166015625
2.180446758711834 59726.97782941979 851.6177368164062
2.1804602842593557 59712.421886758515 848.364990234375
2.180473808086969 60153.278727861325 852.9913940429688
2.1804873301949663 60535.06925383989 862.7642822265625
2.1805008505836385 60257.427603350996 868.2222900390625
2.1805143692532774 60359.25689221554 862.1638793945312
2.180527886204174 59963.35022799289 857.4168090820312
2.180541401436621 60270.868159863734 848.1744384765625
2.1805549149509105 60471.00792918782 861.8638305664062
2.180568426747335 60875.60869901829 870.0236206054688
2.1805819368261865 61029.15409353359 870.9266357421875
2.1805954451877585 60733.25622484487 877.3319091796875
2.1806089518323435 60621.49155890714 876.4915161132812
2.180622456760235 60206.17960856603 879.123779296875
2.180635959971726 60489.65643403558 866.918701171875
2.1806494614671106 60697.26864960184 879.8047485351562
2.1806629612466817 61015.168123352385 878.2041015625
2.1806764593107353 60982.11371808686 875.2476806640625
2.1806899556595636 60612.974603580245 879.061767578125
2.180703450293462 60953.5818423914 873.2103881835938
2.1807169432127242 60736.57034772564 890.3239135742188
2.180730434417646 61173.0350788262 892.1701049804688
2.1807439239085227 60893.67273091283 890.2008056640625
2.180757411685649 60992.8072736944 886.609619140625
2.18077089774932 61039.20496698508 881.5247802734375
2.1807843820998323 61436.63032292199 886.7284545898438
2.180797864737481 61531.90550329555 885.0711669921875
2.1808113456625624 61175.34620223763 892.740966796875
2.180824824875372 61067.89184311005 886.4935302734375
2.180838302376208 60990.06472362064 895.3372802734375
2.180851778165366 61059.76234592246 891.4141845703125
2.1808652522431426 61263.771387167675 893.0581665039062
2.180878724609836 61192.13536264296 900.6419067382812
2.1808921952657423 61597.371103777135 893.8947143554688
2.1809056642111595 61119.48918311174 906.670654296875
2.1809191314463856 61205.63174805342 896.5723876953125
2.1809325969717186 61368.119884462794 908.6968994140625
2.180946060787456 61616.951893054546 913.7556762695312
2.1809595228938963 61411.796864107935 914.8493041992188
2.1809729832913383 61052.89204181272 900.6249389648438
2.180986441980081 60784.28213427605 905.2486572265625
2.180999898960422 61142.204718200854 915.2210693359375
2.181013354232662 61172.946853539055 907.023193359375
2.1810268077971 61825.02465047559 908.0891723632812
2.1810402596540346 62372.25199523415 914.7858276367188
2.1810537098037663 63398.49056944802 916.5601806640625
2.1810671582465955 63181.3109678487 923.0882568359375
2.1810806049828217 62369.383622256966 917.487060546875
2.1810940500127454 61278.705795537506 907.2283325195312
2.1811074933366665 60821.826268505145 911.2530517578125
2.181120934954888 61180.42189248546 909.7176513671875
2.1811343748677094 61268.32326195145 916.6306762695312
2.181147813075431 61335.63070035564 918.7639770507812
2.181161249578355 61249.5541246035 915.690673828125
2.181174684376784 61333.57030867328 911.2067260742188
2.181188117471019 61237.55574405374 916.9688110351562
2.181201548861361 61480.05885664059 914.58837890625
2.181214978548114 61350.02833226704 929.9063720703125
2.181228406531579 61562.463096854866 919.3515014648438
2.1812418328120597 61288.46012417554 921.6050415039062
2.1812552573898594 61559.77671431028 928.7521362304688
2.1812686802652785 61480.73547992311 925.2725219726562
2.1812821014386237 61578.53352116645 916.3297729492188
2.1812955209101954 61504.83665776851 922.491455078125
2.181308938680299 62118.72330439476 930.2432250976562
2.181322354749238 62384.71907216353 939.6835327148438
2.1813357691173167 62494.41808927413 931.3204956054688
2.1813491817848396 62207.922564682274 933.566650390625
2.18136259275211 62065.603572567714 929.027587890625
2.1813760020194333 62256.000660959035 934.3016967773438
2.1813894095871142 62292.04146839013 935.5846557617188
2.181402815455458 62606.13184392988 939.01953125
2.1814162196247704 62825.29084746784 938.7315673828125
2.1814296220953566 63121.44412785938 934.1256103515625
2.181443022867522 63213.34102897223 943.270263671875
2.1814564219415717 62967.94471647228 943.3180541992188
2.1814698193178144 62584.58526764148 946.4323120117188
2.181483214996554 62517.77079240179 943.6674194335938
2.1814966089780987 62683.46025251264 940.6275024414062
2.1815100012627533 63134.07469325242 949.11181640625
2.1815233918508263 63158.13771959459 951.6326293945312
2.1815367807426242 63112.12916228326 957.5206909179688
2.181550167938455 62619.88785422421 954.0100708007812
2.1815635534386253 62166.891065143056 951.2557373046875
2.181576937243444 61809.97238169806 955.2572631835938
