igrins/spectra/qs_vir_K_20190318.ecsv
# %ECSV 0.9
# ---
# datatype:
# - {name: WAVELENGTH, unit: um, datatype: float64}
# - {name: FLUX, datatype: float64}
# - {name: ERROR, datatype: float64}
# schema: astropy-2.0
WAVELENGTH FLUX ERROR
[from data line 22529]
2.182438511057198 63434.92976312621 991.1357818744165
2.182455187222987 63065.7702247701 197.79589516368495
2.182471861632935 63685.55276966682 1079.7190040811868
2.182488534286587 63639.098234806086 1750.7347366460176
2.1825052051834875 63403.60598073699 893.6802860735712
2.1825218743231827 63005.1877389128 971.067144817283
2.182538541705216 63512.00268853605 300.31979750746234
2.1825552073291346 63311.78860725357 191.67053589262918
2.182571871194487 64471.34929939416 856.1671925702485
2.1825885333008186 63826.03904205343 930.8487608595188
2.1826051936476785 63514.32925622417 697.1728147335255
2.182621852234615 62885.9150237738 321.3896526221803
2.182638509061179 63196.68145312147 395.3678768403966
2.182655164126919 63727.46877727384 915.3107140405752
2.1826718174313866 63206.89614077601 858.5046238432165
2.182688468974132 63876.47989224352 1486.26663215114
2.1827051187547086 64301.15735300913 267.3209558028955
2.1827217667726675 63054.014312598316 1382.4178850541186
2.1827384130275624 62977.731317193335 1210.3234384724751
2.182755057518948 63859.0230134019 1829.5604316435479
2.182771700246377 63295.20297504329 152.24186637328245
2.1827883412094065 62777.39797125367 66.6955486440042
2.1828049804075893 63877.816940779696 1177.6818147285887
2.1828216178404842 63078.12595267633 1188.1876687461227
2.1828382535076476 62819.04232117848 727.4130124730236
2.1828548874086353 62638.35782203898 675.1873949947474
2.1828715195430073 63213.51509775572 787.1606723200423
2.1828881499103217 64500.44966415889 421.52438394311633
2.1829047785101374 64360.791476753846 216.01655682922348
2.182921405342016 63639.434678520105 251.36129816600078
2.182938030405516 63971.36497479425 336.40641416042035
2.1829546537002 64054.707630160054 1777.883772777349
2.1829712752256287 63236.53620384043 787.3414368899084
2.182987894981366 63551.39686829988 213.1559242257036
2.1830045129669737 63500.26164997304 254.00203981909527
2.1830211291820167 62508.050527675674 678.6318811815025
2.183037743626058 61968.03330369968 733.4196487902788
2.1830543562986637 63587.54664356726 729.3268721394674
2.183070967199398 64465.5771991674 1335.3233476929977
2.18308757632783 63319.677641145914 79.17654318940262
2.1831041836835223 64037.22836644585 561.1874082404564
2.1831207892660456 62519.01455339775 1431.652879198192
2.183137393074966 63461.78547234848 726.9660449541329
2.183153995109854 63871.08287249607 90.04199799028738
2.1831705953702776 63259.93040268549 157.39930684742632
2.183187193855807 63244.83394412432 688.7794582034486
2.1832037905660133 63493.73758803258 204.54584362682056
2.1832203855004666 63189.070041237326 1293.5293060459187
2.183236978658739 62377.46953073126 1547.8278581098027
2.1832535700404034 63156.88229301842 850.2891369965332
2.183270159645032 64392.550516349605 195.5279290041911
2.1832867474721995 63541.451600535256 402.3818393517613
2.18330333352148 63502.730152309094 1633.956851716476
2.183319917792447 62884.17924340652 1641.4014549354774
2.183336500284678 62528.32105282233 3053.1621082001197
2.1833530809977475 64418.862555777785 3080.531880770455
2.1833696599312327 66075.63376839088 521.8878468179754
2.183386237084712 62719.44405887454 913.9887976867254
2.183402812457761 64046.69759233265 1611.5847470672845
2.1834193860499607 64223.36624053829 209.83442728983437
2.18343595786089 64152.31865152164 371.4865489764363
2.183452527890128 63632.95972173754 210.0660299057775
2.1834690961372543 63668.210618565376 855.9824405707847
2.1834856626018517 63648.26574208585 130.33672735753152
2.183502227283501 63222.20554223241 1551.247569391526
2.1835187901817847 63019.0285157513 481.5282997841106
2.1835353512962863 62081.132919074276 642.352805795836
2.183551910626588 62283.18992646269 1699.3237417606135
2.183568468172276 62616.33021368665 1149.259719769587
2.183585023932933 62364.26812680004 0.6146083938451723
2.1836015779081457 61703.37405000528 1689.9094629554575
2.183618130097501 62199.047290050774 1485.414121909292
2.1836346805005826 62500.82364062204 1180.5655909419938
2.183651229116981 62041.046212767964 1280.3114163239024
2.1836677759462817 61783.88781333991 1196.2977402371112
2.1836843209880747 63200.482439548934 1730.4502824896092
2.1837008642419486 63824.721717222055 1779.9485792444484
2.183717405707494 62404.18662143402 1543.6817705290948
2.1837339453843 61416.87614473933 239.25569422760074
2.183750483271958 61600.89630501748 1620.3608827993285
2.1837670193700607 62316.17655148147 656.7265333828583
2.1837835536781993 61472.34709773489 1102.5598649806352
2.183800086195966 60792.50625187928 1903.9969339692595
2.1838166169229565 63138.22460130583 408.4564339078437
2.1838331458587628 62483.19748232722 898.0430125473155
2.183849673002981 61168.35227902512 2658.0838571748372
2.183866198355206 62072.11204467082 2107.8531037243124
2.1838827219150327 62184.48483128448 1336.7906005489485
2.1838992436820597 61896.5007256488 851.7695428057161
2.183915763655883 61824.304301462216 1480.6003979596273
2.183932281836101 62453.23773258653 852.6677383791917
2.183948798222311 62178.19326863869 1676.0616306144022
2.183965312814114 62012.13172272857 2350.0389915653477
2.1839818256111085 61605.07355478124 1948.119357331738
2.183998336612895 62128.910756890546 2140.4972602724165
2.184014845819074 62404.42687576687 1592.001789799875
2.1840313532292477 60938.39478969352 1980.7735412743443
2.1840478588430186 61503.96602649682 1699.2784435680437
2.184064362659989 61979.22270608189 1071.4701448596193
2.184080864679762 62361.23527119007 1965.5036609225583
2.1840973649019415 62825.216002263805 1550.5454728203154
2.1841138633261337 62495.858115968185 486.4413108258095
2.184130359951942 62700.70333872776 258.00373548877985
2.184146854778975 61516.98459121828 521.5779879987281
2.1841633478068356 61188.43136388452 924.376683638085
2.1841798390351337 61975.00991595428 44.21596533559083
2.184196328463476 62150.228813966925 790.8400827660771
2.1842128160914713 61921.73417783754 1362.7845200064621
2.1842293019187276 61590.445044757376 2535.2642993838267
2.1842457859448556 61236.09991905328 1342.5742081098867
2.184262268169466 61603.97066837886 365.38206050399424
2.184278748592169 62414.63406260892 160.07464817583048
2.184295227212576 61198.871836440565 891.1318681636
2.184311704030299 61505.73459570212 1299.0155404938664
2.1843281790449516 61942.434031899415 1489.5587812445467
2.1843446522561454 61563.63676254595 1235.1220701291404
2.1843611236634963 61260.775265225384 731.8511820140609
2.1843775932666185 61298.10393159167 842.4107861029116
2.184394061065126 62180.566323057385 366.0949173415054
2.1844105270586365 61775.180330079966 946.4038351909707
2.184426991246765 61814.38442869095 1280.373993193026
2.184443453629129 61195.07070839223 1207.8012470479603
2.184459914205347 60853.976122301036 2040.517460553772
2.184476372975036 61581.699889899974 1002.1180538592513
2.184492829937816 61670.68406315704 156.5861642899402
2.1845092850933057 61551.01153054385 1112.3798224250856
2.1845257384411254 61753.79312967196 966.6442626563396
2.184542189980897 61205.74360678548 1059.7746207226685
2.1845586397122414 61625.24973544474 621.3921339164185
2.18457508763478 61772.25743354246 1547.8931919717666
2.184591533748136 62496.65999477849 1629.9395184778955
2.1846079780519334 62470.054515574644 1782.4854662120813
2.184624420545795 61986.08049238804 2074.8293634251095
2.184640861229345 60823.99994155322 1572.981102114169
2.1846573001022107 61640.52276770706 1049.9407263762012
2.184673737164015 62396.24753930459 1357.989367750601
2.1846901724143866 61629.978908696736 2351.1592654794576
2.184706605852952 62346.9554471301 642.5464432111189
2.1847230374793374 62752.360708813285 750.8704773709604
2.184739467293173 61439.69229117182 1221.7436737458713
2.184755895294087 61865.17750279876 474.7623335126745
2.184772321481709 61140.8204520435 1905.1430547848718
2.184788745855668 62101.29153585367 1523.5730683773836
2.184805168415597 61870.989754624905 1337.0302088671629
2.184821589161125 61985.33811757972 1568.3588851314396
2.184838008091885 61976.96926294379 1576.465549044776
2.18485442520751 61231.86293114207 1997.6639209459804
2.184870840507633 62756.666957023044 1102.9122301065463
2.1848872539918878 62590.39285918324 1815.740390917481
2.184903665659909 62556.77190045277 1150.729864334195
2.184920075511331 61440.17461493871 1141.733416942102
2.184936483545791 60765.86399485984 2094.6563054894946
2.1849528897629225 62369.690578477675 1065.049757098062
2.1849692941623657 63060.37159686101 648.107226432883
2.1849856967437566 62820.881995142256 86.63956403912962
2.1850020975067337 63290.61783086294 937.1611265849912
2.1850184964509354 62800.528052917674 110.59662099649054
2.185034893576002 63080.8144618335 217.85019197566228
2.1850512888815725 61807.804159121835 998.1314129154891
2.1850676823672885 61645.570427335515 1239.5353128661416
2.1850840740327904 60189.692565548794 1772.7115216281743
2.185100463877721 60258.89251753361 1052.8673257227267
2.1851168519017223 61291.56466219563 1617.1123990100743
2.185133238104438 61869.86359289753 1930.2316015983008
2.1851496224855103 62536.90941404901 290.7731123540079
2.1851660050445862 62043.973343596845 30.065977362906864
2.1851823857813093 61449.84580024158 127.40827213225423
2.185198764695324 61063.26930674645 1035.4777286230756
2.185215141786279 62453.591556418185 731.9044510717192
2.18523151705382 62284.89427169716 936.7923055153501
2.1852478904975947 61352.87927515188 1370.0468061124438
2.185264262117251 61101.77041970245 937.5687578456907
2.1852806319124376 61987.07927821459 713.4782990764979
2.185296999882804 61124.762616901826 1227.5147685799486
2.1853133660280006 61196.075594596165 1573.7554705189298
2.1853297303476764 62278.88475700835 940.1032044529488
2.1853460928414856 61899.31071702181 87.02774858506257
2.1853624535090774 61394.959980630156 281.1153324857692
2.185378812350105 61019.46716205482 686.0166546713384
2.1853951693642224 61473.5632436942 325.98971981569883
2.1854115245510823 60996.12878316288 810.2781207497145
2.1854278779103398 59523.301626687404 118.86218009209513
2.185444229441648 59864.03761787235 1302.4893554310347
2.1854605791446655 60347.12619734331 1482.8612167724548
2.185476927019046 61663.15927335754 1815.9433114854978
2.185493273064447 61342.866222341 479.03151522884764
2.185509617280527 61598.84502669838 166.30301250866032
2.1855259596669434 61568.49054956212 942.0679750367888
2.185542300223354 61680.580086429276 1274.2839599235276
2.185558638949418 61229.72643295695 1009.1067888921054
2.1855749758447978 61632.43098579625 141.02503766420747
2.185591310909152 60689.42018016977 641.2312004528511
2.1856076441421415 60617.44494279476 1776.5122398783421
2.1856239755434292 61497.6172072486 1269.5756318758433
2.1856403051126763 60858.13358523465 1325.5002554199248
2.1856566328495473 61326.715343315904 1694.006077009844
2.1856729587537043 61296.638741066025 707.0549499827129
2.1856892828248125 nan nan
2.1857056050625365 nan nan
2.185721925466542 nan nan
2.185738244036495 62876.06127636605 1201.636962890625
2.1857545607720628 61756.90799925914 1203.0604248046875
2.1857708756729117 63151.28564360531 1198.5413818359375
2.185787188738711 62123.28168608535 1189.87646484375
2.1858034999691283 61181.14533303396 1185.021240234375
2.1858198093638324 60615.46546037179 1184.29736328125
2.1858361169224945 60783.991565488715 1188.5048828125
2.1858524226447846 60522.06432700324 1188.1856689453125
2.185868726530374 61123.863801857326 1188.9215087890625
2.1858850285789333 60897.30983485979 1190.1395263671875
2.185901328790136 60849.13721755601 1182.8984375
2.185917627163654 61992.44857967669 1187.915771484375
2.185933923699162 62899.49477703737 1190.0811767578125
2.185950218396335 62229.86415159657 1190.885009765625
2.185966511254845 61682.94091265672 1189.1466064453125
2.18598280227437 61999.24350451415 1172.8616943359375
2.1859990914545846 61901.71184298653 1163.3831787109375
2.186015378795166 62230.45245038034 1167.2818603515625
2.186031664295792 62467.1081518557 1170.812744140625
2.18604794795614 60825.87065058441 1172.8177490234375
2.1860642297758877 60743.04711614413 1172.93212890625
2.1860805097547162 61210.438569451246 1170.39892578125
2.186096787892304 62453.76214306994 1170.97802734375
2.186113064188331 63297.071929697464 1179.1051025390625
2.18612933864248 62072.71581297681 1184.325927734375
2.1861456112544313 60703.072662327366 1170.672607421875
2.1861618820238675 60401.342596309776 1162.96240234375
2.1861781509504716 63051.62267648778 1177.7451171875
2.186194418033927 62738.51019941948 1174.423583984375
2.1862106832739174 61596.01419986525 1164.92529296875
2.1862269466701285 61255.75952707737 1166.4495849609375
2.186243208222246 60930.89730543977 1166.913818359375
2.1862594679299536 61631.709008406215 1174.2039794921875
2.18627572579294 63135.873857262384 1175.70458984375
2.186291981810892 61401.031079913235 1154.288330078125
2.1863082359834984 61458.672846165086 1144.45361328125
2.1863244883104445 62166.240587105734 1149.272705078125
2.1863407387914227 60891.57002013904 1153.257568359375
2.1863569874261217 61298.172135860696 1151.7044677734375
2.1863732342142317 61241.505731305304 1156.4100341796875
2.186389479155443 61482.362773143046 1159.9552001953125
2.186405722249448 61979.34159382723 1149.9837646484375
2.186421963495939 61324.64224160485 1150.988037109375
2.1864382028946086 61492.73578075344 1153.9556884765625
2.18645444044515 62543.81116683864 1156.69384765625
2.1864706761472577 61706.776087429746 1150.8829345703125
2.1864869100006263 61999.327295984935 1150.3612060546875
2.18650314200495 62153.2595477544 1152.085693359375
2.186519372159927 62095.62600281856 1150.7965087890625
2.1865356004652523 61713.07889495832 1147.7093505859375
2.186551826920623 62623.247305087825 1142.685791015625
2.186568051525737 62256.07057757631 1148.2215576171875
2.186584274280294 62088.591837101056 1141.1524658203125
2.1866004951839915 62284.27082671698 1140.9183349609375
2.186616714236529 61957.93635544011 1141.797607421875
2.186632931437608 62642.50553145809 1149.709716796875
2.1866491467869285 61896.71867515419 1152.748779296875
2.1866653602841923 61790.63353714704 1148.889404296875
2.1866815719291015 62453.84043845799 1154.40283203125
2.1866977817213598 61291.26767931228 1145.3092041015625
2.1867139896606687 61299.43395776329 1144.692626953125
2.1867301957467333 62764.22592089884 1147.332763671875
2.186746399979259 63116.27315950096 1148.1068115234375
2.1867626023579496 62419.47420682388 1142.4454345703125
2.1867788028825115 62618.334443012456 1134.90869140625
2.1867950015526514 61507.81472179016 1124.53564453125
2.1868111983680767 61096.98109219996 1125.885009765625
2.186827393328494 62214.60941933372 1140.7513427734375
2.186843586433612 61822.722611876634 1139.860595703125
2.18685977768314 61378.882415209024 1134.497802734375
2.186875967076789 60848.53565331463 1136.461181640625
2.186892154614267 61335.08964811985 1128.8643798828125
2.1869083402952847 61648.24935270973 1128.967041015625
2.186924524119556 61941.18426035709 1149.7271728515625
2.1869407060867903 62266.400541950294 1141.31005859375
2.1869568861967013 61732.283259890646 1138.7152099609375
2.186973064449003 62013.781478004006 1139.4691162109375
2.1869892408434093 62189.25803180026 1143.010498046875
2.187005415379633 62084.145475052275 1151.107421875
2.187021588057391 62690.666217417835 1166.6571044921875
2.187037758876399 63263.336272866356 1186.82763671875
2.1870539278363723 62350.68982997993 1219.682373046875
2.187070094937029 61610.93419790801 1247.01806640625
2.1870862601780874 61604.46445536657 1291.951904296875
2.1871024235592635 61767.722377995764 1313.1619873046875
2.187118585080278 61903.27969687646 1320.92529296875
2.18713474474085 61549.015110729044 1305.1549072265625
2.1871509025406994 62338.39395164531 1263.8134765625
2.1871670584795466 62741.76667903596 1231.968017578125
2.1871832125571142 62956.901034288116 1198.3575439453125
2.1871993647731234 62365.19297949206 1164.23388671875
2.187215515127296 62110.2946827928 1146.445556640625
