igrins/spectra/qs_vir_K_20190318.ecsv
# %ECSV 1.0
# ---
# datatype:
# - {name: WAVELENGTH, unit: um, datatype: float64}
# - {name: FLUX, datatype: float64}
# - {name: ERROR, datatype: float64}
# schema: astropy-2.0
WAVELENGTH FLUX ERROR
[from data line 10049]
2.1167100574701614 64854.82189353588 780.84033203125
2.1167248870922344 64801.765756608904 782.098876953125
2.1167397148612244 65018.34183672072 782.6790771484375
2.1167545407774546 65675.27280657673 783.8194580078125
2.1167693648412462 66347.16938263274 786.1283569335938
2.116784187052922 66233.99189392413 787.2085571289062
2.1167990074128005 65336.78423001706 780.0891723632812
2.1168138259212026 64685.922006413544 772.3240356445312
2.116828642578448 64598.83192781026 773.8306884765625
2.116843457384856 64713.13252650866 779.088134765625
2.116858270340745 64336.91825649791 775.7581787109375
2.1168730814464323 64236.09871297909 770.5986328125
2.116887890702236 64474.37469794012 771.3389892578125
2.116902698108472 64724.597592640355 777.8201293945312
2.1169175036654573 64535.45132335079 777.0992431640625
2.1169323073735082 64360.50463290964 775.0553588867188
2.1169471092329397 64461.9820616806 779.934326171875
2.116961909244065 64794.73234490383 786.9401245117188
2.1169767074072006 65216.19894575998 783.9417114257812
2.116991503722658 65372.11696027691 783.5570068359375
2.1170062981907516 65587.25371945537 781.4859008789062
2.117021090811793 65328.32007212055 780.5970458984375
2.1170358815860943 65132.47523683724 778.4191284179688
2.1170506705139682 64922.244817371204 777.9553833007812
2.1170654575957246 64997.83021115142 774.8555908203125
2.1170802428316735 65154.576841770424 780.8527221679688
2.1170950262221253 65286.115197560976 783.3956298828125
2.117109807767389 65059.16919765725 790.2872924804688
2.1171245874677735 65033.0175632244 787.3930053710938
2.117139365323587 64671.91582696188 784.8672485351562
2.117154141335137 64755.602765454394 772.2381591796875
2.1171689155027305 64953.0441641883 776.0404663085938
2.1171836878266745 64941.638122093515 776.5321655273438
2.117198458307275 64620.3043734774 772.0702514648438
2.117213226944837 64344.91271666456 768.925048828125
2.1172279937396654 64637.126664332616 773.699462890625
2.1172427586920657 64956.805758352624 775.245849609375
2.1172575218023404 64815.121223676375 773.1934204101562
2.1172722830707933 64255.45935783212 768.7626953125
2.1172870424977273 64256.426273633086 766.2079467773438
2.117301800083445 64528.10545956314 769.081298828125
2.1173165558282467 64931.05394586192 772.0508422851562
2.117331309732435 64824.878019657954 768.6107177734375
2.1173460617963107 64457.04587219413 771.3543090820312
2.117360812020173 64239.18902322361 777.5269775390625
2.1173755604043203 64082.409672930065 778.1776123046875
2.117390306949054 64125.71376554403 780.5764770507812
2.1174050516546723 64071.405879503625 786.140869140625
2.117419794521471 64130.07875049928 776.7890625
2.117434535549749 64276.75038580714 771.47412109375
2.117449274739803 64359.739468314365 770.2008056640625
2.117464012091929 64321.41650086462 768.42236328125
2.117478747606423 64434.04228286718 766.6646728515625
2.11749348128358 64502.67183325241 772.3443603515625
2.1175082131236946 64109.17694090683 776.88525390625
2.117522943127061 63492.93369043991 774.0551147460938
2.117537671293973 63274.91577009151 776.5103759765625
2.117552397624724 63679.91475150063 780.603759765625
2.117567122119605 63740.93476987054 781.9588623046875
2.1175818447789094 63394.06993072515 811.9329223632812
2.117596565602928 63541.64063129946 946.455322265625
2.1176112845919515 63972.00389383488 1200.855712890625
2.1176260017462702 64480.28332556735 1436.389892578125
2.117640717066174 64034.56273779004 1633.77001953125
2.1176554305519537 63384.95789070689 1694.0411376953125
2.1176701422038953 63453.277207814535 1615.9576416015625
2.1176848520222884 63980.39058542829 1436.979736328125
2.1176995600074213 64457.34751300311 1179.28369140625
2.1177142661595796 64177.73379946219 922.81103515625
2.1177289704790505 63829.572281081026 793.01953125
2.1177436729661197 63497.07228220747 774.3016357421875
2.1177583736210734 63413.418838189544 768.476806640625
2.117773072444196 63064.03386042634 767.8945922851562
2.117787769435772 63005.143583299505 765.9429321289062
2.1178024645960845 62931.75475029942 769.5399169921875
2.117817157925418 62905.65098151105 769.330810546875
2.1178318494240544 62920.84657623137 767.9740600585938
2.117846539092276 62774.326153033966 769.8809814453125
2.1178612269303647 62866.021578296444 765.5130615234375
2.1178759129386022 62686.29574466709 765.9772338867188
2.1178905971172677 62833.32169021588 764.5184326171875
2.1179052794666418 62690.05331763287 764.0255126953125
2.117919959987005 62774.11473545247 755.0731811523438
2.117934638678635 62756.13475084575 755.1088256835938
2.1179493155418108 62595.10188362531 758.687744140625
2.11796399057681 62393.40349104375 755.0764770507812
2.1179786637839095 62302.10202723184 750.2164306640625
2.117993335163387 62413.36122406194 754.1497802734375
2.1180080047155188 62270.94375257751 752.163818359375
2.11802267244058 61489.10923097661 749.8572387695312
2.118037338338846 61122.36131773159 735.8897705078125
2.118052002410591 61231.623321835614 734.2291870117188
2.11806666465609 61557.848341850244 747.9691772460938
2.1180813250756154 61738.535512735485 746.1749877929688
2.118095983669441 61535.228769135654 744.1009521484375
2.118110640437839 61327.0246046937 743.2865600585938
2.118125295381082 61200.88268109808 740.9182739257812
2.11813994849944 61119.97481727612 744.1185302734375
2.118154599793185 61223.00597596843 740.0173950195312
2.1181692492625865 61260.24744910194 741.5861206054688
2.1181838969079148 61233.218993277274 740.1331787109375
2.118198542729439 61545.92917224212 739.9598388671875
2.1182131867274276 61710.16919219817 750.0856323242188
2.1182278289021492 61964.71453074179 749.1787109375
2.118242469253871 61655.81003769628 752.02490234375
2.11825710778286 61495.80517649182 771.4895629882812
2.1182717444893826 61548.9261558673 823.8594970703125
2.118286379373705 61946.10759226336 870.4318237304688
2.118301012436093 62058.37849250205 891.7237548828125
2.11831564367681 61903.113476945946 869.9052734375
2.1183302730961224 61877.88210804503 813.1304931640625
2.1183449006942925 61974.193470821534 767.1874389648438
2.118359526471584 62053.34656250665 755.9541625976562
2.1183741504282603 61909.698749950054 756.2455444335938
2.1183887725645825 62072.43917184153 756.422119140625
2.118403392880812 62511.74690287476 761.9104614257812
2.118418011377211 62638.15049899599 765.7015380859375
2.11843262805404 62310.1650339371 765.4796142578125
2.1184472429115586 62051.178233240746 769.5690307617188
2.118461855950026 62031.77465581721 779.7037353515625
2.1184764671697014 61780.62913078697 791.5360717773438
2.118491076570843 61816.17842282522 804.6138305664062
2.1185056841537087 62048.3371628148 843.7825317382812
2.1185202899185565 62843.522743344845 897.0357666015625
2.1185348938656423 63363.004299506574 977.5372314453125
2.118549495995223 63843.45530920071 1097.86279296875
2.118564096307553 63918.15330571199 1214.3916015625
2.1185786948028897 63951.786399365235 1243.09619140625
2.1185932914814853 63398.62877606413 1167.4302978515625
2.118607886343595 63005.36604992641 1032.1793212890625
2.118622479389472 62799.54180055215 928.069580078125
2.11863707061937 62823.921897772496 869.130615234375
2.11865166003354 62772.43999206133 830.04443359375
2.118666247632235 62340.77270428771 805.4924926757812
2.118680833415707 61579.14859063404 798.103515625
2.118695417384205 60817.89335532796 806.9946899414062
2.1187099995379803 61011.12503407859 805.8841552734375
2.118724579877283 61827.72939377226 781.7989501953125
2.118739158402361 62817.07083801256 771.946533203125
2.118753735113464 63018.04829639035 757.4796142578125
2.1187683100108408 62580.918048079344 757.8616943359375
2.118782883094737 62251.44415655655 749.1406860351562
2.118797454365401 61935.49422621747 742.9641723632812
2.1188120238230783 62203.24844530666 741.5322875976562
2.1188265914680158 62565.14942109308 744.2305297851562
2.1188411573004586 62699.18266134565 743.5895385742188
2.1188557213206516 62784.57222945162 744.9118041992188
2.118870283528838 62661.59038368291 744.7098388671875
2.118884843925263 62887.659245131865 745.8150024414062
2.11889940251017 62935.2526932431 749.3602905273438
2.1189139592838 62846.215326246085 747.47412109375
2.118928514246397 62483.87837658377 742.335693359375
2.118943067398201 62548.06706729313 739.166259765625
2.118957618739454 63080.425787359476 737.9259643554688
2.1189721682703966 63498.95084658561 741.855712890625
2.1189867159912685 63247.4604355402 738.7318725585938
2.1190012619023095 62762.03656937029 737.84130859375
2.1190158060037576 62373.24117263009 754.8772583007812
2.119030348295852 62598.342009920365 789.5008544921875
2.11904488877883 62610.958325337604 809.18896484375
2.1190594274529295 62757.00645496145 815.3888549804688
2.1190739643183862 62674.90935394223 787.8161010742188
2.119088499375437 63026.745463446365 751.5023803710938
2.1191030326243174 63116.87547081099 738.2044677734375
2.119117564065263 63264.20610503596 730.59521484375
2.1191320936985085 63045.1037222196 734.588134765625
2.1191466215242856 63147.661704451515 741.8717651367188
2.119161147542831 63417.96869786058 745.9893798828125
2.119175671754376 63556.54284446072 750.8202514648438
2.119190194159153 63376.32165053442 750.215576171875
2.1192047147573936 63247.72937528508 744.5574340820312
2.1192192335493294 63161.0043005639 741.9296264648438
2.119233750535192 63343.81054907688 740.2161865234375
2.1192482657152105 63475.288301220164 740.9013671875
2.119262779089615 63255.76306694702 742.7588500976562
2.1192772906586352 63405.73903928746 737.5866088867188
2.1192918004224994 63377.14642771191 744.3741455078125
2.1193063083814345 63972.918518733306 743.8685913085938
2.119320814535669 63992.33314708505 744.428466796875
2.119335318885431 64039.59445705637 744.5164184570312
2.119349821430945 63873.659933460825 744.1943969726562
2.119364322172438 63837.880095519155 745.6516723632812
2.1193788211101348 63771.08430688442 743.3775024414062
2.119393318244261 63896.039871495435 755.7571411132812
2.1194078135750396 63874.8582825568 805.4199829101562
2.119422307102695 64109.68426155385 868.2760009765625
2.1194367988274516 63911.92030066745 910.8682250976562
2.1194512887495303 64018.86577221485 897.4462280273438
2.1194657768691534 63812.08233314486 838.8640747070312
2.119480263186544 64122.69148352333 779.6602172851562
2.1194947477019217 64344.28650679642 754.3146362304688
2.1195092304155065 64199.86762873059 744.075927734375
2.1195237113275205 64425.79281272574 739.859375
2.119538190438181 64489.77261064419 751.2313232421875
2.119552667747708 64672.551592752396 749.2217407226562
2.1195671432563197 64463.11063929499 744.7652587890625
2.119581616964233 64672.77576864326 750.3703002929688
2.119596088871666 64784.856936395154 763.1640625
2.1196105589788363 64730.15299052323 763.9874267578125
2.119625027285958 64078.112337491824 765.5582275390625
2.119639493793248 64131.34902139162 758.70361328125
2.1196539585009213 64137.97658729309 759.9735107421875
2.119668421409191 64195.00199618802 757.5982666015625
2.1196828825182736 63965.58871791894 762.8336181640625
2.1196973418283807 64006.463250182744 765.92919921875
2.119711799339726 64280.16671563209 769.4664306640625
2.1197262550525218 64564.458520176675 776.1259155273438
2.1197407089669786 64532.19487294497 787.811767578125
2.1197551610833103 64519.111118257955 798.7329711914062
2.1197696114017255 64492.674523349626 814.9955444335938
2.119784059922435 64541.235461791235 816.9291381835938
2.119798506645649 64759.74954549568 805.9653930664062
2.1198129515715753 64917.64132387226 790.0171508789062
2.1198273947004243 64968.776342704965 772.9608154296875
2.1198418360324034 64869.285476029494 760.2191772460938
2.1198562755677184 64751.71800893452 759.4154052734375
2.119870713306578 64929.68295368878 755.1756591796875
2.119885149249189 64885.66139391114 749.6362915039062
2.119899583395756 64897.69482203962 747.28125
2.119914015746485 64924.700193698234 747.0599975585938
2.119928446301581 65204.05516328172 749.9893188476562
2.119942875061247 65545.5532873238 749.5546264648438
2.119957302025688 65544.00149376287 748.9800415039062
2.119971727195107 65133.35048984825 754.0927734375
2.1199861505697064 64886.06012492208 752.5596313476562
2.1200005721496877 64890.96082719865 753.7547607421875
2.1200149919352533 64933.47517024612 760.5226440429688
2.120029409926604 65080.32560130504 764.37353515625
2.1200438261239403 65546.53256700194 774.38037109375
2.1200582405274617 65923.446219756 797.503173828125
2.120072653137368 65865.03457680834 811.4993286132812
2.120087063953858 65555.01736491112 811.9933471679688
2.1201014729771295 65346.178520687085 808.11083984375
2.120115880207381 65216.15136430436 786.3452758789062
2.1201302856448088 64919.48567852948 777.7997436523438
2.120144689289611 64987.11355082535 769.6064453125
2.1201590911419816 64931.154693452896 765.6321411132812
2.1201734912021184 64728.47794654658 760.2804565429688
2.1201878894702153 64278.09146742471 758.8602294921875
2.120202285946467 64200.45011928039 756.2105712890625
2.1202166806310667 64519.49681281485 761.236328125
2.1202310735242094 65015.16557282906 764.7891845703125
2.120245464626087 65425.991511186214 765.2066650390625
2.120259853936892 65474.18670908602 764.6940307617188
2.1202742414568156 65652.38606706791 765.2435913085938
2.1202886271860506 65674.68566944514 773.1040649414062
2.1203030111247863 65431.20058697421 771.8742065429688
2.120317393273213 64422.03509934171 766.2550048828125
2.1203317736315204 63722.75551633855 765.30712890625
2.1203461521998985 63874.88948345665 778.4710083007812
2.120360528978535 64653.01864121443 799.064453125
2.1203749039676176 65168.25203239582 819.18994140625
2.120389277167335 65171.996060871315 817.880615234375
2.120403648577873 65293.773268499135 803.7802124023438
2.1204180181994183 65140.68306871751 793.6585693359375
2.1204323860321566 65064.8124554292 812.470458984375
2.1204467520762735 64617.67373512209 847.8826904296875
2.120461116331954 64549.0303933877 867.1106567382812
2.1204754787993814 64738.034019085375 856.6644287109375
2.1204898394787404 65399.062037443626 815.695556640625
2.120504198370214 65439.51943675798 780.5943603515625
2.1205185554739834 65553.66221197713 763.1831665039062
2.1205329107902324 65245.74290641154 771.0171508789062
2.1205472643191428 65266.24000157161 775.21435546875
2.120561616060893 64920.46143753777 769.3185424804688
2.1205759660156653 64642.30860535984 760.4910888671875
2.12059031418364 64463.95255394548 757.5035400390625
2.1206046605649953 64248.17780224956 753.6017456054688
2.1206190051599108 64173.317553362904 753.2753295898438
2.120633347968564 64460.048914779065 753.0123291015625
2.1206476889911334 64754.822126508545 756.407470703125
2.1206620282277955 65074.39608159635 752.4942626953125
2.120676365678728 64879.242805195034 750.79541015625
2.1206907013441056 64540.670782864625 753.0762329101562
2.120705035224104 64556.69441502349 751.311767578125
2.120719367318899 64935.95921414011 757.1422729492188
2.1207336976286664 65036.732465110144 756.2760009765625
2.1207480261535765 64954.110038092265 752.7943725585938
2.1207623528938058 64721.41125126229 757.5545043945312
2.120776677849526 64839.7652372677 757.0543212890625
2.1207910010209083 64534.93823260784 752.1143188476562
2.1208053224081276 64476.05689812375 752.7423706054688
2.1208196420113516 64746.48310928572 755.8463745117188
2.1208339598307537 65007.92730825728 757.8475952148438
2.120848275866502 64911.576016034516 756.7622680664062
2.120862590118768 64662.229425066354 749.7230834960938
2.1208769025877183 64688.46259518615 755.43359375
2.1208912132735245 64701.37078502329 753.1368408203125
2.1209055221763515 64685.37056751702 751.18017578125
2.120919829296369 64469.75322454648 754.5281372070312
2.1209341346337434 64429.23913429469 752.8876953125
2.1209484381886394 64256.61806578006 755.0648193359375
2.120962739961225 63991.76372240888 753.8955688476562
2.1209770399516645 64272.255913059984 751.76513671875
2.120991338160123 64751.54326411884 763.95458984375
