igrins/spectra/qs_vir_H_20190318_smoothed.ecsv
# %ECSV 1.0
# ---
# datatype:
# - {name: WAVELENGTH, unit: um, datatype: float64}
# - {name: FLUX, datatype: float64}
# - {name: ERROR, datatype: float64}
# schema: astropy-2.0
WAVELENGTH FLUX ERROR
[from data line 9396]
1.5291398563682896 146742.0429886828 317.89002123289293
1.5291509004364516 147330.63957229466 985.1564504889654
1.529161942981974 147207.7888640765 1241.734452697539
1.5291729840054724 147018.2671821593 1265.6745579755395
1.5291840235075602 145842.24960782303 954.8197698335439
1.5291950614888519 145761.14435677705 1351.091019777898
1.5292060979499609 146229.1302908603 1169.3966883432045
1.529217132891502 146768.38066627434 1447.2552026006579
1.5292281663140899 146181.89020472683 813.4027497199996
1.5292391982183375 146131.25459448074 1087.9576761816586
1.5292502286048588 146757.3732248042 1204.8811858562042
1.5292612574742688 147062.14532105235 2121.4266271803394
1.5292722848271794 146773.97588164583 2124.0357640377442
1.529283310664206 146814.13041847016 1512.616745667678
1.5292943349859616 147018.58605273312 1618.6544432670908
1.5293053577930595 146810.1608751263 1805.0482827549367
1.5293163790861135 145848.7439087695 1713.5466696245512
1.5293273988657379 145664.42446836637 751.5788495146971
1.5293384171325448 145676.48277411633 531.1545937644901
1.5293494338871483 145812.73945293584 619.3117977291948
1.529360449130162 145849.6509887643 568.4529335013417
1.5293714628621982 147193.55825923156 635.8922943572459
1.5293824750838712 148033.1116199501 747.3092263350288
1.5293934857957932 148105.30958044276 1137.7930238593567
1.5294044949985777 147086.58597865555 1158.2348956345204
1.5294155026928375 145977.33286188045 1325.376704249898
1.529426508879186 145237.80286635223 1103.223969063172
1.5294375135582348 145259.15597599925 1238.6545623247932
1.5294485167305987 145583.51459187534 1137.4726013824582
1.5294595183968893 146540.06568714004 1574.4112914329035
1.5294705185577193 147197.40925551805 2049.82610455678
1.5294815172137015 147814.1222148707 1976.5989840964003
1.5294925143654485 147672.78990709985 1683.2948864006983
1.5295035100135728 146943.04562314713 1164.5729112658664
1.5295145041586868 146303.4161941721 2299.137790068667
1.5295254968014032 146155.7930582445 3024.552110896476
1.5295364879423337 146065.97662869075 3051.705843105559
1.5295474775820912 147121.99908012548 1734.1832282820328
1.5295584657212873 147181.515402043 1736.0472588867012
1.529569452360535 147537.48710782354 1592.0094089731438
1.5295804375004458 146589.0795773808 2573.8272409085325
1.5295914211416322 146472.66959956862 1906.492368536959
1.5296024032847055 146287.0529912664 1715.2432807235662
1.5296133839302777 146568.285029173 830.4596393578656
1.5296243630789612 147020.01601972658 1447.246906485918
1.5296353407313676 147227.40954087392 1911.4983702891466
1.5296463168881087 147568.05749834696 1888.1211550471605
1.5296572915497955 147244.90931210894 1218.0428731063973
1.52966826471704 147122.97349053083 1311.9251000582803
1.5296792363904546 146695.2865873178 1759.7711856395401
1.52969020657065 146955.9633112412 1848.8715981269606
1.529701175258237 147117.09216289019 1840.7753835619824
1.5297121424538285 147168.610376432 1231.145344015155
1.5297231081580338 146989.44637552273 1586.7125907775776
1.5297340723714665 146459.80376331153 1937.1457896168067
1.5297450350947361 146558.09979532848 2393.93685631727
1.5297559963284542 146785.90009435042 2110.1480139254454
1.5297669560732319 147832.64993977576 1265.6804077085958
1.52977791432968 148050.60639903272 776.0302929566581
1.5297888710984098 148324.91609061384 608.738529637615
1.5297998263800319 148150.86381138494 507.6256933194205
1.5298107801751573 148051.16142250062 773.9582701513318
1.529821732484397 147669.7561852498 1015.5979420882337
1.5298326833083609 146926.69370976085 1231.242408767363
1.5298436326476608 145760.70944572712 1548.5397314008424
1.529854580502906 145309.39590933657 1222.5223442956865
1.529865526874708 145173.04376950522 1079.3791380239377
1.5298764717636764 146463.90252982493 912.0288717182125
1.529887415170422 147610.70103551415 1101.7414581275577
1.529898357095556 149004.06801806847 1132.0766630889486
1.5299092975396873 148804.25773712422 709.3260168779452
1.529920236503427 147880.7456089692 974.3242386059746
1.529931173987385 147038.98684188072 816.5700339541577
1.5299421099921713 147411.21548312294 908.9987446496453
1.5299530445183955 147896.62690409418 1253.7691029343725
1.529963977566669 148056.79247074426 1731.961165256945
1.5299749091376005 148121.35173508106 2431.814259278529
1.5299858392317998 148754.19459558115 2025.9660808925396
1.5299967678498767 149015.71858041844 1504.517674613913
1.5300076949924417 149019.21618676698 785.5189431026104
1.5300186206601043 148640.29005936772 592.3569311523394
1.5300295448534735 149196.95214549304 1089.947118942707
1.530040467573159 149113.07161239686 2135.474889193435
1.5300513888197709 148959.8280127019 1789.7504536667134
1.5300623085939178 148031.85556940254 1378.828842430727
1.5300732268962092 148738.4748872732 469.7745034095475
1.5300841437272557 149480.599460989 522.9815294528958
1.5300950590876647 149576.5789697875 1321.1093117788669
1.5301059729780464 149166.47452464208 1447.1817909724764
1.5301168853990095 149441.83515285 1517.7188069028289
1.5301277963511632 149958.40980797657 1085.6124354216959
1.530138705835117 149669.38822358896 911.2212265504285
1.5301496138514785 148702.16471589817 1537.3358399835456
1.5301605204008588 148772.1539190755 1319.5072676969457
1.5301714254838645 149162.65195852256 1590.00534578211
1.5301823291011059 149844.0494275027 963.4459737902511
1.530193231253191 149459.83646296032 1347.5915571533542
1.5302041319407278 148444.2720194976 1669.5170777985234
1.5302150311643261 147826.60283077386 2149.1666058892724
1.530225928924594 148857.5550160919 1967.3740906765631
1.5302368252221394 149430.97784783598 1994.1775774834991
1.5302477200575717 149423.43730907352 1615.838376705004
1.5302586134314984 148448.33907385287 1317.914480758288
1.5302695053445277 147707.30416797884 1046.8672379732848
1.5302803957972686 147334.22229529032 1872.7395651856964
1.5302912847903292 147246.06186688278 2031.1837761774784
1.5303021723243164 147146.73966990187 2225.1734118406926
1.5303130583998399 147766.2257637265 1295.0202336471793
1.530323943017506 148222.31990514122 1259.0755983583103
1.5303348261779235 149232.83366468974 968.9608560822758
1.5303457078817013 149572.59888472172 1696.363960357006
1.5303565881294445 149733.5796571087 1989.91171044441
1.5303674669217633 149362.15491787676 1633.3123587192047
1.530378344259264 149000.00615596 1180.4706974025967
1.5303892201425553 147701.71333507705 1280.165093286615
1.530400094572244 148391.39766381367 1222.4658939012002
1.530410967548937 148632.4628505254 970.4146512182357
1.530421839073243 148745.45067692222 986.8061097915349
1.5304327091457688 149046.93652062607 1129.16693259482
1.5304435777671217 149567.62027607416 1312.456994160395
1.5304544449379085 150621.47810185538 1142.164702205246
1.530465310658737 150202.4283374555 1644.8256475931328
1.5304761749302145 149781.50334288675 1615.484369758638
1.5304870377529476 149312.4567461264 1232.5708371834066
1.5304978991275433 148728.84751117817 561.7379899373044
1.5305087590546087 149005.15519569494 650.6560125377771
1.53051961753475 149970.53667279554 1376.9680358622356
1.5305304745685753 150779.92602235422 1902.0960388739938
1.5305413301566908 150044.52586783934 2108.8269881629462
1.5305521842997027 149770.51724790572 1678.3699324105064
1.5305630369982175 149478.49487029796 1746.828775630866
1.530573888252843 149571.86864908645 1656.293901155244
1.5305847380641853 148347.83405287308 1412.7433070356365
1.5305955864328502 148229.3272552278 1770.4372357769207
1.5306064333594447 148372.2443624853 1298.1539628706876
1.5306172788445744 149047.68249815007 1390.4332360734331
1.5306281228888463 148383.11344360057 1169.0422162230502
1.5306389654928665 148280.12414351423 2294.0281546928836
1.5306498066572407 149147.33973962243 3280.4255221982467
1.5306606463825756 150191.19400539424 2923.2160012733802
1.5306714846694764 150442.5301926689 1857.7353120667613
1.5306823215185499 150140.15609169536 1185.8172328888547
1.5306931569304023 150514.5560962321 1545.1012116816203
1.530703990905638 151082.7038092594 1550.7928373901045
1.5307148234448644 151552.2299740041 1485.1490410731458
1.5307256545486863 151320.945232032 1283.2397543978293
1.5307364842177094 150280.06716004104 1414.1975135396656
1.5307473124525393 149665.97762559296 1279.4812930049716
1.5307581392537817 148713.7162803688 1307.2693183548367
1.530768964622042 149501.3689692511 1073.3204810999455
1.5307797885579262 149837.85390322184 902.6299774027555
1.5307906110620384 149717.12719863473 650.8707075424252
1.5308014321349854 149650.00060780466 751.6313710713031
1.5308122517773717 148505.9286716802 815.5577236106865
1.530823069989802 148635.69435260742 556.1565760969485
1.5308338867728821 148891.31513925962 680.1946895078029
1.5308447021272165 148657.6833947443 845.1307291507916
1.5308555160534112 149260.86286091962 1099.596492304494
1.5308663285520698 148593.74192556296 1293.2778665676847
1.5308771396237988 149148.56652101612 1629.5094362507868
1.5308879492692014 148583.14947529355 1393.7474429583658
1.5308987574888828 149098.26719791617 1051.6353830251535
1.5309095642834485 150423.2602012914 992.2202162643288
1.5309203696535019 151202.33124055492 1836.4194784262277
1.5309311735996487 150298.50888495625 1709.3660535077333
1.5309419761224934 148998.10992232655 1489.8121370980557
1.5309527772226394 148350.40674406418 619.3733410992432
1.530963576900692 148551.55656369813 986.5417080340526
1.5309743751572547 148425.3739314687 1205.4949370619838
1.5309851719929328 148303.22249218312 1301.2581818680399
1.5309959674083298 149106.44508970782 1180.300463492766
1.5310067614040503 148750.66331918718 680.7121896389062
1.5310175539806978 149357.5149775111 1039.3907823282182
1.5310283451388766 148844.43924026808 803.3051973744582
1.531039134879191 149977.10768507957 650.0316974584132
1.5310499232022448 149997.4797581209 177.98782900282887
1.5310607101086418 151049.7318342994 752.6639500528161
1.531071495598985 150628.33265971515 2386.1615808807846
1.5310822796738792 150137.77857424697 3168.3773873116806
1.5310930623339274 148825.0744622738 2758.081605831779
1.5311038435797337 149187.34780317932 1271.1328982251932
1.5311146234119017 149936.21557899902 1001.3101270806408
1.5311254018310338 149980.113524822 1927.86577198133
1.5311361788377347 149212.43157663808 2464.1564931730245
1.5311469544326073 149036.20920773994 2552.139937524675
1.5311577286162548 149779.6202584992 1752.1562629549276
1.5311685013892806 150083.3414349272 1694.7311541435872
1.5311792727522875 149327.7461936875 1310.7626299941319
1.5311900427058793 148423.68930276574 1164.8989218934976
1.5312008112506579 148586.09896260244 528.5871832203985
1.531211578387228 149897.9970694463 1392.3476990776198
1.5312223441161912 150047.60471826632 2199.0751278891257
1.53123310843815 150276.60992226866 2814.4566180218867
1.5312438713537087 149559.38454553782 1739.864734632191
1.5312546328634695 150306.1964251156 1628.5449823389415
1.5312653929680349 151659.81578642008 1453.0847310957013
1.5312761516680071 153251.09451447055 1473.1931403228657
1.5312869089639896 153401.46444127813 776.1147153437679
1.5312976648565841 153746.65339914904 1277.6955848747925
1.5313084193463935 152905.65990845265 1580.0103133712607
1.5313191724340198 153805.1511483258 1638.6057575404566
1.531329924120066 152672.3174917405 813.8109309590911
1.5313406744051339 153409.6772011502 1073.6723671199686
1.5313514232898255 152343.0633079296 2067.373920262854
1.5313621707747433 153133.9554628961 2780.017897393487
1.5313729168604893 152384.62204892442 2706.9823885917367
1.5313836615476655 152039.1027822312 1902.024606915329
1.5313944048368744 150392.61077092914 1601.3414561258014
1.5314051467287169 150334.93401605345 1219.2153137442065
1.5314158872237957 150594.7534655719 878.488999512866
1.5314266263227119 150540.10332315788 863.8936520906336
1.5314373640260674 151249.8683673693 1268.8185146297506
1.5314481003344647 150890.51681755035 1504.9394505207683
1.531458835248504 150841.09139634017 1689.9464940264945
1.5314695687687876 149635.76180357736 2743.110441008217
1.5314803008959172 150127.35321708833 2674.415597009973
1.5314910316304937 150551.44381216078 2052.5786033375357
1.531501760973119 150389.62781282535 901.4366190853038
1.531512488924394 150898.39203590612 1410.6708317337084
1.5315232154849199 150964.60055014302 1932.4544965466912
1.5315339406552984 152392.37946065393 1762.083733509615
1.53154466443613 151913.64708801027 1594.3967945645204
1.5315553868280156 151153.45691902394 1254.4686785202002
1.531566107831557 150348.96580494667 1288.5164940970503
1.5315768274473545 150578.95897874993 2113.2466961425725
1.5315875456760093 150693.06515386107 2050.7036432910613
1.5315982625181221 149337.46121794442 1840.5544551265023
1.531608977974294 148931.27057345433 1032.9718692150686
1.5316196920451246 150011.01026022475 1727.5786327040564
1.5316304047312157 150789.1964058972 2412.9858347433947
1.5316411160331675 151687.08865164645 2007.0608223969323
1.5316518259515803 151899.30636294145 1244.4922678109867
1.531662534487055 151639.8536077431 705.6822732414486
1.531673241640191 150653.10300932318 726.3281008283933
1.53168394741159 150448.69420568616 1783.0406322899157
1.5316946518018506 151881.57835996634 2149.92766221001
1.531705354811575 152393.65582009527 2879.616509725424
1.531716056441362 152188.39251458526 1644.1104173616866
1.531726756691812 151602.44818005728 1481.586585191056
1.5317374555635248 151249.9131611896 1216.1280110610637
1.531748153057101 150616.8871358643 2128.1948882816155
1.53175884917314 149675.92969970906 2800.97353692407
1.5317695439122416 151448.3449968677 3284.5988268441215
1.5317802372750058 152349.70810377307 2479.544249631256
1.5317909292620318 153556.88512697953 2401.3883134988846
1.5318016198739202 152131.2689780714 1947.0975480391162
1.5318123091112703 151396.9666255793 2853.984584359893
1.5318229969746806 151436.51253311223 3327.7846783920636
1.531833683464752 151274.08711801993 3863.132094557982
1.5318443685820833 151553.42170873802 3656.7081183193854
1.531855052327274 152102.97585189185 3375.5910676898648
1.531865734700923 151781.27896186628 3360.52334211969
1.53187641570363 152732.39022748973 4203.155593229414
1.5318870953359935 152319.46293678723 3606.4411007960907
1.5318977735986132 153358.81042170382 2329.6054783969344
1.5319084504920886 153051.98098015116 1182.207859435265
1.5319191260170177 151937.76518034437 1130.659594602212
1.531929800174 151122.86391811128 1842.333065520575
1.5319404729636346 149632.55357994238 1551.520097383904
1.5319511443865197 150865.68201900285 2334.7791768651387
1.531961814443254 151198.52642090846 1771.1395864951978
1.5319724831344368 152986.2016484599 1901.2932211101083
1.5319831504606665 153299.28010262136 2230.1486296047
1.5319938164225415 153034.09560098726 3264.9723238935535
1.53200448102066 153471.82368710364 3296.6272027495515
1.5320151442556216 153287.36773310794 2990.367852324036
1.5320258061280232 152977.97218769268 2699.2248775854723
1.5320364666384643 152536.47561064453 3126.7431597932173
1.532047125787542 151856.56896287907 2291.8255318845686
1.5320577835758562 151777.37417809584 2113.842445189775
1.5320684400040037 151261.49834940798 2212.171251501907
1.5320790950725827 151938.67239711244 2559.743344415539
1.5320897487821918 152275.04920662867 2317.8122235780506
1.5321004011334283 152295.4872477682 2673.113643327056
1.5321110521268906 151411.5032524937 2546.8244173221337
1.5321217017631763 152491.02371742972 2198.7537492019333
1.5321323500428832 153003.78907863804 2297.0268388856466
1.532142996966609 153395.37664845437 2073.5494895913603
1.5321536425349518 152971.71251150494 2296.9027100813096
1.5321642867485088 152077.94357130222 2725.451290192116
1.532174929607877 152401.1043170217 2944.9984902465785
1.5321855711136545 151653.67449513613 2777.3229813312323
1.5321962112664391 151066.49108368106 1892.06833541217
1.5322068500668276 152023.03185793792 1864.6593703800454
1.5322174875154173 152443.33151580906 2685.1980333152787
