igrins/spectra/qs_vir_H_20190318.ecsv
# %ECSV 1.0
# ---
# datatype:
# - {name: WAVELENGTH, unit: um, datatype: float64}
# - {name: FLUX, datatype: float64}
# - {name: ERROR, datatype: float64}
# schema: astropy-2.0
WAVELENGTH FLUX ERROR
[from data line 10652]
1.6104581715116728 142811.68297684207 1737.3395302379856
1.610469623493231 142888.06123821676 1754.4260878417535
1.610481073963284 143046.69817765488 1763.61953301808
1.6104925229224267 143162.56642835645 1810.2402186160311
1.6105039703712511 144949.91038870905 1916.0202455329609
1.6105154163103519 144601.56017407382 2116.9418236888005
1.610526860740323 146238.8469676349 2393.2881438937175
1.6105383036617582 144519.60504575202 2581.5238959265916
1.610549745075251 145008.5161962525 2359.543447631288
1.610561184981395 142861.12896502606 2087.4631709027135
1.6105726233807844 142416.29143305303 1919.8713314464592
1.6105840602740131 141599.8431558813 1861.9201152128649
1.6105954956616735 141158.6663606564 1828.4303979713447
1.6106069295443606 141405.0487548971 1798.8391308691425
1.6106183619226677 141703.56681479563 1810.047120407875
1.610629792797188 141576.18620280997 1833.0551630662196
1.6106412221685167 141507.69211971652 1829.235068931471
1.6106526500372453 141175.06574129133 1844.3478731338603
1.6106640764039688 141276.7081428594 1856.3106900022483
1.6106755012692815 140706.1489091959 1871.6805867897049
1.6106869246337752 141093.29800352862 1879.983401051034
1.6106983464980449 140851.1421472018 1876.9870160523444
1.6107097668626837 140527.2374001121 1875.9961061574309
1.6107211857282855 139390.1945523718 1889.1750029267962
1.610732603095444 138693.90623344106 1885.3832716174322
1.6107440189647526 138985.12674021255 1861.428081127209
1.6107554333368044 139031.15622226248 1893.8718013783912
1.6107668462121936 139889.19104044756 1907.8056631070458
1.6107782575915135 138834.41357880674 1912.0926288585097
1.6107896674753575 138494.9935191236 1916.4549456125233
1.6108010758643196 138790.3519616026 1927.5379714251794
1.6108124827589936 140008.52001282666 1958.1652172406168
1.6108238881599717 140263.24792895874 1965.1293266707341
1.6108352920678495 139423.02199679374 1960.3538018657398
1.6108466944832183 138768.88794889685 1961.4403618493966
1.6108580954066725 140021.12599256798 1968.8507285776577
1.6108694948388063 140892.71329906618 2000.2864805137447
1.6108808927802123 141798.6564298593 1979.5193898088855
1.6108922892314839 140638.47721182217 1998.344101937926
1.6109036841932154 139460.31352397127 2024.9504487413858
1.6109150776659997 138721.8115322456 2016.4629107094934
1.6109264696504308 137625.22130389945 2017.9845950636693
1.6109378601471014 138318.5326210159 2017.5419524657184
1.610949249156605 138360.2341818632 2022.5129437997814
1.610960636679535 140024.60673853772 2035.6236419373058
1.6109720227164852 140577.08826253196 2050.6137297342566
1.6109834072680491 141624.23102646682 2112.9012801145122
1.6109947903348196 142215.42292578513 2272.6967767113265
1.6110061719173903 142824.44454564224 2492.149778105647
1.6110175520163548 141333.00316471077 2714.843401457166
1.6110289306323062 139021.70676694432 2774.4354131923105
1.6110403077658377 137603.35246924532 2545.1234739590886
1.6110516834175432 136811.95347534146 2323.1945852952203
1.6110630575880156 137453.21405610547 2147.3671489658905
1.6110744302778488 137743.29358667936 2086.5507201717983
1.6110858014876346 138124.05956418166 2070.4451775149187
1.6110971712179682 137593.57930765586 2026.9142251663118
1.6111085394694418 136709.39784714626 2019.9849814441425
1.6111199062426487 137641.49347987023 2022.6802107659896
1.6111312715381827 137280.36775373202 2034.7747851935126
1.6111426353566367 138012.1045031456 2031.5927735831237
1.6111539976986045 138529.6755375878 2031.5119864255005
1.6111653585646781 138693.47040726733 2027.6519430445767
1.6111767179554524 137753.55910412507 2004.8273121760992
1.6111880758715196 136696.30609990962 2042.3000334373876
1.6111994323134728 137410.4123950772 2045.8418745050787
1.611210787281906 137211.43527960018 2018.1863846602691
1.6112221407774117 137641.68132502638 2040.6994085215892
1.611233492800584 137562.73361536048 2035.4817093061258
1.6112448433520143 137433.16745236778 2066.7435230540423
1.6112561924322977 138040.2989775883 2059.2873951242664
1.6112675400420262 139122.31654936902 2084.1041301012915
1.6112788861817937 139502.17321298312 2092.3628543384143
1.6112902308521935 138148.0596329081 2077.002268560557
1.6113015740538177 136816.330892094 2064.51344552772
1.6113129157872603 136987.04126651643 2046.4075130751423
1.6113242560531138 138270.30802800934 2066.912514429667
1.6113355948519719 138927.48016906722 2066.61922381007
1.6113469321844274 138896.8336202397 2049.590968790749
1.6113582680510734 137968.6242418889 2063.3510100177295
1.6113696024525033 137804.1375542638 2072.8669993179865
1.6113809353893096 137782.82860977258 2072.8340567173877
1.611392266862086 137400.05239492134 2046.7355976251047
1.6114035968714249 136859.03777102614 2041.774988983148
1.6114149254179204 137697.74717182506 2061.535472145917
1.6114262525021643 138379.38373601664 2053.428126051925
1.6114375781247505 138836.34004767114 2063.303877674422
1.6114489022862717 138760.60273406515 2073.079523608821
1.6114602249873207 138915.95336323834 2088.196806245658
1.6114715462284908 139523.6241245074 nan
1.6114828660103748 nan nan
1.611494184333566 nan nan
1.6115055011986579 143210.36751785982 nan
1.6115168166062421 141351.40836624612 2707.88818359375
1.6115281305569122 139560.12848588993 2601.118896484375
1.6115394430512613 137766.59232303844 2373.83349609375
1.6115507540898821 137019.75537152417 2217.710693359375
1.6115620636733683 137678.76568032987 2100.401611328125
1.6115733718023115 138916.90975012083 2061.42138671875
1.6115846784773058 139686.9684289559 2084.395263671875
1.611595983698943 139449.46619590954 2074.57470703125
1.611607287467817 137846.2556130821 2046.3505859375
1.6116185897845208 137295.41412554943 2032.9857177734375
1.611629890649646 136759.24714028687 2029.9078369140625
1.6116411900637866 136822.34880469675 2019.761962890625
1.611652488027535 136769.74651475906 2009.3260498046875
1.6116637845414843 136896.9794699847 2049.236328125
1.6116750796062271 137158.99556547846 2023.97900390625
1.6116863732223565 136094.5082408571 2027.832275390625
1.6116976653904656 134974.39168999816 1991.1641845703125
1.6117089561111453 134436.35966526385 1996.1142578125
1.611720245384991 135285.77434557307 1983.8514404296875
1.6117315332125948 137367.1000238024 1996.4473876953125
1.611742819594548 138187.56540675272 2043.603271484375
1.6117541045314447 137902.48380396608 2009.981201171875
1.6117653880238774 137180.8087444916 1986.8427734375
1.6117766700724392 137175.7551542938 1992.734619140625
1.6117879506777226 138116.4825605067 1985.0716552734375
1.6117992298403196 138321.02454983766 2005.390380859375
1.611810507560824 138430.77416369802 1985.9593505859375
1.611821783839828 138613.12427102748 1982.8905029296875
1.6118330586779246 138375.64782122086 2013.019775390625
1.611844332075706 138569.9412609996 2038.87841796875
1.6118556040337653 138878.06332136242 2101.367431640625
1.6118668745526952 139158.70305669206 2090.3134765625
1.6118781436330885 138095.83067866164 2099.106201171875
1.6118894112755375 136562.24188303226 2058.458251953125
1.611900677480635 136391.86714165373 2034.8077392578125
1.6119119422489734 135897.09462161738 2004.950439453125
1.6119232055811459 136160.31598868684 1976.5213623046875
1.6119344674777443 135992.40131614523 1963.3333740234375
1.6119457279393619 138533.18914781854 1975.23193359375
1.6119569869665915 138695.7222904496 2021.51806640625
1.611968244560025 139244.3236515584 1999.39404296875
1.6119795007202555 138473.8946820186 2028.2120361328125
1.6119907554478756 139476.1580716333 2128.10546875
1.6120020087434772 140681.12662627306 2260.587158203125
1.6120132606076538 140248.2165030874 2352.5517578125
1.6120245110409974 139217.3734137735 2427.58837890625
1.6120357600441004 137724.14233720925 2340.207763671875
1.6120470076175561 137579.8373399581 2174.85595703125
1.612058253761956 138734.2985419757 2034.701171875
1.6120694984778936 139076.69432758627 2005.1712646484375
1.6120807417659604 138973.83024025994 1964.271484375
1.61209198362675 138288.92173104314 1952.41845703125
1.612103224060854 138144.46510499425 1924.1298828125
1.6121144630688657 137364.4711908833 1931.0804443359375
1.6121257006513765 136582.2935702606 1925.04541015625
1.61213693680898 137426.73292832897 1950.0225830078125
1.6121481715422676 137767.8303816603 1944.9005126953125
1.6121594048518326 137261.4940464695 1896.2552490234375
1.6121706367382673 132593.02256144478 1879.2332763671875
1.612181867202163 132853.3730972807 1861.259521484375
1.6121930962441138 134544.52213262615 1902.2200927734375
1.6122043238647117 138903.5115628088 1924.907958984375
1.612215550064548 139518.33782112843 1926.453857421875
1.612226774844216 138883.17974679614 1915.324462890625
1.612237998204309 138262.14863413724 1916.1365966796875
1.6122492201454166 142520.6267146375 1913.618896484375
1.6122604406681342 144343.80750228086 1969.9151611328125
1.612271659773052 144647.55792697603 1919.09130859375
1.6122828774607634 140035.43855703782 1884.1075439453125
1.6122940937318604 138523.7788845083 1853.7410888671875
1.6123053085869352 137951.2535831445 1899.38232421875
1.6123165220265807 137336.31540978 1884.8909912109375
1.6123277340513886 136912.05362187512 1877.26171875
1.6123389446619523 138078.47290390322 1903.51318359375
1.6123501538588627 138266.22896304392 1904.0977783203125
1.6123613616427124 138326.80528678498 1856.254150390625
1.612372568014094 136413.92824773298 1889.9139404296875
1.612383772973599 135862.9533045694 1877.5101318359375
1.612394976521821 136303.43823455376 1870.4742431640625
1.6124061786593515 137803.41198174923 1884.4251708984375
1.6124173793867824 138031.35212406158 1884.9671630859375
1.6124285787047068 136668.91056271092 1914.9188232421875
1.612439776613716 135857.4517883995 1910.841796875
1.6124509731144032 136873.73742640516 1875.3212890625
1.612462168207359 137007.76857749943 1894.2926025390625
1.6124733618931775 137959.03921959305 1895.419921875
1.61248455417245 138300.40763032937 1930.505615234375
1.6124957450457678 140626.47688056406 1954.1414794921875
1.6125069345137248 141657.61596446752 2044.14501953125
1.6125181225769116 140068.1442367827 2158.417724609375
1.6125293092359212 138120.9911824538 2240.107666015625
1.6125404944913455 136787.19135307288 2216.72265625
1.612551678343777 138389.45261977246 2130.7099609375
1.612562860793807 139469.73183091223 1995.258056640625
1.612574041842028 141236.63807693054 1949.19189453125
1.6125852214890328 141029.4541960877 1908.16650390625
1.6125963997354127 140184.17303595546 1869.83349609375
1.6126075765817598 138461.54967350297 1865.3702392578125
1.612618752028666 139315.42114565847 1859.53955078125
1.612629926076724 141094.2878257295 1870.384521484375
1.6126410987265252 142035.71838235387 1865.041259765625
1.612652269978662 141184.1079202694 1864.638916015625
1.6126634398337267 140179.53418488253 1864.476318359375
1.6126746082923107 139621.9136857355 1864.30810546875
1.6126857753550063 138922.98477679456 1890.2152099609375
1.6126969410224055 138260.18507274782 1878.55615234375
1.6127081052951011 137867.84527575196 1867.0255126953125
1.6127192681736833 138403.46274689602 1889.968017578125
1.6127304296587452 139250.07995935707 1917.3619384765625
1.612741589750879 139251.11377161532 1926.8028564453125
1.6127527484506756 140010.7748756307 1946.106201171875
1.6127639057587282 140185.8700582583 1947.7386474609375
1.6127750616756285 141196.47638806573 1959.822021484375
1.6127862162019675 141438.86954499292 2157.80029296875
1.6127973693383386 140605.2870179249 3011.2900390625
1.6128085210853318 141972.6742027233 4294.5341796875
1.6128196714435405 143356.3267098099 4993.69873046875
1.6128308204135564 144335.8900766097 5365.3525390625
1.6128419679959705 142342.30799082897 4953.07861328125
1.6128531141913758 140412.6861974949 4184.50927734375
1.6128642590003635 139976.4667117439 3944.508544921875
1.612875402423525 140857.22073573188 4656.9169921875
1.6128865444614535 140597.84623566509 5206.3330078125
1.61289768511474 140394.64617991343 5363.60595703125
1.6129088243839764 140301.75388436293 4668.6220703125
1.6129199622697548 140819.77631353086 3555.65478515625
1.6129310987726664 141957.92385103274 2362.31982421875
1.6129422338933035 140947.87742953058 1972.89697265625
1.6129533676322578 141255.71181386866 1903.6163330078125
1.6129644999901205 140839.39242781873 1876.7108154296875
1.6129756309674845 140747.8543130968 1853.776611328125
1.612986760564941 140547.7491606874 1857.28759765625
1.6129978887830814 140540.1799952333 1892.4312744140625
1.6130090156224979 141714.747591022 1852.1246337890625
1.613020141083782 141941.91364837426 1891.714599609375
1.6130312651675256 142281.15567536152 1963.9864501953125
1.6130423878743205 141949.92958810506 2073.3740234375
1.613053509204758 141638.29209376324 2117.1796875
1.6130646291594302 140726.41935209016 2073.779541015625
1.6130757477389293 140913.29310668993 1950.0177001953125
1.6130868649438455 140612.45621786156 1857.99267578125
1.613097980774771 142469.98309597647 1822.50537109375
1.6131090952322986 142238.98280587242 1813.14599609375
1.6131202083170186 143404.64297938265 1797.4346923828125
1.6131313200295236 142597.53318420675 1810.12646484375
1.6131424303704045 142799.60305204737 1792.1080322265625
1.6131535393402536 142149.4592046417 1790.814208984375
1.6131646469396614 142269.89121511648 1785.5003662109375
1.6131757531692206 142505.36153272082 1788.5682373046875
1.6131868580295232 141809.58223403367 1778.0701904296875
1.6131979615211591 140827.96137134018 1776.2552490234375
1.613209063644721 141196.70531823975 1770.7529296875
1.6132201644008 141517.72743596806 1775.0029296875
1.6132312637899888 142157.5456768094 1744.3731689453125
1.6132423618128775 141275.9686300491 1739.8978271484375
1.6132534584700586 141851.08021967643 1751.845458984375
1.6132645537621229 141360.50180401816 1757.8924560546875
1.6132756476896624 141934.76935603938 1752.66845703125
1.6132867402532687 142201.37721075598 1762.2054443359375
1.6132978314535331 142019.82567999428 1764.7628173828125
1.613308921291047 141582.4391931391 1758.8204345703125
1.613320009766402 141570.55490580352 1758.8941650390625
1.6133310968801895 142073.72081789759 1756.1441650390625
1.613342182633001 142375.1807091545 1749.1488037109375
1.6133532670254283 142472.80739677628 1737.2572021484375
1.6133643500580623 143080.88630884938 1771.8597412109375
1.6133754317314948 142907.58512996783 1760.91796875
1.6133865120463178 142159.12130105737 1762.759765625
1.6133975910031213 141499.12256645408 1744.580810546875
1.613408668602498 141898.3722759266 1728.7666015625
1.6134197448450385 142306.22486091967 1714.1541748046875
1.6134308197313347 142747.0732529746 1726.79345703125
1.6134418932619767 142395.37105421274 1723.1002197265625
1.6134529654375578 142648.2477295338 1728.29052734375
1.6134640362586685 142179.60762348922 1725.722412109375
1.6134751057259007 142271.13309842034 1712.3370361328125
1.6134861738398445 141703.66393912368 1723.3798828125
1.6134972406010921 141736.85139137873 1721.641357421875
1.6135083060102346 141645.38064489383 1726.8526611328125
1.6135193700678638 141704.17166232684 1725.863037109375
1.6135304327745703 142507.65860083402 1720.63427734375
1.6135414941309458 143646.54710755884 1762.585693359375
1.613552554137582 144689.54594382556 1808.4951171875
1.6135636127950688 144205.10740568888 1844.285400390625
1.613574670103999 143096.63231290522 1908.27978515625
1.6135857260649626 141626.64994945744 1922.447998046875
1.6135967806785525 141693.6094438557 1836.4774169921875
1.6136078339453583 141344.69139917247 1763.63134765625
1.6136188858659724 141544.4584650968 1736.36181640625
1.6136299364409854 140852.8142403544 1707.3519287109375
1.6136409856709881 141127.07637182093 1702.079345703125
1.6136520335565732 140779.94431127305 1688.069091796875
1.6136630800983298 140588.562085126 1662.685302734375
1.6136741252968512 140499.27545064417 1664.6029052734375
1.613685169152727 140680.38414302317 1685.6346435546875
1.6136962116665494 141436.7680294432 1677.3997802734375
