igrins/spectra/qs_vir_H_20190318.ecsv
# %ECSV 0.9
# ---
# datatype:
# - {name: WAVELENGTH, unit: um, datatype: float64}
# - {name: FLUX, datatype: float64}
# - {name: ERROR, datatype: float64}
# schema: astropy-2.0
WAVELENGTH FLUX ERROR
1.429725202555965 nan nan
1.4297363220904584 nan nan
1.4297474396208363 nan nan
1.42975855514841 nan nan
1.4297696686744905 nan nan
1.4297807802003877 nan nan
1.429791889727411 nan nan
1.4298029972568684 nan nan
1.429814102790068 nan nan
1.4298252063283157 nan nan
1.4298363078729184 nan nan
1.4298474074251808 nan nan
1.4298585049864072 nan nan
1.4298696005579012 nan nan
1.4298806941409663 nan nan
1.429891785736903 nan nan
1.429902875347014 nan nan
1.429913962972599 nan nan
1.4299250486149582 nan nan
1.4299361322753894 nan nan
1.4299472139551908 nan nan
1.4299582936556605 nan nan
1.4299693713780939 nan nan
1.4299804471237871 nan nan
1.4299915208940346 nan nan
1.4300025926901305 nan nan
1.4300136625133688 nan nan
1.4300247303650406 nan nan
1.4300357962464387 nan nan
1.4300468601588534 nan nan
1.430057922103574 nan nan
1.430068982081891 nan nan
1.4300800400950926 nan nan
1.4300910961444655 nan nan
1.4301021502312974 nan nan
1.4301132023568741 nan nan
1.4301242525224807 nan nan
1.430135300729402 nan nan
1.4301463469789213 nan nan
1.4301573912723216 nan nan
1.4301684336108846 nan nan
1.430179473995892 nan nan
1.430190512428624 nan nan
1.430201548910361 nan nan
1.4302125834423804 nan nan
1.4302236160259618 nan nan
1.4302346466623812 nan nan
1.4302456753529156 nan nan
1.430256702098841 nan nan
1.4302677269014321 nan nan
1.4302787497619625 nan nan
1.430289770681706 nan nan
1.4303007896619346 nan nan
1.4303118067039207 nan nan
1.4303228218089346 nan nan
1.4303338349782464 nan nan
1.4303448462131254 nan nan
1.4303558555148406 nan nan
1.4303668628846589 nan nan
1.430377868323848 nan nan
1.4303888718336732 nan nan
1.4303998734154006 nan nan
1.4304108730702942 nan nan
1.4304218707996177 nan nan
1.4304328666046342 nan nan
1.4304438604866057 nan nan
1.430454852446794 nan nan
1.430465842486458 nan nan
1.4304768306068594 nan nan
1.4304878168092565 nan nan
1.430498801094907 nan nan
1.4305097834650684 nan nan
1.4305207639209974 nan nan
1.430531742463949 nan nan
1.4305427190951794 nan nan
1.4305536938159416 nan nan
1.43056466662749 nan nan
1.430575637531076 nan nan
1.430586606527952 nan nan
1.4305975736193692 nan nan
1.4306085388065772 nan nan
1.4306195020908254 nan nan
1.4306304634733626 nan nan
1.4306414229554363 nan nan
1.430652380538294 nan nan
1.4306633362231813 nan nan
1.4306742900113438 nan nan
1.4306852419040255 nan nan
1.430696191902471 nan nan
1.430707140007923 nan nan
1.4307180862216238 nan nan
1.430729030544814 nan nan
1.4307399729787353 nan nan
1.4307509135246266 nan nan
1.4307618521837273 nan nan
1.4307727889572754 nan nan
1.4307837238465086 nan nan
1.4307946568526628 nan nan
1.430805587976975 nan nan
1.4308165172206786 nan nan
1.4308274445850095 nan nan
1.4308383700711995 nan nan
1.4308492936804826 nan nan
1.4308602154140897 nan nan
1.4308711352732522 nan nan
1.4308820532591997 nan nan
1.430892969373163 nan nan
1.4309038836163688 nan nan
1.4309147959900463 nan nan
1.4309257064954222 nan nan
1.4309366151337224 nan nan
1.430947521906173 nan nan
1.4309584268139979 nan nan
1.4309693298584216 nan nan
1.4309802310406663 nan nan
1.4309911303619551 nan nan
1.431002027823509 nan nan
1.4310129234265487 nan nan
1.431023817172293 nan nan
1.4310347090619633 nan nan
1.4310455990967756 nan nan
1.4310564872779488 nan nan
1.431067373606699 nan nan
1.431078258084242 nan nan
1.431089140711793 nan nan
1.4311000214905658 nan nan
1.4311109004217744 nan nan
1.4311217775066312 nan nan
1.4311326527463484 nan nan
1.4311435261421364 nan nan
1.4311543976952061 nan nan
1.4311652674067672 nan nan
1.4311761352780275 nan nan
1.4311870013101953 nan nan
1.431197865504478 nan nan
1.4312087278620815 nan nan
1.431219588384211 nan nan
1.4312304470720718 nan nan
1.4312413039268679 nan nan
1.4312521589498013 nan nan
1.431263012142076 nan nan
1.4312738635048918 nan nan
1.4312847130394502 nan nan
1.4312955607469513 nan nan
1.4313064066285939 nan nan
1.4313172506855762 nan nan
1.431328092919096 nan nan
1.4313389333303494 nan nan
1.4313497719205333 nan nan
1.431360608690842 nan nan
1.4313714436424703 nan nan
1.4313822767766116 nan nan
1.4313931080944584 nan nan
1.4314039375972027 nan nan
1.4314147652860358 nan nan
1.431425591162148 nan nan
1.4314364152267292 nan nan
1.4314472374809672 nan nan
1.4314580579260505 nan nan
1.4314688765631665 nan nan
1.4314796933935008 nan nan
1.4314905084182394 nan nan
1.4315013216385677 nan nan
1.4315121330556686 nan nan
1.4315229426707257 nan nan
1.431533750484921 nan nan
1.431544556499437 nan nan
1.431555360715453 nan nan
1.4315661631341503 nan nan
1.4315769637567077 nan nan
1.431587762584303 nan nan
1.4315985596181144 nan nan
1.4316093548593185 nan nan
1.4316201483090911 nan nan
1.4316309399686074 nan nan
1.4316417298390423 nan nan
1.431652517921569 nan nan
1.4316633042173603 nan nan
1.4316740887275876 nan nan
1.4316848714534232 nan nan
1.4316956523960365 nan nan
1.4317064315565975 nan nan
1.4317172089362753 nan nan
1.4317279845362376 nan nan
1.4317387583576517 nan nan
1.431749530401684 nan nan
1.4317603006695 nan nan
1.4317710691622647 nan nan
1.4317818358811416 nan nan
1.4317926008272945 nan nan
1.4318033640018857 nan nan
1.4318141254060763 nan nan
1.4318248850410278 nan nan
1.4318356429079002 nan nan
1.431846399007852 nan nan
1.4318571533420428 nan nan
1.4318679059116295 nan nan
1.4318786567177693 nan nan
1.4318894057616172 nan nan
1.4319001530443294 nan nan
1.43191089856706 nan nan
1.4319216423309626 nan nan
1.4319323843371905 nan nan
1.4319431245868954 nan nan
1.4319538630812287 nan nan
1.4319645998213406 nan nan
1.4319753348083812 nan nan
1.431986068043499 nan nan
1.4319967995278424 nan nan
1.432007529262558 nan nan
1.432018257248793 nan nan
1.4320289834876925 nan nan
1.4320397079804015 nan nan
1.4320504307280644 nan nan
1.4320611517318242 nan nan
1.4320718709928237 nan nan
1.4320825885122037 nan nan
1.4320933042911066 nan nan
1.432104018330671 nan nan
1.432114730632037 nan nan
1.4321254411963429 nan nan
1.432136150024726 nan nan
1.4321468571183238 nan nan
1.4321575624782719 nan nan
1.4321682661057065 nan nan
1.4321789680017611 nan nan
1.4321896681675699 nan nan
1.4322003666042655 nan nan
1.4322110633129803 nan nan
1.4322217582948455 nan nan
1.432232451550992 nan nan
1.4322431430825486 nan nan
1.4322538328906451 nan nan
1.4322645209764089 nan nan
1.4322752073409681 nan nan
1.4322858919854489 nan nan
1.4322965749109768 nan nan
1.432307256118677 nan nan
1.4323179356096736 nan nan
1.4323286133850897 nan nan
1.4323392894460483 nan nan
1.4323499637936707 nan nan
1.4323606364290777 nan nan
1.4323713073533895 nan nan
1.4323819765677268 nan nan
1.4323926440732064 nan nan
1.432403309870947 nan nan
1.432413973962065 nan nan
1.4324246363476771 nan nan
1.4324352970288983 nan nan
1.432445956006843 nan nan
1.4324566132826253 nan nan
1.4324672688573585 nan nan
1.4324779227321542 nan nan
1.4324885749081235 nan nan
1.4324992253863782 nan nan
1.4325098741680267 nan nan
1.4325205212541787 nan nan
1.4325311666459422 nan nan
1.4325418103444252 nan nan
1.4325524523507334 nan nan
1.4325630926659725 nan nan
1.4325737312912485 nan nan
1.4325843682276644 nan nan
1.4325950034763253 nan nan
1.432605637038332 nan nan
1.4326162689147872 nan nan
1.4326268991067914 nan nan
1.432637527615446 nan nan
1.4326481544418488 nan nan
1.432658779587099 nan nan
1.4326694030522953 nan nan
1.4326800248385338 nan nan
1.432690644946911 nan nan
1.4327012633785223 nan nan
1.4327118801344616 nan nan
1.4327224952158237 nan nan
1.432733108623702 nan nan
1.4327437203591875 nan nan
1.4327543304233725 nan nan
1.4327649388173476 nan nan
1.4327755455422015 nan nan
1.432786150599025 nan nan
1.4327967539889053 nan nan
1.4328073557129295 nan nan
1.4328179557721856 nan nan
1.432828554167758 nan nan
1.4328391509007325 nan nan
1.4328497459721936 nan nan
1.432860339383224 nan nan
1.4328709311349073 nan nan
1.4328815212283246 nan nan
1.432892109664557 nan nan
1.4329026964446852 nan nan
1.4329132815697883 nan nan
1.4329238650409453 nan nan
1.4329344468592335 nan nan
1.4329450270257307 nan nan
1.4329556055415134 nan nan
1.4329661824076556 nan nan
1.4329767576252337 nan nan
1.4329873311953203 nan nan
1.4329979031189894 nan nan
1.433008473397313 nan nan
1.4330190420313622 nan nan
1.4330296090222079 nan nan
1.4330401743709202 nan nan
1.4330507380785684 nan nan
1.4330613001462205 nan nan
1.4330718605749442 nan nan
1.4330824193658056 nan nan
1.4330929765198717 nan nan
1.4331035320382064 nan nan
1.4331140859218747 nan nan
1.4331246381719405 nan nan
1.4331351887894652 nan nan
1.4331457377755124 nan nan
1.433156285131142 nan nan
1.4331668308574148 nan nan
1.4331773749553904 nan nan
1.4331879174261275 nan nan
1.433198458270684 nan nan
1.4332089974901168 nan nan
1.4332195350854824 nan nan
1.4332300710578365 nan nan
1.4332406054082334 nan nan
1.433251138137728 nan nan
1.4332616692473725 nan nan
1.4332721987382193 nan nan
1.4332827266113206 nan nan
1.433293252867727 nan nan
1.4333037775084883 nan nan
1.4333143005346534 nan nan
1.433324821947271 nan nan
1.4333353417473886 nan nan
1.433345859936053 nan nan
1.43335637651431 nan nan
1.4333668914832052 nan nan
1.4333774048437824 nan nan
1.4333879165970858 nan nan
1.4333984267441573 nan nan
1.43340893528604 nan nan
1.4334194422237745 nan nan
1.4334299475584014 nan nan
1.4334404512909595 nan nan
1.433450953422489 nan nan
1.433461453954027 nan nan
1.43347195288661 nan nan
1.4334824502212764 nan nan
1.4334929459590593 nan nan
1.433503440100996 nan nan
1.4335139326481197 nan nan
1.4335244236014624 nan nan
1.4335349129620578 nan nan
1.433545400730937 nan nan
1.4335558869091307 nan nan
1.4335663714976694 nan nan
1.4335768544975827 nan nan
1.4335873359098976 nan nan
1.4335978157356428 nan nan
1.433608293975845 nan nan
1.4336187706315304 nan nan
1.433629245703724 nan nan
1.4336397191934498 nan nan
1.4336501911017323 nan nan
1.4336606614295935 nan nan
1.4336711301780565 nan nan
1.4336815973481412 nan nan
1.4336920629408691 nan nan
1.4337025269572594 nan nan
1.4337129893983314 nan nan
1.4337234502651024 nan nan
1.4337339095585908 nan nan
1.4337443672798116 nan nan
1.4337548234297819 nan nan
1.4337652780095156 nan nan
1.4337757310200274 nan nan
1.43378618246233 nan nan
1.4337966323374363 nan nan
1.4338070806463576 nan nan
1.4338175273901055 nan nan
1.4338279725696896 nan nan
1.4338384161861186 nan nan
1.433848858240402 nan nan
1.4338592987335474 nan nan
1.433869737666561 nan nan
1.433880175040449 nan nan
1.4338906108562173 nan nan
1.4339010451148702 nan nan
1.433911477817411 nan nan
1.4339219089648434 nan nan
1.4339323385581686 nan nan
1.4339427665983888 nan nan
1.4339531930865035 nan nan
1.433963618023513 nan nan
1.4339740414104167 nan nan
1.4339844632482115 nan nan
1.433994883537896 nan nan
1.434005302280466 nan nan
1.4340157194769174 nan nan
1.434026135128245 nan nan
1.4340365492354432 nan nan
1.4340469617995055 nan nan
1.4340573728214239 nan nan
1.4340677823021901 nan nan
1.434078190242796 nan nan
1.4340885966442307 nan nan
1.4340990015074837 nan nan
1.4341094048335434 nan nan
1.4341198066233989 nan nan
1.434130206878036 nan nan
1.434140605598441 nan nan
1.434151002785599 nan nan
1.4341613984404953 nan nan
1.4341717925641129 nan nan
1.4341821851574355 nan nan
1.434192576221445 nan nan
1.434202965757122 nan nan
1.4342133537654482 nan nan
1.434223740247403 nan nan
1.4342341252039652 nan nan
1.4342445086361126 nan nan
1.4342548905448236 nan nan
1.4342652709310748 nan nan
1.4342756497958407 nan nan
1.434286027140097 nan nan
1.4342964029648184 nan nan
1.4343067772709779 nan nan
1.4343171500595482 nan nan
1.4343275213315003 nan nan
1.4343378910878064 nan nan
1.4343482593294357 nan nan
1.4343586260573589 nan nan
1.434368991272543 nan nan
1.4343793549759571 nan nan
1.4343897171685678 nan nan
1.434400077851341 nan nan
1.4344104370252426 nan nan
1.434420794691237 nan nan
1.4344311508502878 nan nan
1.4344415055033584 nan nan
1.4344518586514108 nan nan
1.434462210295407 nan nan
1.4344725604363069 nan nan
1.4344829090750708 nan nan
1.434493256212657 nan nan
1.4345036018500252 nan nan
1.4345139459881315 nan nan
1.434524288627933 nan nan
1.4345346297703854 nan nan
1.4345449694164443 nan nan
1.4345553075670634 nan nan
1.4345656442231964 nan nan
1.4345759793857955 nan nan
1.434586313055814 nan nan
1.4345966452342014 nan nan
1.434606975921908 nan nan
1.4346173051198847 nan nan
1.434627632829079 nan nan
1.4346379590504386 nan nan
1.4346482837849115 nan nan
1.4346586070334433 nan nan
1.43466892879698 nan nan
1.4346792490764657 nan nan
1.4346895678728449 nan nan
1.4346998851870596 nan nan
1.4347102010200536 nan nan
1.4347205153727678 nan nan
1.4347308282461422 nan nan
1.4347411396411178 nan nan
1.4347514495586324 nan nan
1.434761757999626 nan nan
1.4347720649650346 nan nan
1.4347823704557956 nan nan
1.434792674472845 nan nan
1.4348029770171173 nan nan
1.4348132780895475 nan nan
1.4348235776910692 nan nan
1.4348338758226147 nan nan
1.434844172485116 nan nan
1.434854467679504 nan nan
1.4348647614067092 nan nan
1.4348750536676613 nan nan
1.4348853444632896 nan nan
1.4348956337945211 nan nan
1.4349059216622833 nan nan
1.4349162080675022 nan nan
1.4349264930111032 nan nan
1.4349367764940124 nan nan
1.4349470585171524 nan nan
1.4349573390814474 nan nan
1.4349676181878182 nan nan
1.4349778958371875 nan nan
1.4349881720304765 nan nan
1.434998446768604 nan nan
1.43500872005249 nan nan
1.4350189918830527 nan nan
1.435029262261209 nan nan
1.435039531187877 nan nan
1.4350497986639714 nan nan
1.4350600646904077 nan nan
1.4350703292681002 nan nan
1.4350805923979635 nan nan
1.4350908540809095 nan nan
1.43510111431785 nan nan
1.435111373109697 nan nan
1.4351216304573595 nan nan
1.435131886361749 nan nan
1.4351421408237728 nan nan
1.4351523938443398 nan nan
1.4351626454243565 nan nan
1.4351728955647298 nan nan
1.4351831442663643 nan nan
1.435193391530166 nan nan
1.4352036373570394 nan nan
1.4352138817478861 nan nan
1.4352241247036093 nan nan
1.4352343662251108 nan nan
1.435244606313291 nan nan
1.4352548449690505 nan nan
1.435265082193288 nan nan
1.4352753179869018 nan nan
1.4352855523507901 nan nan
1.4352957852858494 nan nan
1.4353060167929759 nan nan
1.435316246873065 nan nan
1.4353264755270105 nan nan
1.435336702755707 nan nan
1.435346928560046 nan nan
1.4353571529409208 nan nan
1.4353673758992223 nan nan
1.4353775974358405 nan nan
1.4353878175516657 nan nan
1.4353980362475858 nan nan
1.4354082535244905 nan nan
1.4354184693832657 nan nan
1.4354286838247976 nan nan
1.4354388968499736 nan nan
1.4354491084596768 nan nan
1.4354593186547924 nan nan
1.435469527436203 nan nan
1.4354797348047914 nan nan
1.4354899407614394 nan nan
1.4355001453070273 nan nan
1.4355103484424356 nan nan
1.4355205501685435 nan nan
1.4355307504862298 nan nan
1.435540949396372 nan nan
1.435551146899847 nan nan
1.4355613429975311 nan nan
1.435571537690299 nan nan
1.4355817309790255 nan nan
1.4355919228645846 nan nan
1.4356021133478487 nan nan
1.4356123024296903 nan nan
1.4356224901109809 nan nan
1.4356326763925904 nan nan
1.435642861275389 nan nan
1.4356530447602456 nan nan
1.4356632268480278 nan nan
1.4356734075396036 nan nan
1.4356835868358393 nan nan
1.4356937647376005 nan nan
1.435703941245752 nan nan
1.4357141163611582 nan nan
1.4357242900846825 nan nan
1.4357344624171875 nan nan
1.4357446333595343 nan nan
1.4357548029125846 nan nan
1.4357649710771982 nan nan
1.4357751378542343 nan nan
1.4357853032445524 nan nan
1.435795467249009 nan nan
1.4358056298684618 nan nan
1.4358157911037663 nan nan
1.4358259509557783 nan nan
1.435836109425353 nan nan
1.4358462665133431 nan nan
1.435856422220602 nan nan
1.4358665765479823 nan nan
1.4358767294963344 nan nan
1.4358868810665097 nan nan
1.4358970312593577 nan nan
1.4359071800757277 nan nan
1.435917327516467 nan nan
1.4359274735824235 nan nan
1.4359376182744445 nan nan
1.4359477615933747 nan nan
1.4359579035400598 nan nan
1.4359680441153437 nan nan
1.4359781833200698 nan nan
1.4359883211550808 nan nan
1.4359984576212181 nan nan
1.4360085927193234 nan nan
1.4360187264502364 nan nan
1.4360288588147971 nan nan
1.436038989813843 nan nan
1.4360491194482132 nan nan
