igrins/spectra/qs_vir_K_20190318.ecsv
# %ECSV 1.0
# ---
# datatype:
# - {name: WAVELENGTH, unit: um, datatype: float64}
# - {name: FLUX, datatype: float64}
# - {name: ERROR, datatype: float64}
# schema: astropy-2.0
WAVELENGTH FLUX ERROR
[from data line 9165]
2.1033456275957914 64490.06767958864 991.3541870117188
2.1033588897784585 64699.1297238391 953.8008422851562
2.1033721501896743 64545.74766858601 869.7098388671875
2.1033854088291855 64131.37241011057 803.0542602539062
2.103398665696738 64242.92231076356 792.2033081054688
2.1034119207920763 64505.24947269335 784.7907104492188
2.1034251741149443 64333.69948942356 791.6392211914062
2.103438425665085 63917.89546962222 789.8969116210938
2.1034516754422405 63771.208944486396 788.1561889648438
2.103464923446153 63833.57932467788 793.4627075195312
2.1034781696765616 64148.03029284864 795.4495239257812
2.1034914141332077 63880.4371030241 799.1031494140625
2.103504656815828 63698.303541378016 790.83837890625
2.1035178977241626 63731.72467543504 791.3789672851562
2.103531136857948 63960.61510097236 789.709228515625
2.103544374216921 64400.241902171576 798.0708618164062
2.1035576098008164 64336.563977727004 807.1067504882812
2.1035708436093703 64174.331255079116 804.6522827148438
2.1035840756423156 64105.3672152825 804.8812866210938
2.1035973058993855 64233.68894267564 807.7092895507812
2.1036105343803126 64605.29001817419 803.686767578125
2.1036237610848283 64632.14562083883 799.5543823242188
2.103636986012664 64694.45915030445 805.1544189453125
2.103650209163549 64736.370172277646 801.7264404296875
2.1036634305372113 64884.76873795994 802.412353515625
2.10367665013338 64841.53063709194 803.5414428710938
2.1036898679517835 64795.79885480085 802.5068359375
2.103703083992147 64719.481444174475 806.2655639648438
2.1037162982541964 65036.14473415376 812.606689453125
2.103729510737657 64982.40761316404 823.5206909179688
2.103742721442252 65059.30428107449 823.7494506835938
2.103755930367706 64949.75457029573 820.2783813476562
2.1037691375137406 65136.15431498424 813.7435913085938
2.1037823428800775 65398.820368715176 809.5966796875
2.1037955464664373 65264.81326828823 807.8046264648438
2.1038087482725407 64875.84244829049 803.4661254882812
2.1038219482981058 64460.68710155039 806.77783203125
2.1038351465428513 64193.265246430834 805.32958984375
2.103848343006495 64527.28071924586 799.6012573242188
2.1038615376887537 64605.054169249954 804.403564453125
2.103874730589342 64902.04310664485 807.2969360351562
2.103887921707976 64944.79026607465 810.2860107421875
2.10390111104437 65226.8781739109 818.8580322265625
2.103914298598238 65625.77318811824 822.103271484375
2.1039274843692906 65643.0775355773 823.6696166992188
2.1039406683572404 65170.86213076596 819.4365234375
2.103953850561799 64887.75201905145 816.2779541015625
2.103967030982675 65181.4852431026 819.0065307617188
2.1039802096195785 65408.77463546405 821.6219482421875
2.1039933864722187 65425.910370722486 813.5878295898438
2.1040065615403014 64874.792022742186 812.9363403320312
2.1040197348235354 64861.97871981174 812.3159790039062
2.104032906321625 64959.75203295087 816.5489501953125
2.104046076034276 64681.4980269358 826.26416015625
2.1040592439611925 64692.5531553922 854.2279663085938
2.1040724101020776 64339.152759174365 880.4828491210938
2.104085574456635 64898.647189510404 874.009765625
2.1040987370245663 64677.308420545065 866.09326171875
2.1041118978055717 64981.94012462275 834.126708984375
2.1041250567993517 64888.23671802881 821.7271118164062
2.1041382140056055 65163.52656891152 822.4157104492188
2.1041513694240317 65115.92903418142 822.9790649414062
2.1041645230543287 65293.14826095555 820.2216796875
2.1041776748961927 65312.87893879616 822.0465698242188
2.10419082494932 65407.75827152861 826.3380126953125
2.104203973213405 65480.51917032675 829.1279907226562
2.104217119688144 65471.77660833228 826.35302734375
2.1042302643732285 65580.88142762307 830.1283569335938
2.104243407268352 65447.47794141169 825.6378784179688
2.1042565483732067 65618.55068057374 829.8387451171875
2.104269687687484 65429.444222665 829.3908081054688
2.1042828252108725 65321.589159550196 832.7439575195312
2.1042959609430643 65774.71150672808 826.8385620117188
2.1043090948837455 65890.05072463001 841.318359375
2.1043222270326054 65831.51639857926 838.04443359375
2.1043353573893313 65195.38363848301 841.3560180664062
2.104348485953608 65289.48604533584 834.559326171875
2.1043616127251217 65261.55445198974 835.8091430664062
2.1043747377035564 64862.02180188958 844.1026611328125
2.104387860888596 64298.755989887475 846.7999267578125
2.1044009822799237 64421.01425753733 852.4334106445312
2.1044141018772207 65031.74520295131 868.3961791992188
2.104427219680169 65496.479773049585 872.1865844726562
2.104440335688448 65525.60297265393 877.5152587890625
2.1044534499017398 65630.25154815015 872.7230224609375
2.10446656231972 65499.954962816424 875.1513671875
2.1044796729420683 65595.90393491951 861.6561889648438
2.1044927817684607 64914.79026028009 849.5855712890625
2.1045058887985753 64800.87774766109 842.703369140625
2.104518994032085 65127.066083392034 843.5164794921875
2.1045320974686663 65753.26723394915 859.4954833984375
2.1045451991079926 66001.17684566673 860.6648559570312
2.104558298949737 65871.93499301623 848.8612670898438
2.104571396993571 65817.49162241656 859.6433715820312
2.104584493239166 66147.79158980372 860.1744995117188
2.1045975876861927 66116.99815844308 861.9176635742188
2.1046106803343214 66168.59071914127 860.5009155273438
2.104623771183219 65651.53125140036 866.9222412109375
2.1046368602325565 65323.02223262535 881.8245239257812
2.104649947481999 64948.45082863858 886.489013671875
2.1046630329312124 65543.62854508948 880.7420654296875
2.1046761165798635 65878.50688738562 885.3765258789062
2.1046891984276175 66324.33987980225 876.9157104492188
2.104702278474137 66632.90505674778 866.8253784179688
2.1047153567190855 66853.90577688321 867.3219604492188
2.1047284331621263 66845.45321195334 874.856689453125
2.104741507802918 65994.22505937768 878.6560668945312
2.1047545806411243 65875.31748494213 871.2169799804688
2.1047676516764033 65695.33294862596 878.7474365234375
2.104780720908414 66205.5561083889 873.6630859375
2.1047937883368157 66148.06384277968 881.4434814453125
2.1048068539612643 66190.15915116422 878.0101318359375
2.1048199177814166 65618.00163926883 868.5197143554688
2.1048329797969294 65318.5033589895 865.3118896484375
2.104846040007456 65466.79463358269 871.042236328125
2.1048590984126503 65651.80423675703 870.3843994140625
2.104872155012168 65868.25543569113 871.7205810546875
2.104885209805658 65470.3369502648 878.2186279296875
2.1048982627927746 65835.46619675367 871.8847045898438
2.1049113139731674 65879.48981834292 890.3281860351562
2.1049243633464854 66208.43009294648 896.350830078125
2.104937410912379 66396.55921753282 911.424072265625
2.1049504566704957 66852.26550494946 928.8718872070312
2.1049635006204834 67222.75421065863 940.551513671875
2.1049765427619884 67342.00632606258 936.1971435546875
2.1049895830946572 66771.06166702893 930.2054443359375
2.1050026216181337 66550.77407306086 913.1033325195312
2.105015658332062 65857.92032487565 899.4031982421875
2.105028693236086 65720.46018124418 891.759033203125
2.1050417263298473 65427.282660505116 891.7562255859375
2.105054757612989 65733.13180292999 891.8594970703125
2.1050677870851504 65493.67751727026 898.287353515625
2.1050808147459725 65435.94990988632 897.10791015625
2.105093840595094 65283.295614761075 912.2863159179688
2.1051068646321536 65748.1633767326 908.7716674804688
2.1051198868567886 66184.90944912685 908.0858154296875
2.105132907268635 66345.26203108588 902.403076171875
2.10514592586733 66531.94235834997 903.8474731445312
2.105158942652508 66186.56239128887 902.4844970703125
2.105171957623803 65429.11043769753 889.9779052734375
2.105184970780849 63823.13746654356 906.7324829101562
2.1051979821232774 64275.86764734246 912.1687622070312
2.1052109916507207 65099.096912148845 897.464111328125
2.10522399936281 66434.46945209411 899.6574096679688
2.105237005259175 66163.06058860863 896.2796020507812
2.1052483765970273 66022.36820006324 nan
2.105250009339446 66083.11371641098 909.66845703125
2.10526301160325 66054.40928915463 906.3384399414062
2.105264695847925 66107.47673209746 909.4641331984645
2.105281012861007 65971.90898611149 952.808881311485
2.1052973276369933 65786.29171017476 999.8272485824945
2.105313640176605 65634.34274242775 1002.7122775543044
2.1053299504805634 65724.6205105797 964.5281064811409
2.105346258549588 66075.37313619506 942.0091477737252
2.1053625643843956 65831.26395329804 993.026495147066
2.1053788679857073 65946.97823811458 1011.9241288647296
2.10539516935424 65701.096101624 989.87696897323
2.105411468490711 66208.86086884941 937.562461016211
2.105427765395838 66383.01332611627 933.7174418243745
2.1054440600703366 66187.0771692924 935.8323321650463
2.1054603525149225 66035.76202955333 942.6555520847063
2.105476642730313 65464.56429479946 946.9108629284617
2.1054929307172197 65590.94807076927 939.0638494214554
2.1055092164763587 65479.76960301369 941.0090326202841
2.1055255000084436 65678.4873253717 936.2230967846962
2.1055417813141872 65608.11466900277 925.1569040346187
2.1055580603943023 65278.062406740915 919.6234468893268
2.105574337249501 65452.58035272988 910.9896907330568
2.1055906118804937 65462.88167429992 928.1751675308764
2.1056068842879934 65429.4991390919 922.6327370984569
2.105623154472709 65049.03330409051 920.9938425670077
2.1056394224353507 65175.631996731085 923.7521288666086
2.105655688176628 65480.473729462174 928.3334007332447
2.10567195169725 65715.38165001868 926.059661429065
2.105688212997924 65755.82332703297 918.6504629781244
2.1057044720793585 65671.64120595924 913.7559920220409
2.105720728942261 65950.71617196621 921.1649326116375
2.1057369835873367 65952.65473111105 926.828063731389
2.1057532360152926 66021.67102713374 924.0353473007298
2.1057694862268352 65729.24912255097 933.5860961499844
2.1057857342226676 65702.97871785173 936.8355427500761
2.1058019800034957 65619.25178558653 938.3379786927519
2.1058182235700227 65648.07652730234 939.8193187565835
2.105834464922953 65527.85236661859 946.3789549757765
2.1058507040629877 65322.45605026677 942.9414911648772
2.10586694099083 65261.83370339659 937.778591339769
2.105883175707182 65007.66407394142 938.5956830545538
2.105899408212745 65025.76278040481 936.8878789386368
2.105915638508219 64923.191667057006 940.8092156676526
2.1059318665943048 64990.95334218997 940.4192633718048
2.1059480924717016 64853.71969756079 941.2162114438729
2.105964316141108 64814.21856395879 938.014224092654
2.1059805376032235 64947.73705075433 945.6945634377311
2.1059967568587448 65075.98318047526 946.4020667627442
2.106012973908371 65093.97199919076 954.900153519482
2.1060291887527973 64867.77274026432 963.9818743807184
2.1060454013927217 65152.74099966993 963.147734246211
2.1060616118288387 65149.68178288193 969.7955582833644
2.1060778200618437 65245.587986492006 961.0697383876171
2.106094026092432 64711.7424032879 962.7195525166933
2.106110229921298 64614.08558900413 990.8053485877838
2.1061264315491344 64846.9828521717 1159.7832794787319
2.106142630976635 65168.67444676897 1313.1447307927692
2.106158828204492 65249.7323456391 1296.2020905723566
2.106175023233397 65334.74831356536 1132.3987945293954
2.1061912160640426 64925.45245644278 989.0138753774232
2.1062074066971195 64455.1845453621 959.9419670209248
2.1062235951333173 63658.269692238406 972.8293737477551
2.106239781373326 64018.41930457746 1098.9124380004669
2.106255965417835 64537.606083992636 1292.2598497740464
2.106272147267534 64906.848876672055 1323.7785794240483
2.10628832692311 64807.42383477216 1204.3771417880016
2.106304504385251 64467.20317143672 1018.5740826314449
2.1063206796546443 64037.46810944105 965.263893641911
2.1063368527319772 63893.732869650565 963.01534076649
2.106353023617934 64142.10954913155 961.7179752321695
2.1063691923132017 64625.7656496054 965.1516045293868
2.1063853588184656 64668.279423176486 967.7012520669558
2.106401523134408 64676.730855095084 963.2367180720014
2.106417685261715 64778.6324560211 964.1560137735513
2.1064338452010696 64511.25047629413 966.4544970781202
2.106450002953154 64264.03123003239 963.9710221891714
2.1064661585186495 64143.37839845244 972.7467538423905
2.1064823118982394 64501.7726130424 968.8362174270017
2.1064984630926054 64556.78687979606 963.4193006134182
2.1065146121024263 64671.89136592211 957.8546880380615
2.106530758928383 64729.89540036718 957.0390688846197
2.106546903571156 64920.299487949866 972.5401995097051
2.1065630460314226 64981.373748751495 985.5061856081219
2.1065791863098617 65051.069367540804 993.0811003661559
2.106595324407153 64969.42171297995 978.6321352679048
2.1066114603239723 64737.97436341569 968.4918001664835
2.1066275940609964 64489.450674313295 962.001835856319
2.106643725618902 64583.6019268511 954.2627947200369
2.1066598549983646 64456.82903378099 959.6270661365851
2.10667598220006 64404.296666685186 964.0445952114864
2.1066921072246623 64564.87334602656 966.3621607606466
2.106708230072846 64883.63466372352 961.4576803235573
2.106724350745285 65134.539652417065 955.6797623983927
2.106740469242652 65018.21810103196 1013.8388846756169
2.106756585565619 64745.94498487022 1168.5479857778432
2.106772699714859 64737.66895261069 1263.4140470250752
2.1067888116910427 64897.463270951666 1315.358429850533
2.1068049214948408 65152.694059560046 1279.5863125666172
2.1068210291269245 64855.420897582204 1250.8717476699182
2.1068371345879635 64759.650443364546 1139.5366581303745
2.1068532378786267 65044.600430564096 985.7276097864984
2.1068693389995823 65468.30735926557 949.19368587622
2.1068854379514996 65413.74259817676 945.503542041326
2.1069015347350453 65082.21273032501 950.0833354858667
2.106917629350888 65144.67732366483 947.9789004893612
2.106933721799692 65549.4122449454 945.1757469244363
2.106949812082126 65710.54004584296 959.1068071853409
2.1069659001988525 65600.33430797211 927.4213565692868
2.106981986150539 65194.26925678816 922.3197237429251
2.1069980699378488 65033.41671089004 926.4768486847676
2.107014151561446 65397.09042656582 949.9184572074198
2.1070302310219935 65401.62203914608 1031.8662412160868
2.1070463083201547 65281.67542681375 1075.915692903173
2.1070623834565922 64576.655405629055 1054.0721215009992
2.107078456431966 64523.127216358975 974.8821444669486
2.1070945272469395 64656.18956713112 939.1822407024769
2.1071105959021703 65010.217843438055 935.1032610348376
2.107126662398321 64933.99461105 937.8549712930917
2.1071427267360514 65039.66732431018 942.708720827589
2.107158788916018 65094.52680234431 941.30507031408
2.107174848938882 65177.622625040865 927.5987990715561
2.1071909068053 64963.9200946379 924.7790287436716
2.1072069625159284 64892.681914244444 927.3122794860573
2.1072230160714263 64880.904168301844 927.4452173415962
2.107239067472448 65224.362074971046 923.6199853801701
2.1072551167196503 65324.54186992932 921.6933873044414
2.1072711638136874 65373.58564132527 921.2538228230793
2.1072872087552157 65302.03422533157 922.2856925376162
2.107303251544888 65296.36889057662 913.601869343738
2.1073192921833575 65330.211413317 915.4405771063387
2.1073353306712783 65012.88379487586 918.5362656515958
2.1073513670093025 64838.449155128765 922.279979231328
2.107367401198082 64893.10171861136 931.9104287030169
2.107383433238269 65209.51412134402 941.903282739236
2.1073994631305126 65515.75285747983 936.9672394692668
2.1074154908754643 65583.65158485224 925.4335211132204
2.107431516473774 65707.22938415119 917.3539976987504
2.107447539926091 65689.16985288658 940.7668742303027
2.107463561233063 65601.9544866913 999.8324703191348
2.10747958039534 64922.61364873277 1035.548347057033
2.1074955974135667 64481.4114192975 1029.293176857679
2.1075116122883935 64050.64925730177 979.6149403236471
2.1075276250204644 64338.79336060281 943.6568931790744
2.107543635610427 64753.57843122382 929.9493131803545
2.107559644058926 65625.65828116455 922.882171059965
2.1075756503666065 66046.64781322726 924.244438330303
2.1075916545341133 66130.30921428071 924.7235078922952
2.10760765656209 65774.17634366125 930.396723472473
