igrins/spectra/qs_vir_K_20190318_smoothed.ecsv
# %ECSV 1.0
# ---
# datatype:
# - {name: WAVELENGTH, unit: um, datatype: float64}
# - {name: FLUX, datatype: float64}
# - {name: ERROR, datatype: float64}
# schema: astropy-2.0
WAVELENGTH FLUX ERROR
[from data line 32801]
2.341642848446096 51378.703738822136 973.6437581380208
2.3416583733059557 50891.35867187124 970.6831461588541
2.3416738960917733 50417.17775210815 980.2518920898438
2.3416894168038422 50416.15442571696 993.5333455403645
2.341704935442455 50509.52026447755 1004.3363037109374
2.341720452007907 50824.98765916512 1002.430196126302
2.341735966500499 50958.917337384184 986.739278157552
2.3417514789205285 50919.26500442208 963.1490885416666
2.3417669892682986 51393.92142561835 946.5904134114583
2.3417824975441133 51279.448492718235 936.1053670247395
2.34179800374828 51217.092123870236 930.8432617187499
2.3418135078811058 50714.71048265764 927.8534545898438
2.3418290099429 50715.986236300574 929.1973673502604
2.341844509933978 51088.46387307998 934.2216796875
2.3418600078546525 51626.72528758542 940.5172119140625
2.34187550370524 51742.19824306536 947.9310506184895
2.3418909974860598 51776.61524333994 959.4662679036458
2.3419064891974317 51386.258991921015 971.9886474609375
2.3419219788396792 51295.71022414948 988.2980346679688
2.341937466413127 51009.31002222634 1017.4038696289062
2.3419529519181013 51162.12786818279 1071.0232950846353
2.341968435354932 51771.27255259329 1174.074259440104
2.3419839167239496 52598.41341319803 1355.400390625
2.3419993960254875 54120.37815369919 1685.8939208984375
2.34201487325988 55596.65026295891 2263.4894205729165
2.3420303484274645 56563.13019656234 3030.865478515625
2.3420458215285804 56516.16118667591 3546.748942057291
2.342061292563568 54518.266204562206 3458.78515625
2.3420767615327738 53462.10672817084 2818.611450195312
2.3420922284365395 51842.817929619836 2099.013020833333
2.342107693275214 51658.45080699427 1592.537150065104
2.342123156049147 50898.74063220559 1304.6742350260415
2.3421386167586893 50377.91139683068 1145.0280354817708
2.3421540754041943 50639.50673425781 1058.7040405273438
2.34216953198602 50687.356299756524 1011.2764282226561
2.3421849865045217 51299.40178613213 982.9625447591145
2.34220043896006 51168.523639776555 964.7227986653645
2.342215889352997 51241.861636275666 950.4050089518229
2.3422313376836965 50937.144210314116 936.6591186523438
2.342246783952523 50724.37101971409 927.3702392578125
2.3422622281598464 50754.111380254704 922.5638427734375
2.3422776703060357 51156.17850345734 921.580098470052
2.342293110391464 51260.09401479627 919.1577962239583
2.342308548416505 50917.206680685755 914.0347696940103
2.3423239843815353 50770.65580672412 910.6600545247395
2.3423394182869317 50799.3356615083 907.8259277343749
2.3423548501330758 51072.701199419025 907.3638916015625
2.3423702799203503 51095.768887300175 911.3014526367188
2.342385707649139 50857.49986045369 914.7805989583333
2.342401133319829 50850.3512569873 921.8751017252604
2.342416556932808 51023.41644422368 928.8729858398438
2.342431978488467 51928.5386749337 948.9560139973958
2.342447397987199 51720.128135382336 982.9315592447916
2.342462815429399 51790.94196902728 1040.8275146484375
2.342478230815463 51498.404995333156 1113.1505940755208
2.342493644145791 51837.474693596494 1176.856974283854
2.342509055420783 51342.80009999694 1197.406982421875
2.3425244646408423 50949.03246062757 1166.0005696614583
2.3425398718063737 50834.83232085715 1104.0528157552083
2.3425552769177846 50966.26677357065 1035.37548828125
2.342570679975484 50860.12841802437 978.947041829427
2.342586080979884 50783.86558020167 939.5777587890625
2.342601479931396 50914.355462383544 920.1623128255208
2.342616876830437 51198.347334670034 913.042744954427
2.342632271677424 51096.126603102864 909.4230143229165
2.3426476644727763 51062.37231614867 909.4829711914062
2.342663055216915 51084.84809413635 911.5581461588541
2.342678443910265 51286.05210804592 910.389668782552
2.3426938305532494 51483.96008876686 908.3101196289062
2.3427092151462987 51564.06893019162 909.2294311523438
2.3427245976898416 51834.87114438282 921.1135864257812
2.3427399781843086 51989.98171019981 941.242451985677
2.342755356630136 52343.43621528304 963.949727376302
2.342770733027758 52078.066224344075 978.7324829101561
2.3427861073776124 51639.827816302284 985.2462158203125
2.34280147968014 51126.18606859845 988.5935668945312
2.3428168499357835 51248.98282180061 988.9977416992186
2.3428322181449857 51651.40532367509 983.7572835286458
2.342847584308194 51674.962633266005 969.7879028320311
2.342862948425855 52114.63239214091 952.2540690104165
2.342878310498422 52139.78350439752 935.4991861979166
2.342893670526343 52035.46684167989 924.0739135742188
2.342909028510076 51578.238814306605 920.6685994466145
2.3429243844500767 51591.73306471314 925.2135823567708
2.3429397383468027 52068.706234079815 938.479512532552
2.3429550902007157 52224.53202531137 959.1662394205729
2.3429704400122775 51675.3151972374 982.311055501302
2.3429857877819544 51516.18698143482 999.0816446940103
2.3430011335102114 51272.4587350592 995.1333414713541
2.3430164771975175 51637.74333239149 975.151896158854
2.343031818844345 51345.99069435535 947.1852010091145
2.3430471584511654 51537.05078157499 927.523722330729
2.3430624960184536 51509.972350147764 917.3407999674478
2.3430778315466885 51421.96790563654 912.6426798502604
2.3430931650363482 51747.765017217986 914.5067749023436
2.343108496487912 52184.24768932471 918.1791178385416
2.3431238259018663 52733.857411200086 922.6210734049479
2.3431391532786954 52432.08350756964 926.260009765625
2.3431544786188856 52562.69535293023 930.7830607096354
2.3431698019229272 52036.78287251033 931.3984985351562
2.3431851231913114 52239.71414948928 933.76025390625
2.343200442424532 51942.61161619794 937.8377075195311
2.3432157596230847 52752.17172829254 957.5635579427083
2.3432310747874663 53227.0197535677 993.1930338541665
2.3432463879181773 53080.16018311622 1045.4483235677083
2.343261699015719 52450.04202651316 1111.6042073567708
2.343277008080596 52042.800001796946 1163.8299967447915
2.3432923151133127 52456.456645773476 1184.3192138671875
2.3433076201143797 52671.031262417586 1150.0348714192708
2.3433229230843047 52126.903628263855 1089.0784301757812
2.3433382240236 51504.64565371068 1021.7525431315103
2.3433535229327798 51765.816101797056 979.6559651692708
2.3433688198123606 52211.83240013693 955.8483683268229
2.3433841146628605 52662.08356353029 955.200948079427
2.3433994074848 52256.05862994624 960.757100423177
2.3434146982787016 52303.88705129154 969.1522623697916
2.3434299870450896 52197.77723771546 979.9166463216145
2.34344527378449 52272.920630114095 999.0515950520833
2.343460558497432 52884.27442276427 1048.692647298177
2.3434758411844454 53092.55214749384 1115.2425130208333
2.343491121846063 52846.5355194938 1175.2354329427083
2.34350640048282 51894.51291986317 1179.1737060546875
2.3435216770952527 51715.56221207032 1130.4319661458333
2.3435369516839004 52040.38251805969 1053.4478556315103
2.343552224249304 52094.737506202386 991.7666625976562
2.3435674947920053 52365.93841485625 955.2113647460938
2.3435827633125506 52328.39631675556 937.8048502604166
2.343598029811486 52622.998972286936 933.3388264973958
2.3436132942893613 52413.06054032394 928.7884114583333
2.3436285567467277 52305.40355100021 930.8338419596354
2.3436438171841365 52033.90288293989 936.1525675455729
2.3436590756021456 51701.64805578521 958.241943359375
2.343674332001312 51682.62336496445 994.1258748372395
2.343689586382194 52101.75379046559 1045.3089803059895
2.343704838745353 52105.304459434265 1078.852091471354
2.3437200890913523 52480.139426641115 1096.004638671875
2.343735337420759 52295.27333130493 1089.0257161458333
2.3437505837341392 52790.60523981855 1096.7501627604165
2.3437658280320637 52920.63272753739 1113.855997721354
2.3437810703151043 52984.728231178946 1143.0965169270833
2.3437963105838326 52871.98399334351 1172.024210611979
2.343811548838827 52744.04620155294 1198.8510335286458
2.343826785080664 52569.93882747579 1220.2720540364583
2.343842019309925 53032.072347096924 1216.2347005208333
2.3438572515271896 52885.01015280991 1180.0330403645833
2.343872481733044 53271.939940718716 1108.7682291666665
2.343887709928074 52339.74113801073 1031.2061767578125
2.3439029361128667 52113.76363397415 971.2140706380208
2.343918160288014 51838.93488577377 940.1341552734374
2.343933382454107 52024.18229663119 927.1452026367186
2.34394860261174 51819.8358196639 916.8292846679686
2.3439638207615103 51556.677586472724 907.3088989257811
2.343979036904016 52053.674443516655 899.8921915690103
2.343994251039857 52362.05910609495 894.1375935872395
2.344009463169637 52295.47395542357 889.5543619791666
2.34402467329396 51408.00524224218 885.6650187174478
2.3440398814134324 51444.354429009545 886.9188435872395
2.3440550875286643 51885.06460093894 887.4905598958333
2.3440702916402643 52607.60123188125 890.9276326497395
2.344085493748848 52505.05752445062 893.564005533854
2.344100693855028 52563.065028308614 897.7500406901041
2.3441158919594227 52337.56169174465 897.1647542317708
2.3441310880626505 52394.18105847187 896.756368001302
2.344146282165333 52113.10489343701 896.9539388020833
2.3441614742680934 52397.57479682902 897.8595377604165
2.3441766643715565 52594.284488580466 897.9099731445311
2.3441918524763494 52347.87374147963 895.0843505859375
2.344207038583103 52262.00849170598 891.9888509114583
2.3442222226924465 52288.31914015366 892.8246663411458
2.3442374048050145 52641.310086350815 895.528361002604
2.3442525849214424 52076.84637622701 895.9695434570312
2.3442677630423687 52029.07371655272 894.5089925130208
2.3442829391684312 52037.76286758631 890.8054809570312
2.3442981133002725 52064.70583389608 889.693115234375
2.3443132854385373 51635.2258154082 888.0569661458333
2.3443284555838697 51278.54408288196 891.379659016927
2.344343623736919 51519.41273201511 898.3614705403645
2.344358789898335 52264.131698997466 908.3072306315104
2.344373954068768 52340.0170934324 918.7926635742188
2.3443891162488737 52183.18044287122 935.342061360677
2.344404276439308 52070.479646796986 962.8400065104166
2.3444194346407294 52200.63759527423 993.3621826171874
2.3444345908537967 52459.18704366739 1013.46240234375
2.344449745079174 52120.15970326953 1008.745849609375
2.344464897317524 52244.300083851704 984.9461669921874
2.344480047569514 52353.031324709504 954.9122517903645
2.3444951958358122 52384.210452303756 934.5003458658853
2.3445103421170885 51974.69389313375 930.412109375
2.344525486414017 51832.086814362214 943.5446370442708
2.3445406287272714 51820.52857215083 966.7937622070312
2.3445557690575276 52296.109884064485 988.3924153645833
2.3445709074054664 52512.60340424361 998.4194132486978
2.3445860437717667 52804.043167533586 990.9344075520833
2.3446011781571126 52327.01453658266 970.8213907877604
2.3446163105621873 51771.24322162624 949.809122721354
2.34463144098768 51270.25152312875 933.7919514973958
2.344646569434278 51440.74607070674 928.9994710286458
2.3446616959026736 51454.97320440746 931.2016398111979
2.344676820393559 51286.00937212787 937.5152791341145
2.344691942907629 50647.31086336259 950.6605224609375
2.3447070634455827 50503.4305571499 979.5507609049478
2.344722182008118 51316.22128107093 1040.3358968098958
2.344737298595937 51835.228815857685 1136.3642578125
2.3447524132097426 52557.277874626045 1253.4794921875
2.3447675258502403 52839.19889054447 1331.7740071614583
2.3447826365181386 53498.02750430192 1320.623087565104
2.3447977452141453 53497.301041638995 1223.9228108723958
2.344812851938973 52623.462956431285 1109.0911865234375
2.3448279566933365 52069.39072726536 1035.534932454427
2.3448430594779497 51541.66427404596 1021.290791829427
2.3448581602935312 51463.625864996066 1051.6142374674478
2.3448732591408024 51586.26502454867 1128.0504557291665
2.3448883560204825 51577.068396550756 1215.3265380859375
2.3449034509332973 51598.468149389155 1275.5788167317708
2.3449185438799725 51598.98239470235 1263.2006022135415
2.344933634861236 51631.87155986432 1194.1873372395833
2.344948723877819 51621.446673887134 1119.6256510416665
2.3449638109304525 51069.571450253236 1078.2565511067708
2.344978896019871 50863.8780883326 1094.196573893229
2.3449939791468117 50941.92027356147 1171.2013753255208
2.3450090603120115 51818.261426521916 1317.095947265625
2.345024139516213 52192.651045439314 1501.7106526692708
2.345039216760156 51789.644869269265 1629.8603108723958
2.345054292044588 51335.98220827873 1620.3595784505208
2.3450693653702537 51582.67005329617 1474.7076822916665
2.3450844367379022 51707.562682452626 1288.134033203125
2.345099506148285 51354.92004731745 1147.3028564453125
2.3451145736021535 51352.069195890166 1074.2789306640625
2.345129639100264 51565.603167722395 1048.067423502604
2.3451447026433727 51400.14893912 1039.7392578125
2.3451597642322395 50682.12228675869 1030.1026814778645
2.345174823867623 50775.03951822318 1014.8289998372395
2.3451898815502887 50855.59762514828 990.9483642578125
2.3452049372810024 51014.471648633495 962.8919270833333
2.3452199910605285 50859.16843965504 939.904073079427
2.3452350428896387 51251.14139214637 928.2326253255208
2.3452500927691036 50698.633864609306 924.3791300455729
2.3452651406996963 50445.44933344002 923.8501993815103
2.3452801866821917 50404.203012657614 928.7218831380208
2.345295230717369 51373.243225513856 943.9820556640624
2.345310272806006 51481.849661434666 971.0881754557291
2.345325312948886 51170.79425627142 1005.0157674153645
2.345340351146791 50991.99473448774 1044.5721638997395
2.3453553874005078 51550.249200457205 1071.5400390625
2.345370421710824 51761.87075030482 1077.8826904296875
2.3453854540785297 51285.78672507366 1068.5147705078125
2.3454004845044163 50237.858225895456 1061.6311848958333
2.3454155129892786 49552.656901002934 1067.2281494140625
2.3454305395339112 49725.12406167995 1076.92529296875
2.3454455641391134 50173.5634156911 1072.844970703125
2.345460586805685 51350.77405580163 1059.597208658854
2.3454756075344294 51179.129981814636 1040.52978515625
2.345490626326148 51191.95723190547 1026.2750651041665
2.3455056431816503 50657.49685759831 1004.3732706705729
2.345520658101742 50712.81913109659 974.3715616861979
2.345535671087235 50650.98384755288 943.1709594726562
2.3455506821389425 50410.609948740675 925.6857706705729
2.3455656912576774 50083.97853386302 919.5353597005208
2.3455806984442567 49876.567337721375 931.3599853515624
2.3455957036995 49917.26070637144 958.4451293945311
2.345610707024228 50344.29888739204 995.4931640624999
2.345625708419262 50313.29453000217 1021.623087565104
2.345640707885427 50628.560640095995 1021.1895751953125
2.3456557054235523 50637.70865752416 994.3118286132811
2.345670701034465 50425.212977718526 954.1075032552083
2.345685694718996 49769.66584434561 921.5257568359374
2.3457006864779784 49457.288864694696 905.876017252604
2.345715676312247 49661.87695915546 902.9994303385416
2.345730664222641 49648.95268684778 912.687276204427
2.345745650209998 49687.559429036904 935.3160603841145
2.34576063427516 49396.014372056656 973.3662719726562
2.3457756164189694 49334.46312656761 1022.9745686848958
2.3457905966422725 49378.69118793623 1064.1701456705728
2.345805574945916 49583.10549100685 1075.373575846354
2.3458205513307497 49701.43396603612 1049.3173624674478
2.345835525797626 49516.630802653206 1008.3170369466145
2.3458504983473984 49831.68018638625 977.938008626302
2.3458654689809215 49898.31056004783 960.1502075195312
2.3458804376990545 50342.92193503716 949.3055826822916
2.345895404502656 49921.853182083345 940.7533976236978
2.345910369392588 49904.62925018758 947.671915690104
2.345925332369715 49827.6695888486 977.9178263346354
2.3459402934349036 50453.83123490409 1028.655558268229
2.3459552525890204 50211.67842552039 1073.1375325520833
2.3459702098329367 49675.76082480079 1078.439737955729
2.345985165167524 49237.03775980965 1042.4087524414062
2.3460001185936563 49419.06025079433 986.597900390625
2.3460150701122107 49507.879073982374 938.3516438802083
2.3460300197240653 49173.137157990015 906.8851114908854
2.3460449674301005 48645.59613592014 884.5323689778645
2.3460599132311977 48621.22882466127 872.3743082682291
