igrins/spectra/qs_vir_H_20190318.ecsv
# %ECSV 0.9
# ---
# datatype:
# - {name: WAVELENGTH, unit: um, datatype: float64}
# - {name: FLUX, datatype: float64}
# - {name: ERROR, datatype: float64}
# schema: astropy-2.0
WAVELENGTH FLUX ERROR
[from data line 31693]
1.7915810852651077 105013.96934570391 1745.5324619147373
1.7915949547152472 105037.66706739819 1283.4023603775133
1.7916088223603486 105765.28659690054 78.97718637787007
1.791622688200384 103962.24111100024 1807.613242199477
1.7916365522353248 102813.51814407718 376.5949056582091
1.7916504144651457 104304.69579880872 526.1624386072593
1.7916642748898188 104876.01253175993 849.963455315503
1.7916781335093206 103401.70884957381 978.2717162560288
1.7916919903236246 103481.3363604712 996.5473396947642
1.7917058453327093 102433.61056247182 886.4902185293956
1.7917196985365507 104878.53307001205 1207.1398780688799
1.7917335499351268 103552.24437522543 1098.5179590408536
1.791747399528416 102248.53914291953 879.6794323679903
1.7917612473163975 103289.8884659416 412.7514902680455
1.7917750932990526 102605.08857987614 424.4695776709129
1.7917889374763607 103251.04118861872 2930.113416433841
1.791802779848305 104195.0441275343 1736.437864669678
1.791816620414867 104083.25060102725 1901.95624311804
1.7918304591760301 104778.57159052574 134.65983345361906
1.791844296131779 104985.9827579799 1651.5346372243653
1.791858131282098 104770.45459748714 4184.553378990946
1.7918719646269732 105738.8753741649 2846.10890652933
1.7918857961663903 106603.79646486382 699.2052566248792
1.7918996259003375 108226.68435962587 24.570130982469824
1.7919134538288015 104413.13179295792 4539.573945599861
1.7919272799517723 102069.72748965508 2898.5964766708007
1.7919411042692384 98536.64562581752 2381.5712688887443
1.7919549267811905 101241.88339467708 4286.747068752139
1.7919687474876194 103267.67551864388 3628.1225028110694
1.791982566388518 105466.71260331936 3047.464369446345
1.7919963834838775 103853.72827704539 257.49117310181055
1.7920101987736923 104924.94042827637 2045.320480782508
1.792024012257956 105329.526355676 195.30382069478452
1.7920378239366646 105939.30852886224 121.70989802522531
1.792051633809812 105161.34752725303 299.70472301065297
1.7920654418773965 96850.68824741701 80.60444149457892
1.7920792481394143 103148.46291166378 6756.190242581878
1.792093052595864 102433.85653648728 5337.5433944878705
1.7921068552467445 103398.57206572677 1198.250835401978
1.7921206560920548 102799.11490317197 719.0756914993933
1.792134455131796 103776.82103487587 1703.1299806497261
1.7921482523659689 103160.14243895256 224.88269915837222
1.792162047794576 103512.20568598622 2091.2393126077004
1.792175841417619 102160.46625152082 3687.308414196494
1.7921896332351028 103622.73501300128 3155.922572565174
1.7922034232470303 105465.76006359812 1129.7794515857138
1.7922172114534076 104574.54651734313 1032.2063539073054
1.7922309978542406 105456.1683375907 838.4154841984005
1.792244782449535 109280.96907083763 1178.0169487380122
1.7922585652392984 111260.42115843747 5329.013868351393
1.7922723462235397 114132.19380758193 5803.881946235775
1.7922861254022673 106223.99097706424 544.6792549994093
1.7922999027754918 99515.0742218743 4580.087899658439
1.7923136783432225 101478.43052133707 7473.911580052497
1.792327452105471 104092.99586487623 188.53405861360014
1.7923412240622503 104311.28256876754 1791.1830242427702
1.7923549942135721 103489.00526475823 2735.9971421203545
1.792368762559451 104778.07987362996 1152.726659853528
1.7923825290999005 106635.66240204794 1032.5074344490245
1.7923962938349367 106859.17211737852 3212.20218208542
1.7924100567645742 105916.49384670336 211.09745727978168
1.7924238178888314 107895.05787937276 7483.799632375972
1.7924375772077248 109902.72669286528 528.3325041927594
1.7924513347212732 106703.8377812686 3451.6679425573584
1.7924650904294956 103282.76630043711 1838.9437673133186
1.7924788443324113 104280.95341983628 948.5655420711718
1.792492596430041 104720.39102070767 780.4642732037522
1.7925063467224067 103907.03642236708 1339.4084701706556
1.7925200952095308 103615.99285084673 4894.50837698048
1.7925338418914356 105055.02497891874 89376.09438022255
1.7925475867681449 105915.11318303083 1742.381476437565
1.7925613298396834 nan nan
1.7925750711060768 nan nan
1.7925888105673506 104754.42986526818 4514.8894895025915
1.7926025482235317 105472.87329361768 2387.5768842937123
1.792616284074648 104582.36860133053 207.82909025650684
1.7926300181207273 102787.52201656222 1039.3468403523316
1.7926437503617998 103770.99270702472 1663.7907550547914
1.7926574807978948 107436.27154295966 590.8636812650805
1.7926712094290433 110037.67740035895 1249.122406090924
1.7926849362552757 110440.42539911518 1230.314051100738
1.7926986612766267 110645.12214243517 1129.1921890955252
1.7927123844931274 111247.73031359659 6673.57630975704
1.7927261059048132 106843.87095706031 5271.128222006764
1.7927398255117166 135418.00720312182 12519.05791222228
1.7927535433138748 112628.98825667819 57395.76012481915
1.7927672593113233 114172.26724872494 10729.162078224705
1.792780973504099 108675.32845663752 9489.931487004467
1.7927946858922401 112484.44707856045 3491.910729283735
1.7928083964757846 109603.58983553556 2791.2843319655976
1.7928221052547721 110134.99139952622 606.6549927765847
1.792835812229243 107644.64106905281 2730.8595889143803
1.7928495173992374 104705.04072991824 2877.9848937617535
1.7928632207647976 103801.30853427158 495.67633228527734
1.7928769223259655 105031.54269953835 2323.118318375288
1.792890622082785 105691.3273776636 955.0441222001057
1.7929043200352996 104649.16309058073 663.8115802632462
1.7929180161835543 105633.89839781579 1342.6368809074431
1.792931710527594 104879.59299922403 592.9323136000214
1.7929454030674656 104169.98908383901 147.38726772543507
1.7929590938032156 105402.46879133028 606.9670932201986
1.7929727827348927 104996.27785595582 1954.8217273969956
1.7929864698625448 104214.34735125578 2442.6294256488977
1.793000155186222 104093.5147845644 656.5033452010894
1.7930138387059744 103261.71270561445 1806.0387901882764
1.7930275204218524 104740.28548580647 430.20003950881693
1.793041200333908 104239.38533913718 222.91359604434143
1.793054878442194 104263.97301208487 1098.9900109499974
1.793068554746763 104372.09749388653 1874.5747204455097
1.7930822292476702 105620.36404327633 1450.5517282743767
1.7930959019449701 105451.33941850912 1666.1349289503619
1.793109572838717 105685.92079975417 2896.7651407229737
1.7931232419289693 104853.50814010786 1522.5295366294324
1.7931369092157832 105298.07161825855 420.01941770479567
1.7931505746992165 104655.93346167139 609.3571326192823
1.7931642383793287 105081.9247820306 734.3958136902779
1.7931779002561783 104363.45926988269 250.9494460173448
1.793191560329827 105966.74818523458 334.62775686932696
1.793205218600334 105114.48422760385 1512.0613376990082
1.7932188750677633 105356.64130430826 127.70494592566556
1.7932325297321763 106594.35060880383 1756.6290956403316
1.793246182593636 105456.94395346467 1524.7836866347811
1.7932598336522074 105052.67600892393 461.7439099558271
1.7932734829079555 107043.21660505331 2254.9524788266235
1.7932871303609461 107499.98596322417 1517.2501419713496
1.7933007760112454 107244.19185698625 2272.2735012821367
1.7933144198589204 108203.83172824343 1747.1571295863712
1.7933280619040401 109416.1855570009 998.5594682779331
1.7933417021466729 110753.25030737207 71.99175003039659
1.7933553405868878 110236.2048014426 1921.2779303678528
1.793368977224756 111779.14658686955 174.5356164825405
1.7933826120603493 112477.8795359193 402.59793596177303
1.7933962450937377 113209.34604851021 3357.18726432795
1.793409876324996 120123.8174327213 557.9800462609899
1.7934235057541967 120828.49753314472 13842.53594624426
1.7934371333814143 116882.88759486988 28525.63548431066
1.7934507592067237 104095.28070241597 179043.48023340167
1.7934643832302013 15979.23172427367 229818.96066705743
1.7934780054519233 215418.9853627335 71308.02966821902
1.793491625871967 206143.68192457364 74062.08017471418
1.7935052444904112 145691.5501242349 19849.947376867287
1.7935188613073343 143504.31440186469 1267.2073942869592
1.7935324763228164 126053.405151832 1112.0239849505767
1.7935460895369377 123410.52865614455 3341.507981725656
1.7935597009497801 103803.80998559181 7879.7987274368825
1.7935733105614258 109269.43259678854 8095.902073837269
1.793586918371956 113438.98360495092 5738.37221847582
1.7936005243814561 108133.62947028322 3220.979977896989
1.7936141285900098 111335.76470913626 1554.1165628769888
1.7936277309977031 107210.9866422001 3640.197593834227
1.7936413316046211 108253.38061081737 1500.579641118246
1.7936549304108502 109321.00333116169 1218.763047963724
1.7936685274164792 108071.92644849411 432.21054392306525
1.7936821226215958 109091.66553377833 3791.4552839321987
1.793695716026289 111393.63487640266 1244.2641660754402
1.7937093076306487 110971.45332790613 1260.1069115015905
1.7937228974347654 108866.72419350594 1631.4646032572725
1.793736485438731 112085.9344825941 3196.0078892802617
1.793750071642637 108187.89271651731 3958.754516277525
1.7937636560465775 109003.07863605522 1624.5052210669546
1.7937772386506452 111044.19450002545 1752.2898832499045
1.7937908194549348 113363.89308274358 1374.3244870691947
1.7938043984595424 109889.48544188384 2344.918342022516
1.7938179756645631 109382.97824945275 1018.6188293322109
1.7938315510700942 109447.93456563591 4072.535389858144
1.7938451246762337 107748.31670720002 7736.944166604829
1.7938586964830792 107374.59283855381 1150.129376651682
1.7938722664907303 131789.22480788658 8909.176773543873
1.7938858346992876 133796.2579669285 3665.15614667122
1.7938994011088516 126737.24290121609 18537.89179210875
1.793912965719523 179639.28918819586 127183.21664637982
1.793926528531405 114934.87422840603 74187.45750501807
1.7939400895446 198844.53305037026 30512.45586709277
1.7939536487592125 161927.14324606457 36990.73661199814
1.7939672061753467 143251.3055616601 10773.638855347383
1.7939807617931083 120170.87674062236 20015.28481343612
1.793994315612604 113873.33038545206 7632.802626880881
1.7940078676339395 110688.1378916532 4408.154890738037
1.794021417857224 109253.21903388787 4988.307195275354
1.7940349662825648 112083.88380755913 22.622036707714358
1.7940485129100725 108221.60265930998 77.68630347448214
1.794062057739856 105823.87763750264 687.8196163371305
1.7940756007720264 106220.7905162672 135.0969502725491
1.7940891420066962 101956.46783370299 51.659346553405555
1.7941026814439767 102648.2176853691 2497.001758369774
1.7941162190839814 104485.13452855007 3260.5597838488225
1.7941297549268254 105153.38246655607 545.1266971255777
1.7941432889726219 105161.34695046957 1267.189445309066
1.7941568212214878 104535.23566969058 600.1455840807595
1.7941703516735386 108941.61751490427 935.331632396588
1.7941838803288916 103209.82894788419 243.6809137694478
1.794197407187664 103512.54953162558 2709.385925988662
1.7942109322499755 106268.07263862978 953.9623464792414
1.7942244555159457 105900.39882978876 957.2269005111474
1.7942379769856933 106797.62531041724 2402.730939810424
1.7942514966593408 106246.97517817914 2730.4876386531027
1.7942650145370092 104038.48153929162 550.0695875743767
1.7942785306188214 103624.00640228904 3762.5373447367506
1.7942920449049005 102947.60033211758 5124.089339414911
1.7943055573953708 102522.51800103059 373.0304405305764
1.7943190680903571 102317.48425402433 247.98434744205144
1.7943325769899847 103707.2450878425 1784.358201699031
1.794346084094381 105260.589060877 1016.6139803838984
1.7943595894036721 105520.18975337673 1680.9424096732046
1.7943730929179864 102784.23253299776 314.0268956124779
1.7943865946374524 103318.64355907768 1270.7450359398954
1.7944000945622007 104190.65136134216 2859.250814663656
1.7944135926923601 103200.1273449638 286.3409941423572
1.7944270890280634 104471.43967456458 1213.9152504452227
1.7944405835694408 103934.99021527916 477.46900649368513
1.7944540763166263 100992.36406151962 1106.0386881094857
1.7944675672697525 102730.11846137978 643.3729965085901
1.7944810564289542 104249.22508332462 2309.156152271341
1.7944945437943658 104740.02538906682 1051.6658243848906
1.794508029366123 105593.24029321615 2285.144676351686
1.794521513144363 103462.66698803111 2444.6064280398814
1.7945349951292222 103734.27390931564 396.2875326072944
1.7945484753208403 103500.3306225435 1053.71767425222
1.7945619537193551 105788.25222313225 2145.01539653504
1.7945754303249062 105142.70776561355 1012.1394099249419
1.794588905137634 100628.88838012391 26.902677187496923
1.7946023781576803 98042.07038104802 3273.593717421692
1.7946158493851863 99774.76995277478 3263.4519738780164
1.794629318820296 103811.56523755807 2315.2607865604796
1.7946427864631511 102867.49198648939 686.264492449854
1.7946562523138974 100689.74529067379 639.18395670938
1.7946697163726797 103585.65947817142 1683.3345594059929
1.7946831786396436 103764.46307862512 869.6957678078195
1.794696639114936 101698.94873648202 1011.5779764994054
1.7947100977987043 101837.72527389218 1581.8792707716634
1.7947235546910965 101219.95852557222 588.6871541547124
1.7947370097922624 106027.36362011434 913.0959020496107
1.79475046310235 102753.46591167279 979.4105733095705
1.7947639146215117 103338.75434155352 1875.9900343480315
1.7947773643498983 101715.55347700983 693.7462094036036
1.7947908122876615 102623.67388175694 4737.806541948797
1.7948042584349542 103393.40897509783 3395.440556205992
1.7948177027919305 104607.94299988728 3035.2976652533193
1.7948311453587444 102904.35820168957 3033.3965092516387
1.7948445861355524 101836.14143161628 1535.926828085712
1.7948580251225084 101811.38936486651 2493.125666180982
1.79487146231977 100757.30439392473 1154.0328577794266
1.7948848977274958 102638.79860554126 822.7785219909156
1.7948983313458426 103337.22703963722 1612.3798511416435
1.7949117631749705 103066.64676586112 82.05427241754009
1.7949251932150394 102698.01857951703 2710.434924881182
1.794938621466209 101177.11367969599 2363.2310096671804
1.7949520479286418 103314.98327350026 1371.8669451158262
1.7949654726025 102105.34738525678 1451.9956449390422
1.7949788954879453 103933.03808009246 1915.8388424401874
1.794992316585143 101846.0352237973 687.5707218745459
1.7950057358942568 100891.32718755117 373.9863596085249
1.7950191534154525 101044.5951081911 1062.7613665359022
1.7950325691488962 103670.54084294765 1417.1828178754402
1.795045983094754 104417.03125882214 1478.563296546136
1.7950593952531946 104368.78403579532 2192.977205168312
1.7950728056243852 102615.91960405934 2351.7629754989275
1.7950862142084965 103189.13519385325 1315.9401649725723
1.7950996210056975 104829.0217459966 2892.2370608801452
1.7951130260161605 102938.01529036314 1412.4021506126526
1.7951264292400542 103179.63086085519 204.77457622110202
1.795139830677553 103965.27443283204 2429.6787051179163
1.79515323032883 107233.78289645273 396.68749957622833
1.7951666281940586 103889.25669808994 4118.237351601814
1.7951800242734133 101799.74129536252 2135.8550548946496
1.7951934185670702 106740.13814193098 7185.656787128118
1.7952068110752049 108215.58901473977 6532.001564793099
1.7952202017979941 108789.38052716307 4659.921628729065
1.7952335907356165 121419.34292216344 28244.943417828028
1.7952469778882498 98915.01033508903 35728.989141182064
1.795260363256075 209998.0334001606 37836.244029564616
1.79527374683927 282153.86028754903 51303.55926022734
1.7952871286380172 129714.21871426953 192198.56156511407
1.7953005086524976 88249.35957791288 21577.24389363953
1.7953138868828935 164957.08644516737 30157.56788761762
1.7953272633293886 96560.00995117587 17090.521222405976
1.7953406379921673 98723.99393644635 7165.54284142439
1.795354010871413 101126.97038343911 4429.41997049045
1.7953673819673128 100598.1284835493 693.8089341997427
1.7953807512800513 106894.87460414883 962.611287351051
1.7953941188098175 108516.42452229532 4985.376366723842
1.795407484556798 105798.54079533493 2472.9263198995945
1.7954208485211818 101115.56601860317 2508.2468097464857
1.795434210703159 102924.82036050216 705.7975455661638
1.795447571102919 105602.1727578831 253.40074342969518
1.795460929720653 101012.06458333886 2919.7239459349216
