igrins/spectra/qs_vir_K_20190318.ecsv
# %ECSV 0.9
# ---
# datatype:
# - {name: WAVELENGTH, unit: um, datatype: float64}
# - {name: FLUX, datatype: float64}
# - {name: ERROR, datatype: float64}
# schema: astropy-2.0
WAVELENGTH FLUX ERROR
[from data line 12788]
2.0407384797652512 66095.84429287304 1155.140625
2.0407533610144553 67413.88738823587 1145.780517578125
2.040768240291021 68436.09788949454 1152.7974853515625
2.0407831175957414 68596.74476216004 1151.5198974609375
2.040797992929403 68369.16365073477 1151.0614013671875
2.040812866292798 67933.72332271676 1142.6982421875
2.0408277376867114 68056.54121920677 1144.3284912109375
2.0408426071119314 68762.25475653759 1143.0789794921875
2.040857474569242 68674.6708459616 1144.7108154296875
2.0408723400594293 68684.44670868781 1156.4805908203125
2.0408872035832757 69260.43446115045 1153.4764404296875
2.0409020651415624 68523.97202250327 1164.716064453125
2.0409169247350722 69379.20333269367 1189.0484619140625
2.0409317823645847 69516.40082908064 1229.58740234375
2.040946638030877 70596.22638166316 1315.9158935546875
2.040961491734729 69875.7135601968 1436.5091552734375
2.040976343476916 69878.39089686518 1623.4052734375
2.0409911932582157 72353.00586848262 1728.7669677734375
2.0410060410793998 71335.17451090446 1610.0174560546875
2.0410208869412427 69975.35005047116 1404.8631591796875
2.0410357308445173 69618.45770426291 1264.87646484375
2.0410505727899944 69123.73312937503 1204.70703125
2.041065412778443 68253.50324699756 1187.107666015625
2.0410802508106345 69811.67015772226 1179.807373046875
2.0410950868873345 70174.76405045977 1168.61962890625
2.04110992100931 68511.52099375614 1164.71923828125
2.0411247531773284 67895.75605542102 1154.48828125
2.041139583392152 67807.46789559745 1153.3887939453125
2.041154411654547 68867.73507048335 1183.62060546875
2.0411692379652733 68759.80802990579 1246.0548095703125
2.041184062325093 68566.01873298927 1523.1925048828125
2.041198884734767 67594.90196431564 2242.703125
2.0412137051950525 68735.39920328197 2960.756103515625
2.04122852370671 68404.83297980594 3369.088134765625
2.041243340270494 70857.60243176881 3391.757568359375
2.041258154887162 68236.12303986358 3058.47900390625
2.0412729675574677 64045.46923545086 2773.140625
2.0412877782821655 63212.63265267038 3042.962158203125
2.041302587062008 61544.797350612396 3503.34375
2.041317393897745 64057.654979093786 3625.46044921875
2.0413321987901276 67213.88749513829 3115.509765625
2.0413470017399065 67876.19117054665 2195.802001953125
2.0413618027478275 68131.7156845214 1413.6353759765625
2.041376601814639 69107.97446502368 1180.965087890625
2.041391398941086 69778.74902676194 1137.5020751953125
2.041406194127914 68940.41810947139 1115.5894775390625
2.041420987375866 69150.52094708018 1116.1741943359375
2.0414357786856856 69619.19268411928 1120.107666015625
2.0414505680581136 69815.44611279004 1121.595703125
2.041465355493891 69151.62647266818 1126.3607177734375
2.0414801409937553 68188.97097100862 1138.2091064453125
2.041494924558447 68497.08612006209 1185.2493896484375
2.0415097061887026 69377.09532524318 1284.150634765625
2.041524485885257 68917.6573282051 1413.8817138671875
2.041539263648846 69324.15754192039 1533.7679443359375
2.0415540394802036 69350.62176815691 1503.1680908203125
2.0415688133800614 68940.19503264749 1360.3577880859375
2.041583585349152 69973.05364262761 1228.770751953125
2.0415983553882056 68508.31506124981 1152.531005859375
2.0416131234979518 66958.45725487769 1125.6240234375
2.041627889679118 69001.70002806924 1144.3133544921875
2.041642653932432 69813.77091614775 1168.6375732421875
2.0416574162586216 70558.99082736294 1186.6893310546875
2.0416721766584094 68550.60901632543 1157.7108154296875
2.04168693513252 68307.01722303733 1127.933349609375
2.041701691681676 68857.23490076946 1104.09228515625
2.0417164463066 68634.21036296911 1081.0821533203125
2.041731199008012 69954.02794666757 1071.213134765625
2.0417459497866313 69241.99356603166 1067.291748046875
2.0417606986431767 68844.8116251124 1063.41455078125
2.041775445578365 69020.21544370771 1060.9462890625
2.0417901905929137 68074.94630871872 1051.4844970703125
2.0418049336875366 68632.3424697814 1052.689697265625
2.041819674862948 68331.35658296016 1051.24267578125
2.0418344141198608 67888.96907531057 1047.991455078125
2.041849151458987 68841.73216833344 1054.7291259765625
2.041863886881038 68524.32841910806 1056.45361328125
2.041878620386722 70042.06199865832 1065.88525390625
2.0418933519767477 70186.64504703075 1063.7462158203125
2.0419080816518242 69514.58831127985 1062.1817626953125
2.0419228094126556 69025.77028046084 1064.480712890625
2.0419375352599487 68747.83909276869 1071.3671875
2.041952259194408 69919.00106901435 1084.9525146484375
2.0419669812167345 69243.13098589213 1102.83642578125
2.0419817013276313 68647.34860283791 1126.565185546875
2.041996419527799 69082.70500927171 1136.9193115234375
2.0420111358179382 68977.55525656951 1121.9959716796875
2.0420258501987463 70106.4910253193 1099.2537841796875
2.042040562670921 70107.36842751627 1087.875732421875
2.04205527323516 69817.97699366178 1106.3402099609375
2.0420699818921566 70056.31539738282 1159.07470703125
2.0420846886426074 69248.9917972521 1269.3795166015625
2.0420993934872027 68844.55767094772 1402.272216796875
2.0421140964266375 69242.73462952902 1463.884521484375
2.0421287974616003 70149.97509437919 1377.6597900390625
2.0421434965927827 70456.18742360664 1226.546875
2.0421581938208724 70282.43725665433 1123.6175537109375
2.0421728891465576 69475.78651390345 1074.8515625
2.0421875825705236 69049.57637442742 1054.4342041015625
2.0422022740934582 69281.48811155403 1042.0101318359375
2.042216963716043 69105.32274614916 1033.3392333984375
2.0422316514389633 68265.68155640559 1027.2799072265625
2.0422463372629003 68497.91880799731 1031.87646484375
2.0422610211885353 69200.91043517276 1036.956787109375
2.042275703216548 68239.15709738189 1035.414794921875
2.0422903833476176 68890.28472861629 1047.938232421875
2.042305061582421 68524.42996672275 1074.898681640625
2.0423197379216376 68941.2960997253 1101.9068603515625
2.0423344123659386 68817.15589121333 1098.819091796875
2.042349084916002 69518.80108390842 1083.9957275390625
2.042363755572499 69980.4318620236 1053.505859375
2.0423784243361025 69345.3861931794 1033.7254638671875
2.042393091207485 68752.73848201205 1017.4202880859375
2.0424077561873144 70001.6730547358 1015.5543212890625
2.042422419276261 69478.13382080883 1012.1217041015625
2.0424370804749916 68643.16102324046 1005.7606811523438
2.0424517397841746 68690.98532608025 1002.4328002929688
2.042466397204474 69452.63724977343 1005.8063354492188
2.0424810527365556 69330.66486871314 1008.0481567382812
2.0424957063810814 67540.909972415 994.9383544921875
2.042510358138715 68172.05343530535 998.2661743164062
2.0425250080101183 70119.0520347192 1007.1900634765625
2.042539655995949 69730.17737389832 1006.2426147460938
2.042554302096869 68849.66736751229 1003.5639038085938
2.0425689463135335 68760.79765917285 1010.9462890625
2.0425835886466017 68149.85552602235 1016.8731079101562
2.0425982290967277 69306.23761890238 1023.7897338867188
2.042612867664567 70179.53658032119 1047.2890625
2.0426275043507736 69453.69041960381 1076.4434814453125
2.0426421391559986 70431.78414084337 1149.764404296875
2.042656772080894 69867.5760795664 1266.9534912109375
2.0426714031261106 67832.01545627827 1409.787353515625
2.042686032292297 67056.72965025487 1494.8369140625
2.042700659580101 69464.30008762718 1427.3009033203125
2.042715284990171 70600.5451687446 1258.6485595703125
2.042729908523151 70563.89675006723 1119.8316650390625
2.0427445301796867 70119.55633300629 1054.1121826171875
2.042759149960421 68324.93363241943 1023.5279541015625
2.0427737678659987 68269.94540449006 1006.8543090820312
2.0427883838970584 68411.23090350039 994.2798461914062
2.042802998054243 68700.1146733432 991.9197387695312
2.0428176103381896 68928.03655479416 989.0594482421875
2.0428322207495375 70077.28856980569 989.7869873046875
2.0428468292889246 68466.62003624652 982.3909912109375
2.0428614359569837 67907.81308596616 978.6514892578125
2.042876040754353 68031.4106033626 981.5947875976562
2.0428906436816656 69222.22685407764 994.7350463867188
2.042905244739553 68866.24640488852 996.9310913085938
2.0429198439286473 68983.369973679 1004.1480102539062
2.0429344412495802 69967.41089972178 1018.77490234375
2.042949036702979 69080.23058119192 1028.36279296875
2.0429636302894734 69074.4746277188 1050.113525390625
2.0429782220096904 70242.2704998775 1086.2957763671875
2.0429928118642553 69499.30938844936 1120.729248046875
2.043007399853794 69361.62284041007 1134.9769287109375
2.04302198597893 69636.47015556022 1116.2464599609375
2.043036570240286 69038.13287610175 1066.0897216796875
2.0430511526384834 69913.22438005335 1031.55615234375
2.0430657331741435 69258.49482406647 999.13232421875
2.043080311847886 69744.26056967236 992.4300537109375
2.0430948886603284 70026.7455811234 989.81884765625
2.043109463612088 69972.1735528052 984.038818359375
2.0431240367037815 70837.4214578719 994.6068115234375
2.043138607936024 70991.56884932153 1010.834716796875
2.043153177309429 69463.9337096108 1004.5204467773438
2.04316774482461 69850.1010751885 1008.3909912109375
2.0431823104821785 69551.13285336793 1008.6495971679688
2.043196874282745 69341.98883916101 1001.0435791015625
2.043211436226919 68421.21450078071 999.2503051757812
2.0432259963153094 69578.77147474262 1024.6539306640625
2.043240554548524 70782.78070512207 1070.363037109375
2.043255110927168 69807.24558056105 1155.507568359375
2.0432696654518474 70316.58249024535 1267.673828125
2.0432842181231665 70131.80037102514 1329.2957763671875
2.0432987689417272 68981.07772250872 1270.8507080078125
2.0433133179081318 69707.35883559263 1173.884033203125
2.043327865022982 70800.53971434353 1109.97265625
2.0433424102868765 70120.10623031032 1094.83251953125
2.043356953700414 70062.70175511527 1080.9466552734375
2.043371495264193 71099.474281626 1070.72900390625
2.0433860349788087 71752.29801533552 1038.39599609375
2.0434005728448565 71676.01207059501 999.7235717773438
2.0434151088629315 71096.69503977837 985.46630859375
2.043429643033626 70614.75372158959 980.3388061523438
2.043444175357533 70144.9997227727 974.3568115234375
2.0434587058352416 71500.59251246904 974.5604858398438
2.0434732344673434 70659.17346266954 966.5985717773438
2.043487761254426 70726.98954112444 961.8903198242188
2.0435022861970777 70106.084670296 956.9227294921875
2.043516809295885 69217.64702106475 956.431640625
2.0435313305514327 69895.89206701657 957.9104614257812
2.043545849964305 70530.89610313905 960.2176513671875
2.0435603675350857 71267.16641452389 962.6417236328125
2.0435748832643577 71185.98103518276 968.8682250976562
2.043589397152701 70966.38793320191 968.9476928710938
2.043603909200695 70360.36694300041 967.8585205078125
2.0436184194089186 70937.44679260656 975.0256958007812
2.0436329277779506 71335.81471419265 998.7007446289062
2.0436474343083675 71453.17980509766 1037.1317138671875
2.043661939000744 71519.37773832634 1097.174560546875
2.043676441855655 71528.06206495283 1167.904296875
2.0436909428736736 71235.8505557483 1196.470947265625
2.043705442055372 71772.67162464396 1161.240966796875
2.0437199394013215 72272.74466192139 1088.3404541015625
2.0437344349120927 72909.00767422668 1024.7791748046875
2.0437489285882533 71838.29721991428 989.1387329101562
2.0437634204303716 71537.17551207257 976.2239379882812
2.043777910439015 71444.42327578101 970.06787109375
2.0437923986147486 71666.52653115639 972.6937255859375
2.043806884958136 72657.99604349684 986.4140014648438
2.0438213694697427 72609.90188935358 995.4849243164062
2.043835852150129 72495.17796537881 1012.4124145507812
2.0438503329998583 72718.5568102493 1062.8065185546875
2.043864812019488 72814.32909522178 1146.8135986328125
2.043879289209579 72173.60659338627 1218.5386962890625
2.043893764570689 73026.82744404294 1216.6082763671875
2.043908238103375 72791.15295476353 1132.2733154296875
2.0439227098081916 72559.70984597519 1044.3455810546875
2.0439371796856944 72460.57123710946 999.0346069335938
2.0439516477364377 71846.48452920675 971.32275390625
2.043966113960971 72171.17439673413 967.471923828125
2.0439805783598493 71273.17855899084 958.7177734375
2.0439950409336207 72354.87791440987 970.3492431640625
2.044009501682835 72402.59181280163 985.7649536132812
2.0440239606080395 72637.79776480365 1014.6853637695312
2.044038417709782 73334.33143971354 1042.5445556640625
2.044052872988608 72911.4207801854 1047.6890869140625
2.0440673264450626 72109.86567262297 1037.2271728515625
2.0440817780796885 71273.24199540514 1022.99365234375
2.0440962278930295 71458.44374472977 1023.7220458984375
2.0441106758856256 71912.51327946993 1018.2315063476562
2.0441251220580186 72196.09917233944 1012.7784423828125
2.0441395664107467 72508.72851904422 1009.3524780273438
2.044154008944348 72695.49513079714 1025.0235595703125
2.044168449659361 73156.9259375427 1062.4974365234375
2.0441828885563202 73223.30115060083 1108.9913330078125
2.0441973256357615 72999.69590261868 1152.980712890625
2.0442117608982167 72669.45835690021 1162.997802734375
2.044226194344221 72621.12610040947 1129.425537109375
2.0442406259743042 72937.71202323922 1068.7845458984375
2.0442550557889976 72521.28715009723 1025.116943359375
2.04426948378883 73450.1915625333 996.8651123046875
2.0442839099743293 72204.05529581857 968.4176635742188
2.044298334346024 71263.37268661015 954.0049438476562
2.0443127569044397 71676.08010542432 953.7218627929688
2.0443271776501004 72184.92041825173 955.3099365234375
2.044341596583531 71903.90733050382 964.8580322265625
2.044356013705254 71419.37605609023 992.652099609375
2.0443704290157902 71478.60917056484 1021.4869384765625
2.0443848425156617 71677.94768176145 1051.0333251953125
2.0443992542053873 72002.63694014077 1065.4881591796875
2.044413664085485 72217.42173128162 1046.98193359375
2.044428072156472 71767.42737447727 1015.8743286132812
2.044442478418865 71546.12454499387 995.4879760742188
2.0444568828731784 72002.54459959312 1005.3004150390625
2.0444712855199274 71428.71747175757 1041.9246826171875
2.0444856863596232 72296.87661097976 1103.754150390625
2.0445000853927793 72324.53056535836 1130.20458984375
2.044514482619905 72115.97633097628 1099.6236572265625
2.0445288780415103 72134.11755315433 1029.3836669921875
2.044543271658104 70706.3139125348 964.7979125976562
2.0445576634701927 69971.71118101197 939.6806640625
2.0445720534782836 71087.67453259198 934.3224487304688
2.044586441682882 71480.98455919439 929.4327392578125
2.0446008280844907 70190.32468627834 922.1581420898438
2.0446152126836132 70625.64085691208 932.4769897460938
2.0446295954807523 70748.18476545703 948.5582885742188
2.0446439764764084 70210.15143858393 957.7777099609375
2.04465835567108 71108.29299189567 962.6791381835938
2.044672733065266 71317.8503046742 958.1028442382812
2.0446871086594656 70700.06614227718 938.620361328125
2.0447014824541734 70378.71931785665 928.0513916015625
2.0447158544498856 69277.05448955788 940.8112182617188
2.0447302246470955 69969.5681993067 965.4769287109375
2.044744593046297 70103.70581463358 984.443603515625
2.0447589596479823 69379.79057823034 983.1613159179688
2.044773324452641 70099.72725574001 967.8792724609375
2.0447876874607642 70331.49568684028 945.6806640625
2.0448020486728398 69862.01162064924 936.394775390625
2.0448164080893547 69686.87531069086 942.7310180664062
2.0448307657107976 69559.26172421056 955.035888671875
2.044845121537652 69044.26902184112 969.2199096679688
2.0448594755704033 68599.38632718261 979.0364379882812
2.0448738278095338 70579.36622630937 981.8787841796875
2.044888178255526 70529.98181091537 962.9522094726562
2.0449025269088614 69796.40839302946 938.0038452148438
2.0449168737700183 70378.28136165136 921.5079345703125
2.0449312188394777 69686.67180615524 907.5997924804688
2.044945562117716 68916.61574621534 899.8275146484375
2.0449599036052093 69594.5711949933 898.2131958007812
2.044974243302434 70247.80391653065 904.9229736328125
2.0449885812098647 69834.86137538233 903.5394897460938
2.0450029173279733 68770.551371013 895.6739501953125
