igrins/spectra/qs_vir_K_20190318.ecsv
# %ECSV 0.9
# ---
# datatype:
# - {name: WAVELENGTH, unit: um, datatype: float64}
# - {name: FLUX, datatype: float64}
# - {name: ERROR, datatype: float64}
# schema: astropy-2.0
WAVELENGTH FLUX ERROR
[from data line 1896]
1.8914765724005569 557676.8260282893 106382.53014899848
1.8914903550418798 281835.7706916427 69062.22035051486
1.891504136482948 863378.4389869685 289529.73337965435
1.8915179167218656 233782.95167864463 51725.84520419173
1.89153169575674 327525.68074602477 51665.96572763485
1.891545473585682 54717.33882410104 172270.2528824947
1.891559250206806 947298.2303674502 335821.23966978426
1.8915730256182286 -20750.24428712978 43262.66408653042
1.8915867998180693 251530.65502406226 62127.125833545695
1.8916005728044514 69651.51282865391 181111.86312192373
1.8916143445755014 -317964.60194784176 141183.86516731326
1.8916281151293477 256344.85005734197 49467.95520899236
1.891641884464122 312170.58582092525 186322.9279649128
1.8916556525779586 739129.6103621271 383985.93563087814
1.891669419468999 913762.7255015242 1764354.717004331
1.8916831851353801 2110281.749135293 957031.4701216372
1.8916969495752485 -227540.82753859527 145867.91063582135
1.8917107127867512 -242323.19620477484 153952.22280569313
1.8917244747680375 156294.80641280822 591667.9876126447
1.8917382355172614 -5254.2590843444395 79591.79054362107
1.8917519950325792 49350.44310143043 135126.8132441494
1.8917657533121492 455485.8897865467 247667.77844460928
1.8917795103541348 -98312.65697568789 218930.237575394
1.891793266156701 801662.7973947293 13311.198801451972
1.8918070207180167 -1245829.653142681 145109.8685748813
1.8918207740362518 -329594.73962408956 84608.3520786347
1.8918345261095824 405276.82910227345 118011.85260943587
1.891848276936185 -557831.4556232794 446470.89906428935
1.891862026514241 -199444.4275526659 115059.02499580501
1.8918757748419335 -118143.09974689972 293055.11721458245
1.891889521917448 978019.926082494 1518334.905775979
1.8919032677389764 1177480.0311781839 1801248.3072469742
1.8919170123047089 644346.1421279471 249699.35746582158
1.8919307556128433 1241183.199595571 563076.4880434717
1.891944497661577 447058.1334927203 605839.5786074677
1.891958238449112 112015.00465308179 430507.17595283635
1.8919719779736528 108307.79921561 243258.50100125684
1.8919857162334077 428191.9875818029 63915.017094952025
1.8919994532265878 663005.4566842874 1334278.5588994254
1.8920131889514056 154745.48444550732 361686.7563256615
1.8920269234060794 268161.83013662975 2478297.028463802
1.8920406565888288 -302897.78035598015 368143.7072954324
1.8920543884978762 -423927.3913268841 580153.3833181119
1.8920681191314483 -422900.1891988055 5938.269490238581
1.8920818484877737 -359333.569162348 508412.0953086122
1.8920955765650846 -523744.1734876851 570540.704049929
1.8921093033616156 -411004.7980723951 303534.6079450552
1.8921230288756055 -111059.81117618688 74034.88145599051
1.8921367531052953 -260842.38376988447 67966.58695958479
1.8921504760489283 -240316.2660387369 121548.49395002735
1.8921641977047527 -1175200.352076338 99081.37698922437
1.8921779180710183 2840585.3713104986 77263.2227380298
1.8921916371459793 -472137.27180838154 49374.1299197619
1.8922053549278899 -466634.4699598205 229440.42535319235
1.8922190714150111 -1001181.5788097461 977321.2054795305
1.892232786605606 -3774057.537260812 2136889.0420002397
1.8922465004979379 40338.60034715367 80260.09065842936
1.892260213090276 827404.0168838386 268044.24797441787
1.892273924380892 595741.7934643043 632322.2403553898
1.8922876343680606 1213635.7442609814 -2059656.625
1.892301343050059 339555.15830790513 -290342.15625
1.8923150504251673 53320.043210325624 -559998.6875
1.8923287564916693 3040122.2671466586 -2895771.5
1.8923424612478523 201009.1526839636 750627.375
1.8923561646920057 -166766.31752601638 457127.8125
1.8923698668224216 -217759.5549234101 2946742.0
1.8923835676373961 2223940.565641883 6578430.0
1.8923972671352276 1489656.1549625173 1441010.75
1.8924109653142183 485523.65483679384 1028915.9375
1.892424662172673 1924947.162454774 4596122.0
1.8924383577088986 -1524456.7834499793 -2181111.75
1.8924520519212076 641478.9891378034 -1106862.0
1.8924657448079119 -5009893.518454805 -2318799.0
1.8924794363673298 203432.91957494905 592669.125
1.8924931265977807 -575356.2646270827 6331639.0
1.8925068154975884 -416074.546545739 -3565851.25
1.8925205030650782 165764.98096431294 560619.3125
1.8925341892985792 -303111.22932028194 -497914.1875
1.8925478741964226 -1002888.7679729401 -1538096.875
1.8925615577569455 -659186.6458273672 1795829.0
1.8925752399784843 -748536.6450779889 -280827.96875
1.892588920859381 -547428.8677142118 -530340.125
1.8926026003979801 323498.959227413 346466.0625
1.8926162785926273 264687.106826852 267418.8125
1.8926299554416741 80890.4467611687 451903.25
1.8926436309434738 72319.79981292017 583891.625
1.8926573050963822 741154.8662204447 609882.625
1.8926709778987592 -867395.0004901752 818217.5625
1.8926846493489666 244380.26223401292 245396.171875
1.89269831944537 340096.70067795814 482816.28125
1.8927119881863383 143864.1787373241 364841.21875
1.892725655570243 80709.61050157512 241275.234375
1.8927393215954573 -33358.87082733073 443660.4375
1.8927529862603596 181800.59022544298 312117.125
1.892766649563331 415671.8609560298 422472.78125
1.892780311502755 371543.729133178 538213.9375
1.8927939720770166 366563.5811018742 381107.5625
1.8928076312845081 10600716.697504755 7137485.5
1.8928212891236202 -754084.3448020887 576864.5625
1.8928349455927487 -27096.395430270157 326465.40625
1.8928486006902931 -853308.9344251355 1753480.125
1.8928622544146556 -90657.43935856174 719617.5
1.8928759067642396 -723582.8051443632 361458.71875
1.892889557737454 -4975355.683077928 -3028345.75
1.8929032073327097 7956699.675610221 5849662.0
1.89291685554842 -78365593.46918139 -87032280.0
1.8929305023830012 1327419.1611824548 1192772.125
1.8929441478348754 246096.94217695176 314864.21875
1.892957791902464 700267.8942084046 531898.9375
1.892971434584193 150616.89870788934 421790.28125
1.8929850758784927 -72301.94913888269 -1409931.25
1.8929987157837942 -153.1993757227076 702819.1875
1.8930123542985327 162172.08106742488 562623.25
1.893025991421146 364879.21543783124 526318.125
1.8930396271500762 -1150263.6038242537 1177738.5
1.8930532614837672 -278873.93617316737 882235.5
1.8930668944206652 -46348.40679627395 276886.15625
1.8930805259592223 692121.0695234983 1307030.875
1.8930941560978902 -1569718.8262210467 651552.9375
1.8931077848351268 5907.34843425194 350242.375
1.8931214121693896 -863569.1143198191 591248.25
1.8931350380991434 -751739.3349802529 626116.625
1.8931486626228509 -902616.943736751 470882.625
1.8931622857389823 1161010.9901330017 -2511449.5
1.893175907446009 249712.32442106213 949605.25
1.8931895277424053 -92731.16445925877 211878.046875
1.8932031466266483 -109255.53282531422 241853.984375
1.8932167640972197 152612.21640254214 211200.828125
1.8932303801526018 616590.1929998192 221787.375
1.893243994791282 304992.0244645601 193527.03125
1.8932576080117502 44020.023569341334 185944.9375
1.893271219812498 281106.8630230102 168739.84375
1.8932848301920224 2931.792589652171 166443.65625
1.8932984391488217 20681.287414009665 149664.9375
1.8933120466813975 -343287.79818817606 419492.96875
1.8933256527882558 -239098.5292343133 391428.78125
1.893339257467902 370603.06712902733 323481.84375
1.8933528607188492 293299.7394946291 169856.75
1.8933664625396107 106261.85819236479 247733.875
1.8933800629287032 82894.2698692394 189258.3125
1.893393661884647 98662.38352558379 280421.8125
1.8934072594059654 -251284.49827502872 215719.484375
1.8934208554911838 1883229.7415758308 1452501.625
1.8934344501388312 1271924.4792608398 1451417.5
1.8934480433474403 1170666.9470879657 570872.5
1.893461635115546 1882346.5499896083 -1065142.75
1.8934752254416867 -1021797.2389221102 417988.78125
1.893488814324403 -610281.9295810537 522622.75
1.89350240176224 4243541.0254246695 4533068.5
1.893515987753745 229797.5769033273 447196.125
1.8935295722974672 -844301.4924064026 -485094.5625
1.8935431553919606 -1036657.418702889 -2408547.5
1.893556737035781 7380451.609256099 6985683.5
1.8935703172274896 336646.38505989086 652027.625
1.8935838959656468 1691467.9623091717 490356.78125
1.8935974732488186 -191960.0492490625 -701990.5625
1.8936110490755744 147230.99433761553 -865484.6875
1.893624623444485 -1204178.5557856134 -651276.5625
1.8936381963541247 1124406.5768570509 -2922047.0
1.8936517678030713 -859452.2969929349 1823759.0
1.893665337789906 1787422.9582915993 -3617628.0
1.8936789063132113 3193587.3730374714 -1503614.5
1.8936924733715745 -86130.49692486705 576402.75
1.8937060389635858 903906.2609730763 441528.15625
1.8937196030878372 512356.5177445044 454678.96875
1.8937331657429248 1759499.0372351191 2181421.25
1.8937467269274475 35801.7639902724 467528.625
1.8937602866400067 1895143.6997144676 1616033.75
1.8937738448792079 -532491.9278488114 -577884.875
1.8937874016436582 -711052.1887777804 1879808.75
1.8938009569319691 -8458.444601487907 136431.921875
1.8938145107427549 -6313088.2164210705 381005.96875
1.8938280630746314 573128.4469293242 59351.8046875
1.8938416139262197 -526845.5254466998 215849.90625
1.8938551632961422 -6981908.916224006 -1331434.125
1.8938687111830252 -99640.65719094247 -246673.953125
1.8938822575854983 8437489.817661194 -1185463.375
1.8938958025021928 186107.517485548 83936.2578125
1.893909345931745 336465.35706269887 -67070.859375
1.8939228878727918 -1707788.9053661616 -1364431.125
1.8939364283239748 -744050.5491553767 903031.8125
1.8939499672839388 -2120890.2636737986 -1900791.125
1.8939635047513308 2750408.819542933 -2351888.75
1.893977040724801 509710.4587797912 809243.6875
1.893990575203003 -192429.80146432907 331353.1875
1.8940041081845924 516036.53592364764 -504766.78125
1.8940176396682304 222524.24610715447 564965.75
1.894031169652578 585122.6940573492 1062143.25
1.8940446981363008 236780.11181539536 471130.3125
1.8940582251180673 2362974.2486337745 1142224.0
1.8940717505965499 39497119.387655355 23297924.0
1.8940852745704222 139139.10223186365 572917.375
1.8940987970383625 -573366.065204448 -510562.0
1.89411231799905 -844044.7504859224 1458983.0
1.8941258374511707 149836.5792318686 541814.25
1.8941393553934098 5268297.645328978 2583240.0
1.8941528718244571 479343.98207344336 519439.21875
1.894166386743006 -17683.906523618007 271893.78125
1.894179900147752 -44077.14623240166 319933.75
1.894193412037393 786080.3983098932 412540.0
1.894206922410632 128032.50767741872 285418.5625
1.894220431266174 250556.89114139893 455927.375
1.8942339386027258 453712.61051022355 188633.390625
1.8942474444189992 218247.61647939947 171585.859375
1.8942609487137079 132567.32977437315 104508.6796875
1.89427445148557 140284.49226277106 93151.15625
1.8942879527333032 68264.18657506132 89997.7578125
1.894301452455632 100191.80622379294 74128.125
1.8943149506512837 221018.00667622604 78263.4921875
1.894328447318985 160694.85191218337 70696.015625
1.8943419424574697 140564.28222638462 80218.03125
1.8943554360654724 300832.6215032661 96173.28125
1.8943689281417322 210509.56566371664 128694.1171875
1.8943824186849887 102331.93705446564 93901.9453125
1.8943959076939874 124364.11942529929 81385.59375
1.8944093951674752 156678.67111171616 52564.10546875
1.8944228811042034 83130.03070700016 43475.9921875
1.8944363655029237 97042.88101355461 35498.37109375
1.8944498483623937 157314.83680700217 30621.470703125
1.8944633296813727 104688.08018274086 26634.7734375
1.8944768094586226 148478.2891975163 24281.5078125
1.8944902876929095 99593.09572344535 22796.62890625
1.8945037643830018 97586.23703295279 23497.634765625
1.8945172395276713 75823.43058553265 20461.81640625
1.894530713125692 78136.27129798713 21951.361328125
1.894544185175842 70632.68550209502 20089.048828125
1.8945576556769022 107221.33010068562 19665.388671875
1.8945711246276553 122979.8937065825 19994.041015625
1.8945845920268896 78264.97359130606 20224.712890625
1.8945980578733927 69657.00018846765 22039.134765625
1.8946115221659594 90921.83585534451 22389.509765625
1.8946249849033845 81234.8463050247 23351.5078125
1.8946384460844676 148346.87723526312 27330.607421875
1.8946519057080098 156245.3140546436 29898.328125
1.8946653637728155 79148.32312449651 33420.12109375
1.894678820277694 161601.98285125953 39457.703125
1.8946922752214563 130551.09693292955 40294.61328125
1.894705728602915 140099.07709805528 48559.5078125
1.8947191804208878 153548.08442713847 55279.921875
1.8947326306741958 15887.683311213894 76485.203125
1.8947460793616606 45687.96922444837 138132.609375
1.894759526482109 -56096.988978115915 269354.28125
1.89477297203437 907734.1425713126 610223.9375
1.8947864160172763 246369.03392970614 360158.84375
1.8947998584296624 -738185.7358077293 284219.0
1.894813299270367 -76240.97521374187 992046.5
1.8948267385382311 435831.51177670655 541383.3125
1.8948401762320992 -1553051.1508705895 -1856652.0
1.8948536123508182 -476932.6792493424 313955.84375
1.8948670468932398 -125076.01258792753 411555.15625
1.894880479858216 -409246.0437194001 278720.5625
1.8948939112446044 454932.03138380486 399049.4375
1.894907341051263 489136.68174119183 349695.96875
1.894920769277055 321860.6010878334 258091.328125
1.8949341959208472 78058.34634764434 107524.1484375
1.894947620981506 23611.0843989377 66120.0390625
1.894961044457904 146384.60143666537 59639.65234375
1.8949744663489163 176137.47212117093 40551.5859375
1.89498788665342 90287.84165664577 30647.662109375
1.8950013053702959 88615.87689370225 23105.50390625
1.8950147224984275 64440.702589088476 19350.298828125
1.8950281380367018 98700.35970938753 17295.5
1.8950415519840087 107987.2159883661 15804.1552734375
1.895054964339241 114180.0377304353 13780.064453125
1.8950683751012947 106487.23450878341 13161.435546875
1.895081784269067 93828.82849999685 11770.220703125
1.8950951918414625 90532.89223508895 11341.228515625
1.8951085978173838 73356.61061756512 10644.8984375
1.8951220021957413 98678.72391161328 10825.1845703125
1.8951354049754434 94135.44189793388 10380.0498046875
1.8951488061554054 95604.06552724159 10002.0615234375
1.8951622057345454 81738.69389794316 9802.3486328125
1.8951756037117817 102255.2961380573 9951.416015625
1.8951890000860376 81032.12125737844 9228.0126953125
1.8952023948562404 90828.72032568097 8666.8798828125
1.895215788021318 96065.84760059476 8527.6376953125
1.8952291795802039 86047.57036257997 8269.8857421875
1.8952425695318327 95230.4846429667 8292.453125
1.895255957875143 90174.86460517618 8298.3037109375
1.8952693446090747 78901.211267311 7871.10693359375
1.8952827297325736 78322.13162483057 7808.166015625
1.8952961132445871 85566.04429160761 7639.7900390625
1.895309495144065 83596.30039300067 7623.90966796875
1.895322875429961 79025.54220473321 7556.943359375
1.8953362541012313 84915.77310061837 7666.04931640625
1.895349631156836 98742.67025169884 7856.60302734375
1.8953630065957368 83989.37891860401 7593.74267578125
1.8953763804169 85936.17844044181 7550.11083984375
1.895389752619294 87329.2597744669 7732.0654296875
1.89540312320189 82304.83864599628 7604.7939453125
1.895416492163663 93896.78000631828 7671.0693359375
1.895429859503591 97871.78269588573 7581.22900390625
1.8954432252206541 97308.29605891019 7532.58251953125
1.8954565893138358 95284.92114947899 7584.1513671875
1.8954699517821243 104692.6120291239 7452.314453125
1.895483312624508 81535.65347347406 7355.7509765625
1.8954966718399804 91015.25046781212 7479.375
1.8955100294275367 76504.1833212371 7387.5205078125
1.8955233853861773 92343.09790334023 7467.79541015625
1.8955367397149023 82037.1124099807 7252.61962890625
1.895550092412717 85610.79876304972 7186.45556640625
1.8955634434786306 87006.1566766253 7128.60791015625
1.8955767929116538 85085.56034060993 7363.56298828125
1.8955901407107996 91481.2386544305 7679.279296875
1.895603486875086 86558.28579327668 7549.36474609375
1.895616831403533 83374.03223572497 7873.087890625
1.8956301742951636 85524.27557553817 8098.0390625
1.8956435155490035 89999.19437622005 8879.859375
1.8956568551640829 86314.24161359087 9373.8203125
1.8956701931394329 94324.16853217535 9296.4052734375
