igrins/spectra/qs_vir_H_20190318.ecsv
# %ECSV 1.0
# ---
# datatype:
# - {name: WAVELENGTH, unit: um, datatype: float64}
# - {name: FLUX, datatype: float64}
# - {name: ERROR, datatype: float64}
# schema: astropy-2.0
WAVELENGTH FLUX ERROR
[from data line 18984]
1.7085945237198443 133587.03797540345 1956.086408999361
1.7086076858376544 133185.27327312256 2170.8106981667947
1.7086208460626264 131625.6499394317 2161.64522909714
1.7086340043952588 129725.42018961237 1924.936007690411
1.7086471608360472 128732.62870543613 1713.592274126403
1.708660315385489 129532.01823743549 nan
1.7086734680440818 130643.56463803888 1561.307361171987
1.7086866188123229 130397.5502913227 1521.2725783615103
1.70869976769071 130632.19118193208 1488.4036820844374
1.708712914679741 130688.97448135352 1503.8919285270797
1.7087260597799139 131070.15555896766 1527.0919795884631
1.7087392029917252 130763.73120528378 1534.7980468342505
1.7087523443156756 130369.77811014483 1548.5022105606408
1.7087654837522626 130302.80749695712 1523.0496663363397
1.7087786213019838 130150.7819027441 1517.0258280996165
1.7087917569653386 130646.59975240153 1525.4189501000587
1.7088048907428255 131373.0466826383 1580.5074900500258
1.7088180226349434 131977.05561658286 1706.8071656772213
1.7088311526421918 132420.9212929814 1834.8313590772975
1.7088442807650694 131628.29750648292 1882.8054945123179
1.7088574070040763 131350.95552282012 1794.528438387898
1.7088705313597115 131307.70573314378 1660.8967398952525
1.7088836538324748 131409.77807115816 1565.1619329673465
1.7088967744228658 131038.15697437724 1508.6225837707489
1.708909893131385 130651.6901492362 1474.0597710289414
1.7089230099585322 130381.1271167712 1451.0420258678641
1.7089361249048074 130168.8240878009 1442.370592245109
1.7089492379707116 130290.14673742194 1425.3004118106612
1.708962349156745 130455.76775184841 1422.322244611936
1.708975458463408 131466.08742777724 1418.791489991307
1.7089885658912025 131516.82760650618 1421.3416212676996
1.7090016714406282 131180.7920017026 1411.1762046073106
1.7090147751121865 130709.42232098615 1404.13255067394
1.7090278769063798 130669.32523293592 1411.8103723884587
1.7090409768237085 130854.91821280318 1412.2700495968509
1.7090540748646748 130260.60890577057 1407.1553873488783
1.7090671710297796 129662.07238633734 1421.0633636606524
1.7090802653195258 129519.33542571586 1403.3010636378483
1.709093357734415 130056.83924875448 1399.5664061334012
1.7091064482749485 130333.89364667717 1399.2500519070352
1.7091195369416299 130026.45619271728 1400.1125083483046
1.7091326237349616 129953.43557854817 1402.03475433078
1.709145708655445 129956.0196955241 1405.0414336919007
1.709158791703584 130207.77546242354 1394.4551680504678
1.7091718728798813 130263.54464992866 1396.0515333659343
1.7091849521848401 130111.91863759788 1404.9429238348357
1.7091980296189628 130635.42364817105 1403.546625579474
1.7092111051827534 130770.40461968789 1404.6111413942883
1.7092241788767157 131286.3097698948 1407.769674287254
1.7092372507013527 131321.038913251 1409.9803801784908
1.7092503206571688 131182.63258895336 1413.9745303551244
1.7092633887446667 131034.54815899397 1416.7560848845444
1.7092764549643522 130917.93672028506 1419.5229524204308
1.7092895193167281 130583.5572112282 1409.2882434988455
1.7093025818022995 130380.49490961815 1390.9700067636752
1.709315642421571 130284.20718691975 1405.252661716594
1.7093287011750473 130860.58649340342 1412.6712312186098
1.7093417580632324 131240.38726319376 1414.4840156087203
1.7093548130866327 131288.51852255157 1407.9803768628944
1.7093678662457517 131239.98466544977 1395.7524223650964
1.709380917541096 131052.22177929309 1402.3746251094321
1.7093939669731701 130748.8025271098 1402.4827651781663
1.70940701454248 130385.13887504255 1401.3609953030334
1.7094200602495313 129973.48662663737 1408.8125865186787
1.70943310409483 129963.9793487107 1407.5863513369102
1.709446146078882 130158.14393697168 1411.170095336319
1.7094591862021933 130701.61689133942 1428.023449130967
1.7094722244652703 130919.91825291191 1437.0521131556986
1.7094852608686195 131361.8634118301 1424.9148882674504
1.7094982954127471 131289.8513825261 1426.0781040012562
1.7095113280981602 131623.76786816976 1415.025377561235
1.7095243589253661 131415.4742480046 1418.2962955013736
1.7095373878948708 131937.9114664712 1430.5718990259027
1.7095504150071823 132053.8299340406 1442.175583540698
1.7095634402628075 131980.7744400475 1456.537239768958
1.7095764636622546 131331.7064696873 1456.746199777051
1.7095894852060303 131115.2759109068 1440.6578617391126
1.7096025048946424 131309.43194658688 1439.3040892255174
1.7096155227285996 132170.31481018744 1428.0440524464425
1.7096285387084085 132512.13005988783 1427.5477486337095
1.7096415528345792 132091.94041950515 1422.3295608876492
1.709654565107619 131655.9810574431 1411.9326030857512
1.709667575528036 131100.10334410606 1423.8262279087728
1.7096805840963398 131153.84605051647 1417.8198887328733
1.7096935908130382 130934.48984205563 1424.6444249468323
1.709706595678641 131466.88617916283 1424.7507942868497
1.7097195986936575 131873.34649619352 1427.4560940978122
1.7097325998585957 132548.63923694892 1425.217926134629
1.7097455991739658 133331.8805384459 1428.0121356416694
1.7097585966402773 132618.67865715048 1431.5260279586905
1.70977159225804 132221.9301802349 1422.6598542873962
1.7097845860277627 131551.24113219097 1424.2468047811772
1.7097975779499572 132125.10734986677 1425.2858989523993
1.7098105680251316 132137.2605462898 1421.9403386312945
1.7098235562537973 132150.59052765102 1411.9668414360071
1.7098365426364646 132256.74314781392 1416.1093236639574
1.7098495271736442 132364.44153482286 1426.2354836026675
1.7098625098658464 132626.03949427488 1422.3970345556843
1.709875490713582 132642.52358052917 1424.8995790071137
1.7098884697173622 132354.2236216303 1429.1888452593298
1.7099014468776987 132134.33771748166 1461.4749368533408
1.7099144221951024 131917.49272278493 1492.4439608015925
1.7099273956700836 132041.65714628575 1491.235990535186
1.7099403673031557 132008.66622364108 1471.8896802022284
1.7099533370948288 132083.14495590812 1448.8919542940332
1.7099663050456155 132014.43967058416 1435.8449459356875
1.7099792711560287 131576.5623906045 1435.331231920131
1.7099922354265793 131571.00144752255 1441.8672334272255
1.7100051978577802 131712.9466736966 1437.3201816505964
1.710018158450144 132220.16467448435 1446.327910973704
1.7100311172041824 132682.2176033971 1446.1252280542283
1.7100440741204097 133213.90556307803 1447.9304632746548
1.710057029199337 133302.83350254473 1456.5312763670406
1.7100699824414785 133219.98517749758 1475.925073247644
1.710082933847347 132992.58297998668 1540.2728841554494
1.710095883417456 133154.48549267958 1545.281171747125
1.710108831152319 132923.377356885 1557.509208243074
1.7101217770524502 133199.08281687333 1547.5224085346983
1.710134721118362 133409.97876439622 1510.541638946132
1.7101476633505697 133482.34651355323 1472.4849056558828
1.710160603749587 133306.15377118016 1450.3988084467371
1.7101735423159279 133495.71024223857 1451.488448002888
1.7101864790501062 133986.17899336206 1457.893997274765
1.7101994139526373 133972.74811083468 1443.5732979954446
1.7102123470240362 133541.97195186635 1447.8204940005814
1.7102252782648164 133398.4563904884 1447.7982065346073
1.7102382076754936 133563.63556561398 1439.5839917168537
1.710251135256583 133974.07803896655 1445.0974074044886
1.7102640610086004 134444.16097401263 1456.7494209432555
1.71027698493206 134292.71804663306 1459.008446696155
1.710289907027478 133708.68622828356 1458.5501678313303
1.71030282729537 132714.28793078702 1448.889599481041
1.710315745736252 132412.13703781902 1434.521645202259
1.7103286623506397 132285.73631266764 1447.760957000129
1.7103415771390493 132463.86769748887 1452.8810705083952
1.7103544901019974 132214.3587360335 1452.165027028638
1.7103674012399996 132285.83116403312 1440.873760224793
1.7103803105535738 132680.31112542274 1455.7104273103953
1.7103932180432355 132950.30359962594 1469.5447896247904
1.7104061237095025 133403.173235064 1489.2854700305993
1.7104190275528912 133639.47450497237 1522.4415207872191
1.710431929573919 134057.33088035363 1555.404015794012
1.7104448297731027 133807.29352920354 1574.6796392534186
1.7104577281509608 133376.49969459066 1591.7910013529658
1.71047062470801 133119.3243902923 1583.7102579776447
1.7104835194447683 133436.639013812 1597.0831050436254
1.710496412361754 135590.96124265358 1611.8095150787826
1.7105093034594843 135827.49762366212 1610.7331100001743
1.7105221927384784 135544.74255224146 1582.3292530397016
1.7105350801992545 133862.76117213513 1526.0246891061083
1.7105479658423302 133260.8050113775 1493.653587248764
1.7105608496682252 133039.57311265793 1483.496660097925
1.7105737316774574 132041.41926582233 1497.8566624067637
1.710586611870546 134056.5155575311 1484.413313719609
1.7105994902480108 135294.91899593794 1504.793092296619
1.7106123668103694 135749.92521605134 1517.062820003521
1.7106252415581429 134464.16961993376 1515.4511624472993
1.7106381144918497 132996.2472215129 1572.859825138886
1.7106509856120102 132404.6516944248 1652.197422450264
1.7106638549191435 131615.19511384412 1684.3616662375625
1.7106767224137704 131532.15135244234 1647.174030846947
1.7106895880964106 132006.38884908293 1567.3223687900042
1.7107024519675842 132623.71237306276 1526.748934108477
1.7107153140278113 132563.0303065539 1503.8318477542298
1.7107281742776133 132280.2213714484 1477.1239089284636
1.7107410327175099 131520.6160794843 1476.819873128888
1.710753889348023 131535.3479310118 1481.360467994901
1.7107667441696723 131470.77914088054 1475.111322148826
1.7107795971829807 131375.7498483055 1471.60278070111
1.7107924483884678 131424.13101353214 1453.3140547373016
1.7108052977866564 131414.9766186711 1467.0098777508463
1.7108181453780664 131384.90870976928 1469.9148300845725
1.710830991163221 131117.66946485362 1461.2023408078765
1.710843835142642 130647.37322923625 1466.227645495933
1.7108566773168503 130779.61687289442 1466.0076944646905
1.7108695176863686 130765.72420641322 1470.9895766164802
1.71088235625172 130276.81536621635 1471.0440984489674
1.710895193013426 129611.63838978305 1472.5001384761463
1.7109080279720095 129201.06817451351 1519.139615453819
1.7109208611279934 129785.98006071444 1580.1254909519457
1.7109336924819005 130741.79307325472 1620.810617684753
1.7109465220342532 130881.35744718375 1617.1775129217779
1.7109593497855764 131306.92840958457 1560.4156934006064
1.7109721757363916 130565.49626023875 1512.8653142969588
1.7109849998872233 129898.08326594185 1473.6879543064492
1.7109978222385942 128914.60595323691 1454.1182121103136
1.7110106427910297 128432.0086133056 1461.8940345324706
1.7110234615450515 128745.69641885237 1458.6713401922752
1.7110362785011861 128634.27264386516 1461.1536418111396
1.7110490936599563 128847.69470280295 1470.331423264359
1.7110619070218869 128923.2889942615 1467.5591827625685
1.7110747185875017 129106.51718414619 1465.1741777279456
1.711087528357326 128667.29735656924 1461.8087789010924
1.7111003363318849 128194.13808892407 1461.4783007236724
1.7111131425117028 128150.61606490913 1467.3197403176741
1.7111259468973048 128864.11102692816 1469.5962136269934
1.7111387494892167 130047.93796264587 1473.6140919467011
1.711151550287963 130462.68132276682 1504.4227935693998
1.7111643492940698 130066.87525095961 1528.8201276753389
1.7111771465080632 129284.24455851171 1545.2836371175347
1.711189941930468 129097.64704106284 1536.5565889617787
1.7112027355618113 129497.15679345962 1510.9141642281127
1.7112155274026184 129093.1112325314 1484.7367801513803
1.7112283174534157 128539.58061232447 1474.1681572326547
1.7112411057147303 127674.48094767549 1467.208440599417
1.7112538921870877 127160.0211162451 1460.2579706872127
1.711266676871016 126922.5167702312 1449.948966574338
1.7112794597670407 127251.59595206234 1456.4994642998959
1.711292240875689 128015.17869518045 1460.3654480387067
1.7113050201974893 128127.27932933625 1463.9164842108494
1.711317797732967 127804.92506748423 1466.1331089605667
1.7113305734826514 127056.88885019087 1471.9886123397102
1.7113433474470692 126887.18645435292 1465.7236210929834
1.7113561196267477 125930.56393222911 1473.563756921208
1.711368890022216 125744.86099315967 1458.9495022063068
1.7113816586340012 125864.78152536399 1462.474166337771
1.7113944254626314 127076.58846547478 1473.6923747316503
1.711407190508636 128153.81892535015 1477.5697937792222
1.711419953772542 128196.73867822044 1470.1728843051014
1.7114327152548792 128276.06593883043 1462.5403593227295
1.711445474956176 127635.08533453837 1461.6598993153168
1.7114582328769612 127147.7097395251 1481.4424539404047
1.7114709890177644 127084.96090419922 1530.647784515599
1.7114837433791135 126445.80911040812 1576.22088614491
1.7114964959615397 126036.90793110295 1589.3821783008314
1.7115092467655708 124371.16585693539 1554.251199752023
1.711521995791738 123357.21185881761 1506.07921565973
1.71153474304057 123041.04832688262 1480.5469083791343
1.711547488512597 123221.63899701733 1471.3184974474725
1.711560232208349 124380.24844822279 1469.8387101393384
1.7115729741283563 124638.37093172122 1477.7432901454276
1.7115857142731499 124287.16931614632 1469.0256882694528
1.7115984526432597 123153.50888323406 1459.7694229829917
1.7116111892392167 122668.58902304538 1448.613224052985
1.7116239240615512 123750.22030913529 1439.4180491691855
1.7116366571107948 124305.81848679224 1466.571013956893
1.7116493883874782 124496.9729966198 1477.6998493643944
1.7116621178921332 124032.4554852212 1476.822954275629
1.7116748456252906 124253.66594266755 1467.2450558690125
1.7116875715874822 124683.11699879915 1475.1712085948006
1.7117002957792395 123876.86856020868 1484.3097246774435
1.7117130182010956 123180.75680865312 1476.5187747559519
1.711725738853581 122300.13708937552 1471.4765985632741
1.7117384577372279 122275.79518215256 1455.9037090083568
1.7117511748525702 122004.36814082201 1461.8111280904948
1.7117638902001386 122414.78977846696 1468.2949212309866
1.7117766037804658 122460.75427732096 1474.2875662495783
1.711789315594086 122458.12130272435 1467.8030995905817
1.7118020256415307 122022.82061243574 1455.3403543962913
1.7118147339233332 121906.06982410495 1452.1460003520892
1.7118274404400273 121577.12654117518 1472.0038716815602
1.711840145192146 121746.75572690187 1460.9234926537
1.7118528481802224 122131.50229895607 1470.4513790005522
1.7118655494047905 122643.99089171726 1472.8295383739946
1.7118782488663842 122269.49360350674 1476.049729306553
1.7118909465655372 121893.29286040003 1474.206606795056
1.7119036425027834 121811.42949957754 1485.4136442999925
1.7119163366786574 121689.18876425925 1490.4285091760985
1.7119290290936937 121197.8150820596 1481.4542692709294
1.711941719748426 120854.06640166498 1472.8023669917036
1.7119544086433893 120867.14660562684 1488.0224394704842
1.711967095779119 121334.84907302972 1499.2534121934066
1.711979781156149 121509.1343851107 1494.9813530695544
1.7119924647750155 120754.1041209297 1496.2700447637167
1.7120051466362531 120201.17671951305 1483.4680941435925
1.712017826740397 120147.67967855261 1488.937157713966
1.712030505087984 120573.67886637931 1501.143299327948
1.7120431816795476 120268.21523972735 1509.8787604360414
1.7120558565156254 120545.54763825997 1502.0434615927848
1.7120685295967535 120860.33281017351 1506.4612271143505
1.7120812009234665 120619.18287022252 1500.342628661475
1.7120938704963014 119500.42836540617 1481.3384492389691
1.7121065383157952 118937.04556796553 1477.9542528429786
1.7121192043824836 119060.1707822638 1496.0707679935688
1.7121318686969043 118959.41059530605 1485.4087680026596
1.7121445312595933 118905.92065436018 1510.2877498041978
1.7121571920710879 119342.50797969245 1533.4487069073077
1.7121698511319252 119883.93942828219 1537.5141938577722
1.7121825084426427 119517.36970098107 1549.4749734326535
1.7121951640037776 119049.97576267982 1548.0930849362283
1.7122078178158675 118598.17331964136 1558.032310569687
1.7122204698794503 119273.5443612522 1557.832267222022
1.7122331201950638 119616.04819747797 1560.636417177905
1.7122457687632464 119947.35175929623 1583.9176873005713
