igrins/spectra/qs_vir_K_20190318.ecsv
# %ECSV 0.9
# ---
# datatype:
# - {name: WAVELENGTH, unit: um, datatype: float64}
# - {name: FLUX, datatype: float64}
# - {name: ERROR, datatype: float64}
# schema: astropy-2.0
WAVELENGTH FLUX ERROR
[from data line 40795]
2.4708729808593315 39892.0587612022 2024.9222412109375
2.4708891204583385 42152.868545247045 2036.936279296875
2.470905257955514 36525.65681930831 2091.3505859375
2.4709213933510252 36851.52669556563 2120.904296875
2.470937526645038 37558.135024106974 2159.826171875
2.4709536578377183 35900.53763391549 2178.613037109375
2.4709697869292357 38204.319780276106 2229.638916015625
2.4709859139197583 39129.72002652384 2225.538330078125
2.471002038809452 36759.38236260616 2212.711669921875
2.4710181615984896 37208.94841121933 2223.86474609375
2.4710342822870386 40240.67596426289 2228.230712890625
2.4710504008752716 36934.95733266952 2230.949462890625
2.471066517363357 40199.34430120279 2243.6728515625
2.4710826317514685 38143.45125520296 2252.1904296875
2.471098744039777 35612.285059760325 2314.687255859375
2.4711148542284564 38518.55445418587 2309.93359375
2.4711309623176785 39415.89999554184 2359.283447265625
2.4711470683076198 38002.79220413409 2355.56640625
2.4711631721984517 40106.76445652263 2383.62890625
2.4711792739903506 41372.98529163705 2423.160888671875
2.471195373683493 36525.54050979313 2440.132080078125
2.4712114712780524 35333.391514206334 2480.151123046875
2.4712275667742087 37557.700129996454 2527.850341796875
2.471243660172137 35588.278596592674 2580.753662109375
2.471259751472017 36011.12374272653 2625.31298828125
2.471275840674026 34186.46414068568 2680.445068359375
2.471291927778342 37141.70117115253 2673.650390625
2.471308012785147 41825.26563304743 2744.489501953125
2.471324095694619 37483.18106000042 2819.541259765625
2.4713401765069394 36457.38287826571 2873.825927734375
2.4713562552222905 36679.04492133709 2924.05419921875
2.471372331840854 38542.1483660911 2985.022216796875
2.4713884063628107 39265.736565889216 3023.2021484375
2.471404478788345 38292.14959520169 3145.267578125
2.4714205491176404 40970.22198639737 3187.81689453125
2.4714366173508804 41028.416805767876 3220.15771484375
2.4714526834882506 43063.5062427695 3312.180908203125
2.4714687475299355 40791.435965803415 3441.637939453125
2.471484809476122 40382.90236844178 3520.8310546875
2.4715008693269964 38469.97528849675 3624.992431640625
2.471516927082744 36059.767038318416 3764.7861328125
2.4715329827435553 37937.111969548954 3962.369140625
2.4715490363096158 36087.51876295471 4198.45849609375
2.4715650877811144 34804.459201397505 4388.75146484375
2.4715811371582412 40246.6102930587 4596.453125
2.4715971844411886 39312.62557859315 4788.591796875
2.4716132296301434 42357.697988087304 5061.3154296875
2.4716292727252966 46191.241253872686 5275.4912109375
2.471645313726843 39897.04917575522 5668.45703125
2.4716613526349716 50793.46143044636 5922.09033203125
2.471677389449876 40386.3716890425 6613.2548828125
2.4716934241717503 39282.65257479742 7031.12841796875
2.471709456800788 39731.011705393816 7785.8720703125
2.4717254873371832 41977.71619174412 8109.712890625
2.4717415157811313 50406.69378529868 9022.642578125
2.4717575421328286 48269.27382560722 9792.380859375
2.471773566392469 51570.22775636052 11078.541015625
2.4717895885602514 62092.32616870693 13292.5615234375
2.471805608636372 30458.09316197558 13985.0556640625
2.47182162662103 24803.124498418405 17137.76171875
2.4718376425144215 30033.40879539727 19986.330078125
2.471853656316748 4418.093719328287 25223.947265625
2.4718696680282077 34614.865246937356 29079.80859375
2.471885677649001 13154.346825314402 34029.05078125
2.4719016851793283 84038.97756532027 51553.71484375
2.471917690619392 113029.59472599388 56594.3203125
2.471933693969393 137894.39953760285 73219.3984375
2.4719496952295343 33080.764845549886 99009.984375
2.4719656944000175 227427.54864840102 134427.953125
2.471981691481049 -100952.13565214179 180886.265625
2.47199768647283 -563736.8176703636 404397.53125
2.472013679375567 -550441.606328218 641216.375
2.472029670189465 1113868.0243982296 1402954.625
2.472045658914729 54589.846823900334 3836646.75
2.472061645551567 -393352.0900949997 920421.9375
2.472077630100185 -1013009.678660728 390073.53125
2.4720936125607906 -379138.1668378126 663387.8125
2.472109592933592 278961.1836192656 685264.75
2.472125571218798 610684.596164828 420750.15625
2.4721415474166175 -255640.48314253884 475304.46875
2.472157521527262 -226223.95737296826 554456.0625
2.47217349355094 246973.0797884786 -676697.25
2.4721894634878625 -3509914.6214323356 2131215.0
2.4722054313382436 -12898.662081085022 154348.15625
2.472221397102292 nan nan
2.4722373607802233 nan nan
2.472253322372249 nan nan
2.472269281878584 nan nan
2.4722852392994423 nan nan
2.472301194635039 nan nan
2.47231714788559 nan nan
2.4723330990513106 nan nan
2.4723490481324184 -81057.38938007434 114693.3125
2.4723649951291296 187808.52466776926 292672.40625
2.4723809400416634 -2956899303.2404213 -1020943744.0
2.472396882870237 671035.9120217926 346673.5625
2.4724128236150715 219644.93074648245 463169.6875
2.4724287622763845 -190422.4244926557 325231.8125
2.472444698854396 486075.2675943655 464385.84375
2.4724606333493275 74167.38526955369 485859.15625
2.4724765657614003 213038.61419217353 1492324.375
2.472492496090837 -1095199.4500637967 1187493.25
2.4725084243378586 -2538349.7349934857 1270801.875
2.4725243505026886 3461548.9584081415 -3205804.75
2.4725402745855516 -3703567.107082828 2696175.25
2.4725561965866705 -379856.5468145378 659851.375
2.4725721165062695 722151.558280311 612714.125
2.472588034344576 -45551.97806483687 206965.015625
2.4726039501018144 78368.90622559882 237768.625
2.4726198637782115 411349.9216237029 497633.09375
2.472635775373993 188755.90811084848 156560.984375
2.472651684889389 120745.69921421516 175836.875
2.472667592324626 55501.51245817232 164576.34375
2.4726834976799332 100898.25119035107 137622.5625
2.47269940095554 11278.473919202492 142388.390625
2.4727153021516757 123685.0006308238 202206.609375
2.472731201268571 244215.69686655793 204963.5625
2.4727470983064572 292228.6509794849 179328.25
2.4727629932655666 599764.3249806024 699032.0
2.4727788861461284 16460595.980055323 33629100.0
2.472794776948379 -2213483.620833474 1816087.25
2.47281066567255 -845349.0549467393 1036434.5625
2.4728265523188746 284859.1934280997 540368.625
2.472842436887588 -356605.21116080973 2089521.375
2.4728583193789255 341550.69961686194 402768.84375
2.4728741997931216 -174383.42688888937 743779.1875
2.4728900781304137 73260.89561766767 244543.734375
2.472905954391038 -491257.9595870704 274583.125
2.4729218285752324 -34380.332716974786 161680.53125
2.472937700683234 28677.991935487742 350125.21875
2.4729535707152817 -213773.95012601002 264204.0625
2.472969438671613 -1295745.9137795125 245959.765625
2.472985304552469 5108352.026276765 -2600974.75
2.47300116835809 -347940.7132478087 613064.625
2.473017030088716 -359134.24022402253 242228.59375
2.473032889744589 -623037.0824132132 536430.75
2.4730487473259495 -696076.5992531127 1504608.25
2.4730646028330416 108544.45746682091 898595.625
2.473080456266107 -263592.8307559484 299604.40625
2.473096307625392 -148184.80760199347 261743.21875
2.473112156911136 22541.0573696027 207186.015625
2.4731280041235864 71770.76909811326 166692.5625
2.4731438492629905 21995.077275271524 124180.5625
2.47315969232959 34332.0979015072 78882.7109375
2.473175533323634 69628.91297936629 81638.5703125
2.473191372245369 53958.5211869541 71122.796875
2.473207209095043 97820.37594897629 66931.2421875
2.4732230438729017 120640.4767476624 57842.5546875
2.473238876579198 83905.95664648371 38066.59375
2.473254707214178 29395.75953754615 23127.517578125
2.473270535778093 35298.533509805646 16448.974609375
2.4732863622711925 48766.38283450697 12409.5185546875
2.4733021866937275 42997.64412157124 9948.8916015625
2.4733180090459506 40442.38459261857 8153.42724609375
2.473333829328113 43983.7029702726 7537.5888671875
2.473349647540468 47703.598395540386 6878.5927734375
2.473365463683269 40961.5673783223 6350.44921875
2.473381277756769 40256.48467537319 6049.05810546875
2.4733970897612227 38189.65289390325 5629.8955078125
2.473412899696885 41851.951894503574 5360.5556640625
2.473428707564013 43375.64526164774 5080.353515625
2.4734445133628613 38982.88382573071 4688.22314453125
2.473460317093687 40877.45640826963 4502.0859375
2.4734761187567478 38884.31263311416 4336.771484375
2.4734919183522996 35307.17206634472 4072.9169921875
2.4735077158806034 34642.13508492725 3867.282958984375
2.473523511341917 34925.164970537604 3744.778564453125
2.4735393047365006 31534.987240292 3611.157958984375
2.4735550960646133 37227.91604261506 3514.419189453125
2.4735708853265166 36571.55506344748 3408.904296875
2.4735866725224716 37041.1389016953 3292.5986328125
2.47360245765274 34409.813308606994 3241.179443359375
2.4736182407175837 34404.02568004015 3158.026123046875
2.473634021717268 33516.42711077988 3095.77685546875
2.4736498006520535 38849.39452414532 3052.247802734375
2.473665577522206 35967.46492345514 2979.250732421875
2.47368135232799 37527.72806596749 2941.5693359375
2.4736971250696707 36719.0027468847 2869.352783203125
2.473712895747514 36976.12374918592 2844.55224609375
2.473728664361786 36513.69642366756 2822.258544921875
2.473744430912754 36208.92575851463 2789.53857421875
2.4737601954006854 34972.95924970788 2716.446533203125
2.473775957825849 33966.26820095985 2725.216552734375
2.473791718188513 36849.21116771061 2741.402587890625
2.4738074764889464 36493.92767263184 2725.900390625
2.4738232327274186 31976.909451034793 2717.58203125
2.473838986904201 32455.17542560507 2713.207763671875
2.473854739019565 36211.36679646949 2673.560791015625
2.4738704890737813 37050.57400450601 2643.93310546875
2.4738862370671217 36412.83750878856 2593.174072265625
2.4739019829998607 35441.408976917584 2535.91259765625
2.473917726872269 35525.41513735436 2488.199462890625
2.4739334686846224 37046.07047345264 2441.638671875
2.4739492084371952 39473.64907531144 2417.403076171875
2.4739649461302613 35512.01461946102 2436.91357421875
2.4739806817640972 37253.77487752153 2441.059814453125
2.4739964153389784 36567.89184089554 2415.11669921875
2.4740121468551823 37072.29114630398 2390.64501953125
2.4740278763129857 35359.18919095625 2428.67138671875
2.4740436037126656 36922.41459589657 2426.90087890625
2.4740593290545028 36433.70324925354 2442.271728515625
2.4740750523387742 36744.649354590176 2446.078125
2.4740907735657607 36779.91515023772 2473.72607421875
2.474106492735741 36338.50415853916 2416.377685546875
2.4741222098489963 37976.11721500284 2378.333740234375
2.4741379249058095 36754.56727146408 2309.818359375
2.4741536379064604 36826.929707351446 2300.623046875
2.4741693488512317 36429.25574841866 2262.1630859375
2.4741850577404083 37376.86046911593 2250.393310546875
2.4742007645742707 36991.88686129289 2235.16162109375
2.4742164693531055 40013.93867056335 2223.14013671875
2.474232172077196 39909.16201833704 2207.476318359375
2.474247872746828 40280.62225699717 2202.270263671875
2.474263571362288 35083.251410332916 2185.520751953125
2.4742792679238614 36765.59396457963 2175.2685546875
2.4742949624318364 36692.83559883478 2168.125244140625
2.474310654886499 36439.36890546076 2192.7900390625
2.474326345288138 37803.17016951489 2186.998046875
2.4743420336370416 41006.965960967034 2187.395751953125
2.4743577199335016 38999.017630406335 2203.669189453125
2.474373404177805 37878.1323202455 2186.56494140625
2.4743890863702425 38532.00331107382 2194.803466796875
2.474404766511107 32449.384962512642 2180.4326171875
2.474420444600687 35510.00927573125 2174.0732421875
2.474436120639278 35334.80127475318 2161.171630859375
2.4744517946271705 34804.77416055013 2147.702880859375
2.4744674665646595 37332.89640761497 2160.8994140625
2.474483136452036 35096.85634402172 2152.4375
2.4744988042895977 35344.99506877853 2134.635498046875
2.4745144700776374 36524.90775374021 2138.6904296875
2.474530133816452 34548.03917214277 2118.625244140625
2.4745457955063355 35670.30367096629 2150.16552734375
2.4745614551475876 37329.353546166814 2138.447998046875
2.4745771127405036 37596.33042193173 2134.959228515625
2.474592768285381 38248.28230817966 2167.06103515625
2.47460842178252 36418.84848745429 2162.68798828125
2.4746240732322184 34225.910575806185 2168.1748046875
2.4746397226347754 35801.60430716257 2188.31298828125
2.474655369990492 36017.511314964206 2179.270751953125
2.474671015299669 35342.6233673305 2158.86474609375
2.4746866585626077 33629.976293562875 2156.57080078125
2.4747022997796084 35907.64974300904 2204.7666015625
2.474717938950975 37328.20955161083 2164.836669921875
2.47473357607701 35303.93697814749 2203.81201171875
2.4747492111580183 39836.68463631644 2192.170654296875
2.474764844194302 38225.92939990839 2182.000732421875
2.4747804751861655 35692.59260724368 2201.475341796875
2.4747961041339166 35143.634043809434 2220.53271484375
2.4748117310378595 36690.94070186197 2297.872802734375
2.4748273558983005 35104.62627263599 2329.548583984375
2.4748429787155475 35455.28394322715 2382.71630859375
2.4748585994899073 37057.85451535941 2463.90625
2.4748742182216876 36594.89974074381 2471.545166015625
2.4748898349111985 38735.72481301435 2449.105224609375
2.4749054495587477 37195.77941990887 2355.905517578125
2.474921062164647 34638.72188553526 2344.4521484375
2.4749366727292044 35912.602818965395 2376.416748046875
2.474952281252733 36661.69623122834 2375.142822265625
2.474967887735543 37369.111771997326 2375.472900390625
2.474983492177947 33654.20922594418 2393.43994140625
2.4749990945802582 35512.92241039216 2413.794677734375
2.4750146949427902 40052.363871947746 2463.1435546875
2.4750302932658546 37226.725021569364 2484.218994140625
2.475045889549768 33766.62370151423 2601.4814453125
2.4750614837948444 40096.851586078184 2671.387939453125
2.4750770760013987 39617.72839432376 2667.6318359375
2.4750926661697497 34700.39482274915 2660.867431640625
2.4751082543002108 36207.443319783466 2516.63037109375
2.4751238403931013 31751.337256723968 2535.364013671875
2.4751394244487392 36008.541017633106 2762.357421875
2.4751550064674412 37380.05790884913 3008.675537109375
2.4751705864495284 38449.44046898991 3394.030517578125
2.4751861643953186 37912.67993347144 3967.847412109375
2.475201740305133 38433.29349063264 4974.26708984375
2.475217314179291 29719.61923790955 6804.60302734375
2.475232886018116 35133.539362415 10431.7080078125
2.475248455821928 46824.862403977066 16293.17578125
2.4752640235910492 38264.28876706171 16887.208984375
2.475279589325805 40929.315152806324 12804.2197265625
2.475295153026517 40760.859059701485 8595.36328125
2.4753107146935083 43616.18592261938 5940.166015625
2.475326274327106 39003.683736780506 4410.72802734375
2.4753418319276346 35788.91954313131 3534.68994140625
2.4753573874954196 36814.22269406092 3126.51513671875
2.4753729410307868 35264.57247595387 2802.737060546875
2.4753884925340643 35981.03480009478 2651.497802734375
2.475404042005579 38196.86200710705 2508.884765625
2.47541958944566 39703.15977214887 2426.61328125
2.475435134854635 33920.66490266556 2380.95263671875
2.475450678232833 35289.58325350106 2396.91259765625
2.4754662195805848 35932.83836410165 2330.5859375
2.47548175889822 36957.948000451404 2330.137451171875
2.47549729618607 37478.50494378928 2299.5537109375
2.4755128314444668 32687.56875866336 2315.007568359375
2.4755283646737407 35142.684759575975 2345.060546875
2.4755438958742273 38496.124954514875 2386.0595703125
2.4755594250462574 37241.85037345203 2406.26318359375
2.4755749521901658 34892.883727791006 2541.73388671875
2.4755904773062873 33784.84704565083 2692.871337890625
2.475606000394956 34766.996087129475 3045.0546875
2.475621521456508 40189.77197873002 3550.86767578125
2.4756370404912795 38405.3486864638 4158.58740234375
2.4756525574996058 36942.927705949456 4407.0224609375
2.4756680724818265 42707.64551959971 4634.17236328125
2.4756835854382775 36770.88365033157 4749.67333984375
2.475699096369298 41067.33725081904 5374.64208984375
2.4757146052752272 34994.70056829051 6853.0458984375
