igrins/spectra/qs_vir_K_20190318.ecsv
# %ECSV 1.0
# ---
# datatype:
# - {name: WAVELENGTH, unit: um, datatype: float64}
# - {name: FLUX, datatype: float64}
# - {name: ERROR, datatype: float64}
# schema: astropy-2.0
WAVELENGTH FLUX ERROR
[from data line 12115]
2.1470909789570496 64635.61373009811 753.6343994140625
2.1471053141100707 64721.03236014354 754.526611328125
2.147119647454739 64511.09459870532 753.2391357421875
2.1471339789912043 64905.99794882028 755.6944580078125
2.147148308719619 64761.898517508416 759.2210693359375
2.147162636640135 64764.567500778816 759.1737060546875
2.147176962752903 64180.055269966164 762.18701171875
2.147191287058075 64248.387849596205 755.1028442382812
2.1472056095558005 64277.39240170947 759.5123901367188
2.1472199302462314 64528.990225200585 761.1215209960938
2.1472342491295184 64704.79215283226 761.8692016601562
2.1472485662058114 64978.03937840456 764.6428833007812
2.1472628814752595 64806.752520287104 762.6251831054688
2.1472771949380145 64649.51002301977 759.1202392578125
2.1472915065942253 64791.588775321325 764.5653686523438
2.147305816444041 64808.918639757816 764.243896484375
2.1473201244876123 64660.00425023747 759.4046020507812
2.1473344307250875 64521.16996402673 761.1051025390625
2.1473487351566156 64710.800098703636 762.827880859375
2.147363037782346 64475.59186364076 759.55078125
2.147377338602428 64315.31564998676 750.1329956054688
2.1473916376170075 64502.06694788301 754.6497192382812
2.147405934826234 64782.78574209473 756.05126953125
2.147420230230257 64866.43525501934 754.048828125
2.1474345238292223 64707.23651961915 757.1719970703125
2.147448815623279 64834.282125492886 758.2656860351562
2.1474631056125744 64786.81547663972 755.7068481445312
2.1474773937972556 64454.449474036664 753.579833984375
2.147491680177469 64165.382837718644 750.1979370117188
2.147505964753362 63868.77186011449 748.8688354492188
2.147520247525082 63971.180235583364 754.4419555664062
2.147534528492775 64007.71505785096 751.7901611328125
2.1475488076565874 64351.60228365393 748.0601196289062
2.147563085016666 64647.16758203615 750.6481323242188
2.147577360573155 64852.701842884926 755.1107788085938
2.1475916343262025 64848.48823062419 750.7332763671875
2.147605906275952 64829.143225373395 753.764892578125
2.1476201764225493 64762.74563942781 754.8180541992188
2.1476344447661417 64638.63282657687 755.38330078125
2.1476487113068714 64682.31965333976 756.7066040039062
2.1476629760448858 64913.498038328355 758.0572509765625
2.1476772389803274 64637.97161681318 753.2557373046875
2.147691500113341 64521.782160106435 748.230712890625
2.147705759444072 64008.11747041093 752.4908447265625
2.1477200169726633 64612.804834806666 746.888916015625
2.1477342726992594 64889.88280738128 751.1205444335938
2.1477485266240044 65238.97681998805 750.4734497070312
2.1477627787470412 64892.01457215746 752.7212524414062
2.147777029068513 64715.224654540565 748.93408203125
2.147791277588563 64405.927739728686 753.7948608398438
2.147805524307334 64551.63335334283 746.6639404296875
2.1478197692249683 64543.04076517633 750.874755859375
2.147834012341611 65097.21595092232 752.4744262695312
2.1478482536574015 65028.44760402505 759.8265380859375
2.1478624931724832 64723.24800643167 756.5192260742188
2.1478767308869977 64403.731432589804 752.2976684570312
2.147890966801087 64347.06530835825 754.2938842773438
2.1479052009148925 64275.85041652077 748.77197265625
2.147919433228556 63953.056093560146 747.7789306640625
2.147933663742219 64142.675107570605 747.2744140625
2.1479478924560214 64612.60176476858 749.7477416992188
2.1479621193701046 65365.16245332249 756.1806030273438
2.1479763444846096 65102.187611924586 758.9995727539062
2.1479905677996762 64861.10965065086 752.9005737304688
2.1480047893154444 64455.64456860368 748.8815307617188
2.148019009032056 64655.03985906524 753.1119384765625
2.148033226949649 64769.36784907381 763.4570922851562
2.1480474430683647 64670.76608199415 764.954345703125
2.148061657388341 64777.15129747875 762.3038330078125
2.1480758699097184 64964.57583761767 772.96142578125
2.148090080632635 65351.275998466575 774.9859619140625
2.1481042895572307 65334.249231878 785.1714477539062
2.1481184966836437 65150.06516143217 789.9240112304688
2.148132702012013 65134.39923160303 787.9556884765625
2.1481469055424762 64796.673821165874 783.500244140625
2.148161107275172 64697.47202810398 775.4794311523438
2.1481753072102387 64266.73626140614 775.2008056640625
2.1481895053478124 64470.30707562351 767.3692626953125
2.148203701688033 64849.49946090761 765.9622802734375
2.1482178962310363 65474.403076743256 771.5692749023438
2.1482320889769606 65639.22089771269 769.56640625
2.148246279925942 65347.23575269396 767.5112915039062
2.1482604690781177 64665.90470032066 761.7802734375
2.1482746564336246 64217.59592788176 756.4884033203125
2.1482888419925987 63767.989574116174 757.6302490234375
2.1483030257551765 64081.194428223986 757.8096923828125
2.148317207721494 64441.64527603481 762.604736328125
2.148331387891687 64990.08786435348 763.0454711914062
2.1483455662658915 64988.54586364943 762.371337890625
2.1483597428442427 64932.74067854793 765.2433471679688
2.1483739176268766 64844.24991720427 766.35009765625
2.1483880906139268 64667.5171636655 762.0143432617188
2.148402261805529 64553.42047471128 766.3980712890625
2.1484164312018192 64442.47760388453 766.777099609375
2.1484305988029297 64368.75296130318 765.5467529296875
2.148444764608997 64409.37230280685 765.34521484375
2.148458928620153 64604.541761335626 767.3812866210938
2.1484730908365344 65104.56989153712 762.3958740234375
2.148487251258273 64903.96581649427 764.276123046875
2.1485014098855024 64708.55776740545 760.2443237304688
2.148515566718357 64692.68012859805 759.7964477539062
2.14852972175697 64860.01089548407 762.856201171875
2.1485438750014727 64892.359292631 760.7318115234375
2.1485580264519997 64804.05745976642 763.3798217773438
2.148572176108684 65064.10644260055 767.7202758789062
2.1485863239716556 65364.27460526823 768.5841674804688
2.1486004700410493 65361.501773307464 772.4988403320312
2.1486146143169966 65371.64067692534 769.0626220703125
2.1486287567996283 65357.04745772517 774.7864990234375
2.1486428974890766 65231.44681990786 772.0374145507812
2.1486570363854733 65265.614938366 768.0426025390625
2.1486711734889505 64910.48204326604 766.3128051757812
2.148685308799638 64671.73843407813 760.2097778320312
2.1486994423176666 64480.536771837295 763.0191650390625
2.1487135740431684 64593.46991995591 757.979248046875
2.148727703976272 64857.98863930904 761.9251708984375
2.1487418321171097 64452.83655164648 759.3109130859375
2.1487559584658102 64764.19543464717 758.51220703125
2.1487700830225047 64673.41065317879 760.4070434570312
2.1487842057873228 65301.94532446212 762.8031616210938
2.1487983267603927 65463.42038116668 769.239990234375
2.148812445941846 65507.12397961959 773.0146484375
2.1488265633318093 65065.14472091311 774.6783447265625
2.1488406789304135 64595.439813318546 767.7036743164062
2.1488547927377875 64563.94261791458 772.4014282226562
2.148868904754059 64947.42079962812 766.7791137695312
2.1488830149793574 64877.69184605144 771.3712158203125
2.1488971234138092 64799.37854558266 781.250244140625
2.148911230057545 64483.95908934023 789.7260131835938
2.1489253349106905 64733.513003250424 795.6756591796875
2.148939437973375 65052.82754855966 788.0670166015625
2.148953539245725 65030.514527527834 784.25
2.1489676387278687 65062.060587784 766.2733764648438
2.1489817364199313 64593.758333528516 759.5053100585938
2.1489958323220413 64439.75976771081 755.0106201171875
2.149009926434326 64178.92481437065 757.6342163085938
2.1490240187569105 64329.709020789465 770.0700073242188
2.1490381092899216 64286.06464502835 771.5523071289062
2.1490521980334862 64131.344847542125 769.5906982421875
2.1490662849877302 64084.54353568761 767.0015258789062
2.1490803701527774 64289.79725831173 762.9625244140625
2.1490944535287557 64576.75908342851 757.51123046875
2.149108535115791 64181.77781499836 757.0625610351562
2.149122614914005 64184.74861729046 752.20556640625
2.149136692923526 63958.33654341433 757.58984375
2.149150769144477 64198.89966014905 756.85498046875
2.1491648435769846 64069.61490066409 751.79833984375
2.149178916221172 64055.34764256032 753.1660766601562
2.1491929870771624 64466.55850335851 754.002197265625
2.1492070561450825 64825.981771016086 757.7728881835938
2.1492211234250536 65020.8864296907 756.4114379882812
2.149235188917201 64708.085640207806 759.2406616210938
2.149249252621647 64405.518887056234 758.4865112304688
2.149263314538517 64067.926608846974 762.0797119140625
2.149277374667931 64055.31427064053 760.2551879882812
2.1492914330100144 64005.66500205903 760.1450805664062
2.1493054895648895 63841.274503854256 759.08349609375
2.149319544332678 63627.186864155665 758.9481201171875
2.1493335973135026 63899.62611774976 753.4703369140625
2.1493476485074865 64282.32240645249 750.5204467773438
2.1493616979147503 64646.46185927093 754.3455200195312
2.149375745535416 64153.91457329494 752.0244750976562
2.149389791369606 64037.64654506292 755.5057373046875
2.1494038354174414 63777.58063220724 753.5429077148438
2.149417877679043 64169.71715351037 754.0327758789062
2.1494319181545323 63973.12796316596 757.8425903320312
2.1494459568440294 63953.98026541083 757.0888671875
2.1494599937476555 63637.07730136432 759.85400390625
2.149474028865531 63663.159250516444 761.20751953125
2.1494880621977766 63605.36506907163 766.118896484375
2.1495020937445117 63780.682237016066 763.557373046875
2.149516123505856 63904.65876753239 761.837646484375
2.14953015148193 63943.06125825188 759.7583618164062
2.1495441776728526 64107.166622901146 761.45166015625
2.1495582020787434 64381.25473500091 767.0330810546875
2.149572224699722 64000.802225930594 767.0663452148438
2.1495862455359056 63733.659885600304 753.229736328125
2.1496002645874155 63525.65002572419 755.430908203125
2.149614281854368 63972.937534319324 753.3331909179688
2.149628297336882 63975.361911801505 751.388671875
2.1496423110350764 63799.90413651566 745.4354858398438
2.149656322949069 63289.63435439643 742.2880859375
2.149670333078977 63391.72956693308 740.4129638671875
2.149684341424918 63592.798704544635 754.188720703125
2.1496983479870106 64180.17589771318 755.7363891601562
2.1497123527653708 64033.35479666614 757.349365234375
2.149726355760116 63712.62153401797 753.8689575195312
2.1497403569713627 63803.842672020095 747.2600708007812
2.1497543563992276 63731.142177815054 750.1441040039062
2.149768354043828 63671.18273181895 743.67529296875
2.1497823499052795 63296.72316864919 746.5097045898438
2.1497963439836987 63278.34880742605 748.115234375
2.1498103362792 63432.26307546224 746.4904174804688
2.1498243267919013 63488.86950056996 748.1567993164062
2.1498383155219165 63205.79162940773 755.3902587890625
2.149852302469361 62858.36592794784 759.3433227539062
2.14986628763435 62346.619454376916 771.591552734375
2.149880271016999 62462.332181256934 774.0181884765625
2.1498942526174223 62721.632849372574 793.0042114257812
2.1499082324357355 63366.23750485518 802.1354370117188
2.1499222104720506 63397.23612014333 809.6315307617188
2.149936186726485 63421.07481889552 789.2357177734375
2.1499501611991496 63134.1427249471 780.3016967773438
2.14996413389016 63163.47287683705 767.7410278320312
2.1499781047996285 63415.20175988028 757.3063354492188
2.14999207392767 63548.824483955075 759.1984252929688
2.150006041274397 63582.56949875894 748.6981201171875
2.150020006839922 63202.45318248334 746.615478515625
2.150033970624359 63016.94337976 747.2211303710938
2.1500479326278192 62841.98750704091 742.901123046875
2.1500618928504167 62953.77463193424 742.7467651367188
2.150075851292262 62959.850123412565 746.5715942382812
2.1500898079534694 62824.086300913725 744.1964721679688
2.1501037628341484 62381.963253386646 742.151611328125
2.150117715934412 62239.51317233627 741.9002075195312
2.150131667254372 62675.79307734023 746.6146850585938
2.1501456167941386 63105.94695980185 750.4527587890625
2.150159564553823 63529.631546742516 754.7086791992188
2.150173510533538 63289.80128488655 755.16162109375
2.1501874547333926 63585.771928056085 753.6025390625
2.150201397153497 63402.148665743334 759.05908203125
2.150215337793963 63471.348729529695 753.2796020507812
2.1502292766548994 63122.52916898221 750.7553100585938
2.150243213736417 63044.715924041695 745.3331909179688
2.1502571490386257 62883.08597436012 748.9812622070312
2.1502710825616345 62915.82059552052 749.090576171875
2.1502850143055534 62924.20667636105 748.0257568359375
2.1502989442704914 62996.38352137203 740.406494140625
2.1503128724565572 62916.17568640437 741.6399536132812
2.1503267988638606 62841.540538742585 746.0400390625
2.150340723492509 63148.88583737422 747.5584716796875
2.1503546463426115 62949.12146409225 747.4265747070312
2.150368567414276 62839.43830842599 740.8497924804688
2.1503824867076107 62386.2339664125 746.0737915039062
2.150396404222724 62726.31750415863 750.4105224609375
2.1504103199597235 62833.545260742336 761.6375122070312
2.1504242339187165 62993.288921429164 822.4744873046875
2.1504381460998094 62620.38051414871 952.890625
2.1504520565031107 63031.4918936253 1015.0164794921875
2.150465965128727 63271.883531946834 1007.9912719726562
2.150479871976765 63568.41645713942 915.70263671875
2.15049377704733 63174.73939677602 812.3998413085938
2.15050768034053 63145.44734313659 843.4165649414062
2.150521581856471 62905.126886985694 962.0651245117188
2.150535481595258 62653.62067158328 1013.7781982421875
2.1505493795569977 62522.893681678666 1008.4768676757812
2.1505632757417956 62966.102354148985 909.1473388671875
2.1505771701497562 62984.05600196184 810.9403076171875
2.150591062780986 63012.24946920339 784.867431640625
2.1506049536355896 62688.20525999638 790.4046020507812
2.1506188427136714 62963.602031966686 785.4261474609375
2.150632730015336 62919.70619193002 792.3372802734375
2.1506466155406887 62907.31078097323 801.6785278320312
2.1506604992898333 62473.31188038325 825.4577026367188
2.1506743812628732 62505.715892714295 1007.13916015625
2.1506882614599134 61850.710074699076 1578.0621337890625
2.150702139881057 61722.67370181561 2185.260986328125
2.1507160165264074 62479.97915585457 2655.7578125
2.150729891396068 63682.561918849235 2739.498046875
2.1507437644901417 64425.365512281904 2378.482177734375
2.1507576358087324 63512.915580833076 1806.5921630859375
2.1507715053519427 62874.859665511976 1077.7232666015625
2.150785373119874 62755.273681805775 814.1132202148438
2.1507992391126294 62699.467557184544 771.68994140625
2.1508131033303104 62857.34393678982 754.5420532226562
2.1508269657730197 62417.86418426514 756.9854125976562
2.15084082644086 62379.4349172321 749.5183715820312
2.150854685333931 62176.70181922324 754.9842529296875
2.150868542452335 62676.16425988378 755.7539672851562
2.1508823977961735 63038.50553762524 755.787353515625
2.1508962513655474 63332.71475782136 763.9131469726562
2.150910103160557 62902.720771076216 763.9896240234375
2.1509239531813025 62765.10951721072 763.617431640625
2.1509378014278866 62828.16823275376 765.2357177734375
2.1509516479004076 62925.28475765174 759.299072265625
2.1509654925989663 62948.42823630609 751.5422973632812
2.1509793355236613 62669.242272230775 757.6367797851562
2.150993176674594 62567.81290191809 754.0542602539062
2.1510070160518633 62016.17784278374 748.472412109375
2.1510208536555684 61829.64579092229 750.4400024414062
2.1510346894858086 61558.27195803411 757.487548828125
2.151048523542683 62013.79016215958 800.9281616210938
2.15106235582629 62399.6823316384 890.8458862304688
2.151076186336728 62513.81827092916 928.7443237304688
2.1510900150740953 62323.40381826726 918.2980346679688
2.151103842038491 62107.53509570711 847.0015869140625
2.1511176672300123 62559.839883875204 771.0505981445312
2.1511314906487566 62408.00443614318 758.3597412109375
2.151145312294823 62394.49488547261 751.4509887695312
2.1511591321683072 62474.17120956965 757.5914916992188
2.1511729502693075 62832.170871680915 762.7190551757812
2.1511867665979203 62732.59713136469 772.8173217773438
2.151200581154243 62569.64551513203 765.1785278320312
2.151214393938372 62499.47939611774 767.4490966796875
