igrins/spectra/qs_vir_K_20190318_smoothed.ecsv
# %ECSV 1.0
# ---
# datatype:
# - {name: WAVELENGTH, unit: um, datatype: float64}
# - {name: FLUX, datatype: float64}
# - {name: ERROR, datatype: float64}
# schema: astropy-2.0
WAVELENGTH FLUX ERROR
[from data line 10562]
2.0091121289999028 73526.25005861891 984.6636759440104
2.0091249990653757 73266.36882383282 988.0763956705728
2.0091378674373606 73364.33710277367 990.6605834960936
2.0091507341156474 73660.85846355559 993.9037475585938
2.0091635991000243 73677.68369461823 995.182149251302
2.0091764623902755 73410.19483452602 1002.7366536458333
2.0091893239861878 73228.11888353943 1015.9654337565103
2.0092021838875445 73211.69847970748 1034.7963053385415
2.0092150420941306 73356.6802016444 1060.6291097005208
2.0092278986057295 73778.91915612857 1103.407511393229
2.0092407534221213 74195.74208065489 1184.8345947265625
2.0092536065430884 74409.97268369567 1352.691935221354
2.009266457968411 75250.43204166857 1656.3377685546875
2.0092793076978688 75971.60816333245 1999.9615071614583
2.0092921557312398 77364.89535319564 2125.7174072265625
2.0093050020683023 77025.41796535112 1951.275675455729
2.0093178467088335 76332.42787637825 1621.218017578125
2.0093306896526086 75173.73186840383 1378.9806722005208
2.0093435308994043 75102.11508376192 1269.3301595052083
2.0093563704489927 75290.37501409657 1227.1988525390625
2.00936920830115 75110.59760058418 1217.4671223958333
2.009382044455647 74888.65030119762 1225.2615559895833
2.009394878912257 75157.36807543723 1251.6273193359375
2.0094077116707494 75449.98232490278 1302.423624674479
2.0094205427308958 75105.27048478305 1384.3265787760415
2.0094333720924653 74289.89764964423 1521.200968424479
2.009446199755225 74488.19084063153 1764.921956380208
2.0094590257189435 74769.22695692026 2227.301106770833
2.0094718499833877 74137.23176603793 3209.018147786458
2.0094846725483233 72172.51073198914 5614.248128255208
2.009497493413516 69264.98182087064 12162.71044921875
2.009510312578729 61891.07806974316 24595.288411458332
2.0095231300437266 65037.1688101789 36725.15625
2.0095359458082704 83361.7435025918 44582.81770833333
2.009548759872122 92538.13635671628 40360.87630208333
2.009561572235043 91743.8294694442 29501.049153645832
2.0095743828967936 76619.41600264773 16325.01546223958
2.0095871918571317 77528.05245315915 7845.09326171875
2.009599999115816 77534.74732180731 4325.84326171875
2.0096128046726056 77915.0677845472 2799.242065429687
2.009625608527254 76793.61187798857 2081.9183349609375
2.009638410679519 76463.3880317987 1724.541056315104
2.009651211129156 75990.86547527985 1521.2305501302083
2.009664009875917 75087.00053438416 1393.2445475260415
2.0096768069195563 73953.07423485216 1308.662394205729
2.009689602259826 72604.2963641819 1252.3045247395833
2.009702395896478 72199.12696627928 1214.2889404296875
2.0097151878292627 72446.67083950175 1195.0660807291665
2.0097279780579296 72831.76056924465 1218.5463460286458
2.0097407665822287 72811.39541216545 1299.1598714192708
2.0097535534019064 72388.64107428576 1416.4403483072915
2.009766338516711 72102.64886835241 1531.0626220703125
2.009779121926389 72603.84666466853 1607.677286783854
2.0097919036306853 72939.95571495284 1711.714640299479
2.0098046836293446 73237.16251886211 1951.7801920572915
2.0098174619221107 74448.26693660313 2301.1593831380205
2.0098302385087283 75553.06574489648 2433.3115234375
2.0098430133889367 76597.49903129978 2213.489054361979
2.009855786562479 75441.92886252492 1774.9280598958333
2.009868558029095 74205.01433943481 1446.0716959635415
2.0098813277885252 73166.16157860657 1286.738077799479
2.0098940958405076 72521.84613447337 1214.3908284505208
2.0099068621847795 72646.494090514 1184.2864990234375
2.0099196268210786 72514.9401322213 1173.9259440104165
2.009932389749142 72330.81619030648 1193.0531412760415
2.0099451509687034 72019.56182714947 1258.527140299479
2.009957910479498 72487.22892996816 1359.7408447265625
2.0099706682812597 72758.41293632258 1463.4859619140625
2.0099834243737207 73245.4256043857 1519.1142171223958
2.0099961787566136 73511.29673961371 1530.876505533854
2.0100089314296694 73518.70055551697 1571.5524088541665
2.0100216823926185 73608.73411419515 1750.4391682942705
2.010034431645189 74619.26572355306 2206.8819986979165
2.01004717918711 75024.21060743014 2989.208984375
2.010059925018111 76664.45377312029 3790.670003255208
2.0100726691379167 78655.5266694575 4162.028238932291
2.010085411546254 80796.64240233926 4110.914469401041
2.0100981522428483 80505.65885427454 4163.812744140625
2.0101108912274226 76583.58176150345 5055.08544921875
2.010123628499701 77173.49294644935 7847.494466145833
2.0101363640594077 78832.7823439134 14951.885904947916
2.0101490979062624 78956.60585027751 32008.7509765625
2.0101618300399866 95534.92377589323 58404.59765625
2.010174560460301 86394.70268621943 77870.9765625
2.010187289166924 94515.72213557019 81908.6171875
2.010200016159574 73434.50256259258 70300.0859375
2.010212741437969 83759.6448500821 53934.60156249999
2.010225465001825 78261.21853961668 36066.3017578125
2.0102381868508585 80000.28200730994 20135.730468749996
2.010250906984784 77940.16038647074 10393.388509114582
2.0102636254033155 78058.21893713603 6474.96875
2.010276342106168 80354.3124394443 4759.820638020833
2.010289057093051 79791.13015657768 3730.625325520833
2.010301770363678 79168.81015934647 3001.46240234375
2.0103144819177587 77467.842219391 2486.5927734375
2.010327191755005 76052.06988769831 2192.4537760416665
2.010339899875123 75183.62848222589 2147.296712239583
2.0103526062778228 76292.85299006665 2361.1070963541665
2.0103653109628117 77864.65240697788 2742.549072265625
2.0103780139297953 78184.10565367571 2905.85986328125
2.0103907151784792 77141.7114288818 2669.570638020833
2.0104034147085694 74815.61816586865 2145.183430989583
2.0104161125197684 72901.81498154049 1695.953409830729
2.01042880861178 71669.78216679211 1455.788330078125
2.0104415029843064 71450.90241399875 1340.312540690104
2.0104541956370494 71726.45003335056 1284.654581705729
2.0104668865697075 71125.66511362306 1250.1249186197915
2.010479575781983 71126.70033810986 1236.2715657552083
2.0104922632735738 71141.38087350049 1232.4039713541665
2.010504949044177 71734.53415686867 1235.8790690104165
2.0105176330934906 71986.86477098183 1238.3063557942708
2.010530315421211 72100.15519863204 1244.377970377604
2.0105429960270333 71961.79732776436 1253.860636393229
2.0105556749106523 72149.6695116676 1282.2680257161458
2.010568352071761 72258.99845737097 1334.7151692708333
2.010581027510053 72558.07182870996 1446.5406901041665
2.01059370122522 72636.81281605754 1658.9545084635415
2.010606373216954 73208.63833824775 2042.3596191406248
2.0106190434849442 75087.94620575407 2518.4308268229165
2.010631712028881 76476.98393224634 2767.3573404947915
2.010644378848452 77008.46410339625 2636.3719889322915
2.0106570439433455 75826.40317394336 2254.871419270833
2.0106697073132493 75149.10345802116 1957.1651611328123
2.010682368957849 74136.91871718815 1850.852091471354
2.0106950288768286 73168.72954245111 1880.9279378255208
2.0107076870698735 72903.89366469665 2014.1420084635415
2.0107203435366676 74197.54749811377 2271.0885416666665
2.0107329982768936 75643.09168840543 2714.5853678385415
2.010745651290232 76408.39610045782 3507.761067708333
2.010758302576366 76092.74127375892 5038.552001953125
2.0107709521349735 82878.91149819692 8392.951822916666
2.010783599965735 83093.35712668381 15680.313476562498
2.0107962460683284 70960.57091256641 31495.852864583332
2.0108088904424317 70603.13088057395 54240.07552083333
2.010821533087722 48369.63340712045 81748.58203125
2.010834174003874 72604.29093129243 101794.83072916666
2.010846813190565 71624.59965801987 109394.08854166666
2.010859450647467 39428.87221318073 103055.27083333333
2.0108720863742535 9009.941136943184 89013.73697916666
2.0108847203705977 5852.712460253348 67555.13020833333
2.010897352636172 63873.39340283743 46261.31054687499
2.010909983170646 80541.25268947735 28332.284505208332
2.0109226119736894 75794.98655616652 19131.072265625
2.0109352390449726 74157.7670139965 13043.236328124998
2.010947864384163 77987.88149686586 8399.75634765625
2.0109604879909284 81799.96426320363 5375.26220703125
2.010973109864935 80725.01797022801 3616.533365885416
2.0109857300058485 78627.6556214403 2700.137451171875
2.0109983484133336 77049.32594582113 2277.4440104166665
2.0110109650870553 75786.65703115649 2126.022298177083
2.011023580026676 75700.08107820159 2079.9545084635415
2.0110361932318574 75884.27445481616 2027.8262532552083
2.011048804702262 75706.40890756097 1892.108927408854
2.0110614144375507 75661.32268380173 1712.6547037760415
2.011074022437382 75548.64081593814 1555.2685139973958
2.0110866287014155 74849.35142822532 1459.287638346354
2.0110992332293094 74328.80314438135 1407.9856770833333
2.011111836020721 73649.29122696386 1379.834513346354
2.011124437075306 73680.7199662489 1377.666788736979
2.01113703639272 74430.47511319071 1403.98291015625
2.011149633972619 74743.11406514453 1450.980712890625
2.0111622298146554 74755.01927082869 1550.3251139322915
2.0111748239184823 74704.03593049297 1743.837687174479
2.0111874162837524 74945.52398948153 2084.712687174479
2.0112000069101166 74894.23747641352 2432.904052734375
2.0112125957972258 75169.90469707926 2539.6525065104165
2.0112251829447287 76153.02823154956 2334.3568115234375
2.011237768352275 76826.10361483759 1979.884562174479
2.0112503520195117 75981.9885587208 1711.963419596354
2.011262933946087 74989.78556872715 1585.0087076822915
2.0112755141316456 74749.5290289266 1545.643839518229
2.011288092575833 74818.42883213787 1549.7150472005208
2.0113006692782953 73843.08494263832 1573.0011800130205
2.0113132442386745 72562.10113901044 1617.9215901692708
2.011325817456614 71552.31039854755 1645.4507446289062
2.0113303521067984 72209.31452247473 1749.903869628906
2.0113383889317564 73964.10341680568 1447.0784797625045
2.0113460075233625 74564.29669698208 1452.3215964769047
2.0113616605675797 74854.43487260427 1486.2161613614762
2.0113773112406594 75099.3654092327 2229.3693131959026
2.0113929595438127 76046.25113397355 1796.5081345017938
2.0114086054782465 76703.07191410882 2817.671969175277
2.0114242490451684 78536.79903605036 3979.2294026700047
2.0114398902457853 72388.6526645656 12491.797562397627
2.0114555290813017 76056.39810356047 11170.544859435107
2.011471165552922 83372.46160997366 12141.507973521799
2.011486799661849 93886.10620805954 40760.130627430866
2.011502431409285 70368.75740231981 71953.22632307559
2.0115180607964316 72511.40545369055 101067.37602855537
2.011533687824488 36856.76769545757 66939.27825428643
2.011549312494654 56287.27645478498 38646.05940298276
2.011564934808126 47773.82670185661 17501.215251291243
2.0115805547661023 78571.47543652647 15719.686662730957
2.011596172369778 79893.81049164064 13541.425072278798
2.0116117876203474 79415.34928709103 3689.110718844897
2.0116274005190045 80173.49305093646 2994.9741430946606
2.0116430110669428 79689.81920217717 2124.535097313656
2.0116586192653525 77516.67576907884 827.5316788113348
2.0116742251154256 75786.5845272281 534.8203634655442
2.0116898286183496 73892.66136511957 499.9056087190455
2.0117054297753154 73072.7744236067 1070.3488365251417
2.011721028587508 73174.45668891775 1339.2059701151106
2.0117366250561153 74505.1507149068 1391.845335720305
2.0117522191823216 74803.65959457475 1444.8145014794798
2.011767810967312 74525.10884220776 2031.2721220990848
2.011783400412269 75020.20016172418 3043.001716024103
2.011798987518374 75944.76709864718 4113.700094181849
2.0118145722868097 76033.80093948443 3142.0289619052655
2.0118301547187563 74690.99459843319 2032.4002870180357
2.011845734815391 73763.06986593621 740.911077044336
2.0118613125778926 73378.72563896807 1198.4637278345472
2.0118768880074387 73563.13741571023 1240.521277111734
2.011892461105204 73477.06180580756 874.8652830271507
2.0119080318723634 73393.09023234474 645.5087287461351
2.0119236003100913 73096.5000249606 786.0852658568468
2.0119391664195607 72550.85244550045 837.7589128387324
2.011954730201942 72437.98054687335 1253.8461816236068
2.0119702916584052 72880.71242942169 1306.1203837749463
2.0119858507901225 73532.43652487901 1663.5212944291707
2.0120014075982606 74484.79960294203 1174.2468234809407
2.012016962083987 74975.0168902766 928.7160093232573
2.0120325142484683 75637.8927395218 952.9005519215686
2.0120480640928693 75558.59926151822 676.9487385087851
2.012063611618356 75933.39176263234 2055.169236028763
2.0120791568260894 75474.44225799164 5125.705323834988
2.012094699717233 75491.64114768777 8605.570083344905
2.0121102402929485 77986.56964958455 9647.098013939438
2.012125778554393 61184.10413426039 20335.668289278652
2.0121413145027294 28276.08730828789 42955.69536180455
2.012156848139114 29800.225130729756 71249.0798043879
2.012172379464703 25997.001465903988 90625.13056941197
2.0121879084806533 54945.46064472969 86354.4026771528
2.0122034351881193 53580.5569648649 107588.56779068078
2.012218959588255 57532.46715577194 96063.08796507532
2.012234481682213 67153.40512498963 83060.62614550423
2.0122500014711444 67437.12298587066 31291.051481780334
2.0122655189562013 87937.54394586223 12801.908408413326
2.012281034138532 83361.30912127142 4467.4511367054
2.0122965470192855 82319.97242022313 4676.986946109442
2.01231205759961 80206.48257989337 1771.2698306392026
2.0123275658806516 79551.8063099278 1531.0505718256354
2.012343071863554 77231.65446561767 3043.144713867932
2.0123585755494626 75744.8590245774 3657.6637541509645
2.012374076939522 76442.70942967045 3594.8156633799017
2.0123895760348733 77863.46437742886 2099.3984893241677
2.0124050728366574 79497.64162761343 1904.199025568916
2.0124205673460156 78358.77185385974 2248.7776569231064
2.0124360595640853 76188.06614965961 2489.0692687328315
2.0124515494920057 73631.73899964428 1455.0375544727556
2.012467037130914 73325.91848701259 1195.2310781519727
2.0124825224819456 73289.13844199924 488.4264515867058
2.0124980055462354 73115.5942482456 1526.713449138144
2.012513486324917 73162.45108434468 1957.176138043722
2.012528964819124 73492.54729073988 2395.914979063521
2.0125444410299878 74318.71468527126 1381.0752558847707
2.012559914958638 74559.14013121046 774.6437714736601
2.012575386606207 74330.14301460344 527.5149077942439
2.0125908559738206 73883.5431080205 466.4043684397559
2.0126063230626072 73031.70875127742 1716.260664063207
2.0126217878736945 73695.25911809193 2276.817019866269
2.0126372504082064 74329.12411849653 3640.968535342222
2.0126527106672674 74715.743323024 2885.9572267743606
2.0126681686520023 74394.69168013189 2589.207354113614
2.0126836243635315 74670.99250753838 1370.4032473676941
2.0126990778029774 75124.65517465312 894.2320659998181
2.0127145289714603 75578.67402747562 529.0923463142785
2.012729977870099 77212.5829287317 505.56255187679164
2.0127454245000114 79222.46660659893 380.5167299451836
2.012760868862315 79603.52350820783 1172.3202578075702
2.0127763109581256 80378.33974704162 4295.293300520068
2.012791750788558 86605.16084111354 14246.998107384159
2.0128071883547265 82123.7441814915 27400.54920182508
2.0128226236577436 86936.04029410714 41659.136913193404
2.0128380566987207 40475.483578272375 44106.08847352471
2.01285348747877 -44804.63084359139 58650.20441454764
2.0128689159989994 -62067.72338950945 152588.6279636699
2.012884342260519 -9153.70129139744 144894.81421944292
2.0128997662644355 86469.66393077435 209994.24364512338
2.012915188011856 80535.86204230443 137229.81535627026
2.012930607503886 39642.81485493608 137211.10373180252
2.012946024741629 28093.48684231435 50905.86619677069
2.012961439726191 46735.42364370775 13863.770817780933
2.0129768524586704 75702.48897687506 12099.594291458083
2.0129922629401724 81956.87722939331 5506.879230510249
2.013007671171794 80858.88735138476 5304.852405689886
2.0130230771546374 78929.08438501129 2631.054527941546
2.0130384808897985 77641.5937872695 2285.7657803472257
2.0130538823783755 75266.36688033157 1747.9480825861597
2.013069281621464 74388.15729257665 1716.0667612813295
2.0130846786201593 74515.38892870229 1975.7300084927829
2.0131000733755555 74747.51417422367 1860.319693133808
