igrins/spectra/qs_vir_H_20190318_smoothed.ecsv
# %ECSV 1.0
# ---
# datatype:
# - {name: WAVELENGTH, unit: um, datatype: float64}
# - {name: FLUX, datatype: float64}
# - {name: ERROR, datatype: float64}
# schema: astropy-2.0
WAVELENGTH FLUX ERROR
[from data line 34645]
1.8290381673344884 166060.26049605076 -168774.78125
1.8290498027547795 1411018.1619270379 3895344.6249999995
1.8290614372889438 1571723.803400255 4003255.4921874995
1.8290730709383105 1370968.3892559062 3944404.7187499995
1.8290847037042113 -17179.48226497408 -49507.13020833333
1.8290963355879788 -195774.77328057715 -173058.28385416666
1.829107966590946 -125551.6254126661 -145345.3671875
1.8291195967144462 101431.20086837023 -106393.0078125
1.8291312259598147 263855.6280915282 -88516.51822916666
1.8291428543283874 24750.6219783845 22519.5546875
1.8291544818215018 -369547.96889259 71674.35416666666
1.829166108440495 -499080.5025769521 53739.55729166666
1.8291777341867064 -83763.90343960791 59381.45833333333
1.829189359061477 493084.4718774549 143549.8046875
1.8292009830661462 944452.0201640661 -141536.11979166663
1.829212606202057 1198158.5049278163 -252554.27604166663
1.829224228470552 835701.5303912588 -373015.73242187494
1.8292358498729753 284679.4712639622 -26543.344401041664
1.8292474704106725 -51775.81081321159 33909.770182291664
1.8292590900849885 127690.78911227323 60030.71223958333
1.8292707088972702 210221.00852943087 36650.61848958333
1.829282326848867 167566.90741791436 -13654.162760416672
1.829293943941126 -46902.32147460048 -63568.393229166664
1.8293055601753985 -134609.32784350266 -38096.52083333333
1.829317175553035 -104499.59759257347 13316.457682291672
1.8293287900753872 174071.86309034814 -9026.417317708328
1.8293404037438088 291282.54466852074 -57013.11848958333
1.8293520165596526 -277545.28137529624 20244.37174479167
1.829363628524275 -417327.10544052924 146869.98111979166
1.829375239639031 -405754.5633487804 110320.125
1.8293868499052772 194344.15480716215 12032.13541666666
1.8293984593243722 57920.546008234436 240872.57291666663
1.8294100678976746 -4076165.1859361734 -175229.0364583333
1.8294216756265438 -4148807.2811098928 -89310.18229166667
1.8294332825123416 -4087809.6146009197 -295324.5572916666
1.8294448885564296 -331379.4914390474 216112.3645833333
1.829456493760171 -246103.22908773675 169011.61458333334
1.8294680981249294 -479251.74646295625 128590.31249999999
1.8294797016520685 -214172.53698815964 93634.56770833333
1.8294913043429564 -417774.97062037035 87157.203125
1.8295029061989585 -242255.166366768 37018.688151041664
1.829514507221443 3427510.43253542 -84766.884765625
1.8295261074117792 3537100.6045063892 -149509.775390625
1.829537706771336 3751707.686654958 -229814.6614583333
1.8295493053014849 -19387.992023271392 -178954.51041666666
1.8295609030035973 26689.93949884801 -1677.0625
1.829572499879047 -480655.12891323783 46753.54427083333
1.8295840959292073 -607199.9217807513 91754.81380208333
1.8295956911554525 -958529.339467481 16982.063802083336
1.8296072855591594 867125.0405985087 -81181.74609375
1.8296188791417043 1254315.886712469 19542.75
1.8296304719044647 1213988.2072092402 160840.71875
1.8296420638488202 -77428.3897081326 515273.9583333333
1.8296536549761502 971926.6859767716 511641.3541666666
1.8296652452878353 1464276.1696116622 331268.5026041667
1.8296768347852579 1366397.6971212134 114729.09895833333
1.8296884234698 181090.44160333602 38883.18619791666
1.8297000113428457 66223.66165097838 7541.50390625
1.8297115984057803 -39486.24691030416 -18056.389322916668
1.8297231846599888 -9489.620146151203 -31225.835286458332
1.8297347701068587 39633.04733402463 4438.047526041668
1.8297463547477777 498493.5260022454 111920.82356770833
1.8297579385841336 414743.70775366505 99247.35156249999
1.8297695216173178 -442661.4191438187 294672.1692708333
1.8297811038487197 -5913027.76324416 509192.73177083326
1.8297926852797315 -5364069.525121408 668539.375
1.8298042659117455 -4718309.156467032 702168.1041666666
1.8298158457461566 625484.4941420547 314305.1510416667
1.829827424784359 114869.30136796743 62329.16145833336
1.8298390030277478 194223.85733936174 -161898.890625
1.8298505804777203 -187644.23859877346 -93647.16276041666
1.8298621571356746 -326292.58231329784 -24716.89453125
1.829873733003009 -40728.31231167921 -69787.85416666666
1.8298853080811228 487127.45973774255 -24228.352864583336
1.8298968823714175 686495.6018505791 39762.15494791666
1.8299084558752943 257131.10867043328 126622.20312499999
1.8299200285941557 782342.8687940578 46448.09374999999
1.829931600529406 553871.647004382 41084.54427083333
1.82994317168245 1074958.9509879625 292079.7786458333
1.8299547420546929 193288.0038627722 296857.0729166667
1.8299663116475415 656891.7631438782 246736.48958333334
1.8299778804624038 254687.43816301957 -102280.1953125
1.829989448500688 526105.3797663029 1574.7916666666642
1.830001015763804 -1045.912237745244 62923.08333333333
1.8300125822531628 662778.4246956819 383100.4557291666
1.8300241479701755 612981.6386078352 447576.1432291666
1.8300357129162546 887200.9535324608 431335.80078124994
1.830047277092814 323513.37068973633 253956.12369791666
1.830058840501269 -128722.81088826804 173757.92057291666
1.830070403143035 -270930.7488158856 171335.0130208333
1.8300819650195281 -333647.7494939934 161528.2109375
1.8300935261321667 -163279.29310922598 154855.640625
1.830105086482368 40090.070754228924 179374.7083333333
1.8301166460715537 447343.1247404745 947841.8958333333
1.8301282049011425 332593.1557766507 961893.8203125
1.8301397629725575 130025.76563356997 1000427.9479166666
1.8301513202872204 -113228.56678484191 294404.3333333333
1.8301628768465548 823661.273846796 -393422.6197916667
1.8301744326519858 558214.2965397016 -237629.6354166667
1.830185987704939 608723.9581565801 -779660.3125
1.8301975420068404 -241621.8310007369 -151548.78515625
1.8302090955591181 4892529.104107183 -470980.2330729166
1.8302206483632009 4748155.299106811 -97285.8155924479
1.8302322004205183 4786196.574617272 -17614.67626953125
1.8302437517325 -745911.1072291802 -280226.1658528646
1.8302553023005783 1333977.228297925 -875938.875
1.8302668521261862 1256241.6763126361 -946285.0960286458
1.8302784012107562 3101950.3713987395 -892529.9565429686
1.8302899495557234 -13757.619196648815 9132.5869140625
1.830301497162523 nan nan
1.8303130440325928 nan nan
1.8303245901673693 nan nan
1.8303361355682908 nan nan
1.8303476802367975 nan nan
1.83035922417433 nan nan
1.830370767382329 -3935254.6448085066 1019874.9375
1.8303823098622378 -3935254.6448085066 1019874.9375
1.8303938516154994 -3935254.6448085066 1019874.9375
1.8304053926435584 nan nan
1.8304169329478612 nan nan
1.8304284725298532 nan nan
1.8304400113909822 nan nan
1.8304515495326974 nan nan
1.8304630869564469 nan nan
1.830474623663682 nan nan
1.830486159655855 nan nan
1.8304976949344167 nan nan
1.8305092295008216 nan nan
1.830520763356524 nan nan
1.8305322965029787 nan nan
1.8305438289416436 nan nan
1.8305553606739753 nan nan
1.8305668917014328 nan nan
1.830578422025474 nan nan
1.8305899516475608 nan nan
1.8306014805691544 nan nan
1.830613008791717 nan nan
1.8306245363167124 nan nan
1.8306360631456038 nan nan
1.8306475892798582 nan nan
1.8306591147209414 nan nan
1.8306706394703203 nan nan
1.8306821635294641 nan nan
1.8306936868998418 nan nan
1.830705209582924 nan nan
1.8307167315801813 nan nan
1.8307282528930877 nan nan
1.830739773523115 nan nan
1.8307512934717383 nan nan
1.8307628127404325 nan nan
1.8307743313306748 nan nan
1.830785849243942 nan nan
1.8307973664817125 nan nan
1.8308088830454659 nan nan
1.8308203989366825 nan nan
1.830831914156843 nan nan
1.8308434287074307 nan nan
1.8308549425899285 nan nan
1.8308664558058203 nan nan
1.8308779683565917 nan nan
1.8308894802437297 nan nan
1.8309009914687202 nan nan
1.8309125020330537 nan nan
1.8309240119382175 nan nan
1.8309355211857028 nan nan
1.8309470297770007 nan nan
1.8309585377136028 nan nan
1.8309700449970039 nan nan
1.8309815516286971 nan nan
1.8309930576101787 nan nan
1.8310045629429432 nan nan
1.83101606762849 nan nan
1.8310275716683153 nan nan
1.8310390750639205 nan nan
1.8310505778168042 nan nan
1.8310620799284683 nan nan
1.8310735814004155 nan nan
1.831085082234148 nan nan
1.8310965824311705 nan nan
1.8311080819929884 nan nan
1.8311195809211083 nan nan
1.8311310792170359 nan nan
1.8311425768822813 nan nan
1.8311540739183527 nan nan
1.8311655703267606 nan nan
1.8311770661090163 nan nan
1.8311885612666314 nan nan
1.8312000558011199 nan nan
1.8312115497139954 nan nan
1.8312230430067735 nan nan
1.8312345356809696 nan nan
1.8312460277381024 nan nan
1.8312575191796883 nan nan
1.8312690100072475 nan nan
1.8312805002223003 nan nan
1.8312919898263669 nan nan
1.8313034788209708 nan nan
1.831314967207634 nan nan
1.8313264549878814 nan nan
1.8313379421632379 nan nan
1.8313494287352294 nan nan
1.8313609147053824 nan nan
1.8313724000752267 nan nan
1.8313838848462909 nan nan
1.8313953690201041 nan nan
1.8314068525981981 nan nan
1.8314183355821054 nan nan
1.8314298179733586 nan nan
1.8314412997734917 nan nan
1.83145278098404 nan nan
1.8314642616065397 nan nan
1.8314757416425278 nan nan
1.831487221093542 nan nan
1.8314986999611222 nan nan
1.8315101782468084 nan nan
1.8315216559521406 nan nan
1.8315331330786617 nan nan
1.8315446096279147 nan nan
1.8315560856014432 nan nan
1.8315675610007935 nan nan
1.8315790358275101 nan nan
1.8315905100831404 nan nan
1.831601983769233 nan nan
1.8316134568873372 nan nan
1.831624929439002 nan nan
1.831636401425779 nan nan
1.8316478728492207 nan nan
1.831659343710879 nan nan
1.8316708140123086 nan nan
1.831682283755064 nan nan
1.831693752940702 nan nan
1.8317052215707788 nan nan
1.8317166896468529 nan nan
1.8317281571704829 nan nan
1.8317396241432298 nan nan
1.831751090566653 nan nan
1.831762556442316 nan nan
1.8317740217717806 nan nan
1.8317854865566112 nan nan
1.8317969507983731 nan nan
1.831808414498631 nan nan
1.8318198776589536 nan nan
1.8318313402809074 nan nan
1.831842802366063 nan nan
1.8318542639159885 nan nan
1.8318657249322559 nan nan
1.8318771854164368 nan nan
1.8318886453701038 nan nan
1.8319001047948318 nan nan
1.8319115636921945 nan nan
1.8319230220637688 nan nan
1.831934479911131 nan nan
1.8319459372358589 nan nan
1.8319573940395324 nan nan
1.8319688503237301 nan nan
1.831980306090034 nan nan
1.8319917613400252 nan nan
1.8320032160752866 nan nan
1.8320146702974027 nan nan
1.8320261240079578 nan nan
1.8320375772085378 nan nan
1.8320490299007302 nan nan
1.8320604820861222 nan nan
1.8320719337663016 nan nan
1.8320833849428608 nan nan
1.8320948356173887 nan nan
1.832106285791478 nan nan
1.8321177354667206 nan nan
1.8321291846447119 nan nan
1.8321406333270454 nan nan
1.832152081515317 nan nan
1.832163529211124 nan nan
1.8321749764160642 nan nan
1.832186423131736 nan nan
1.8321978693597394 nan nan
1.832209315101675 nan nan
1.8322207603591447 nan nan
1.8322322051337523 nan nan
1.8322436494271 nan nan
1.8322550932407937 nan nan
1.832266536576438 nan nan
1.8322779794356405 nan nan
1.8322894218200096 nan nan
1.8323008637311524 nan nan
1.83231230517068 nan nan
1.8323237461402022 nan nan
1.832335186641332 nan nan
1.8323466266756803 nan nan
1.832358066244863 nan nan
1.8323695053504934 nan nan
1.8323809439941872 nan nan
1.8323923821775614 nan nan
1.8324038199022343 nan nan
1.832415257169824 nan nan
1.8324266939819498 nan nan
1.8324381303402335 nan nan
1.8324495662462956 nan nan
1.8324610017017597 nan nan
1.8324724367082494 nan nan
1.8324838712673888 nan nan
1.832495305380804 nan nan
1.832506739050122 nan nan
1.8325181722769697 nan nan
1.8325296050629758 nan nan
1.8325410374097708 nan nan
1.832552469318985 nan nan
1.8325639007922496 nan nan
1.832575331831198 nan nan
1.8325867624374628 nan nan
1.8325981926126795 nan nan
1.8326096223584833 nan nan
1.8326210516765113 nan nan
1.8326324805684007 nan nan
1.8326439090357898 nan nan
1.832655337080319 nan nan
1.8326667647036288 nan nan
1.8326781919073603 nan nan
1.8326896186931565 nan nan
1.83270104506266 nan nan
1.8327124710175176 nan nan
1.8327238965593724 nan nan
1.8327353216898727 nan nan
1.8327467464106655 nan nan
1.8327581707233995 nan nan
1.8327695946297233 nan nan
1.8327810181312887 nan nan
1.832792441229747 nan nan
1.8328038639267505 nan nan
1.8328152862239533 nan nan
1.8328267081230087 nan nan
1.8328381296255736 nan nan
1.8328495507333042 nan nan
1.8328609714478576 nan nan
1.8328723917708922 nan nan
1.8328838117040682 nan nan
1.832895231249045 nan nan
1.8329066504074856 nan nan
1.8329180691810514 nan nan
1.8329294875714066 nan nan
1.8329409055802153 nan nan
1.8329523232091436 nan nan
1.8329637404598562 nan nan
1.832975157334023 nan nan
1.8329865738333113 nan nan
1.8329979899593898 nan nan
1.8330094057139301 nan nan
1.833020821098603 nan nan
1.833032236115082 nan nan
1.83304365076504 nan nan
1.8330550650501511 nan nan
1.833066478972091 nan nan
1.833077892532535 nan nan
1.8330893057331632 nan nan
1.8331007185756516 nan nan
1.8331121310616807 nan nan
1.8331235431929311 nan nan
1.833134954971083 nan nan
1.8331463663978202 nan nan
1.8331577774748256 nan nan
1.833169188203784 nan nan
1.8331805985863798 nan nan
1.8331920086243003 nan nan
1.8332034183192323 nan nan
1.8332148276728646 nan nan
1.8332262366868861 nan nan
1.8332376453629886 nan nan
1.8332490537028614 nan nan
1.833260461708198 nan nan
1.8332718693806918 nan nan
1.8332832767220368 nan nan
1.833294683733929 nan nan
1.8333060904180645 nan nan
1.83331749677614 nan nan
1.8333289028098543 nan nan
1.8333403085209068 nan nan
1.8333517139109978 nan nan
1.8333631189818285 nan nan
1.833374523735101 nan nan
1.833385928172519 nan nan
1.833397332295787 nan nan
1.8334087361066107 nan nan
1.8334201396066951 nan nan
1.833431542797748 nan nan
1.8334429456814783 nan nan
1.8334543482595949 nan nan
1.8334657505338072 nan nan
1.8334771525058284 nan nan
1.8334885541773684 nan nan
1.8334999555501432 nan nan
1.833511356625865 nan nan
1.8335227574062498 nan nan
1.8335341578930135 nan nan
1.8335455580878737 nan nan
1.8335569579925493 nan nan
1.8335683576087578 nan nan
1.8335797569382208 nan nan
1.8335911559826592 nan nan
1.833602554743795 nan nan
1.8336139532233524 nan nan
1.8336253514230543 nan nan
1.8336367493446264 nan nan
1.8336481469897954 nan nan
1.8336595443602883 nan nan
1.8336709414578325 nan nan
1.8336823382841583 nan nan
1.8336937348409954 nan nan
1.8337051311300743 nan nan
1.8337165271531282 nan nan
1.8337279229118906 nan nan
1.8337393184080941 nan nan
1.8337507136434754 nan nan
1.8337621086197702 nan nan
1.8337735033387152 nan nan
1.833784897802049 nan nan
1.8337962920115105 nan nan
1.8338076859688406 nan nan
1.833819079675779 nan nan
1.8338304731340693 nan nan
1.8338418663454539 nan nan
1.833853259311677 nan nan
1.8338646520344837 nan nan
1.8338760445156204 nan nan
1.8338874367568339 nan nan
1.8338988287598728 nan nan
1.8339102205264852 nan nan
1.8339216120584223 nan nan
1.8339330033574346 nan nan
1.8339443944252745 nan nan
1.8339557852636945 nan nan
1.8339671758744494 nan nan
1.833978566259294 nan nan
1.8339899564199842 nan nan
1.8340013463582772 nan nan
1.8340127360759317 nan nan
1.8340241255747052 nan nan
1.8340355148563592 nan nan
1.834046903922655 nan nan
1.8340582927753524 nan nan
1.834069681416217 nan nan
1.8340810698470111 nan nan
1.8340924580695013 nan nan
1.8341038460854526 nan nan
1.834115233896632 nan nan
1.8341266215048078 nan nan
1.8341380089117485 nan nan
1.8341493961192252 nan nan
1.8341607831290077 nan nan
1.8341721699428686 nan nan
1.8341835565625813 nan nan
1.8341949429899185 nan nan
1.8342063292266564 nan nan
1.8342177152745704 nan nan
1.8342291011354384 nan nan
1.834240486811037 nan nan
1.8342518723031462 nan nan
1.834263257613545 nan nan
1.834274642744016 nan nan
1.8342860276963393 nan nan
1.8342974124722986 nan nan
1.8343087970736784 nan nan
1.8343201815022623 nan nan
1.8343315657598376 nan nan
1.8343429498481907 nan nan
1.8343543337691102 nan nan
1.8343657175243835 nan nan
1.8343771011158019 nan nan
1.8343884845451555 nan nan
1.8343998678142364 nan nan
1.8344112509248378 nan nan
1.8344226338787535 nan nan
1.8344340166777777 nan nan
1.834445399323707 nan nan
1.8344567818183388 nan nan
1.8344681641634701 nan nan
1.8344795463609005 nan nan
1.834490928412429 nan nan
1.834502310319857 nan nan
