igrins/spectra/qs_vir_H_20190318.ecsv
# %ECSV 0.9
# ---
# datatype:
# - {name: WAVELENGTH, unit: um, datatype: float64}
# - {name: FLUX, datatype: float64}
# - {name: ERROR, datatype: float64}
# schema: astropy-2.0
WAVELENGTH FLUX ERROR
[from data line 26785]
1.7308470378288336 124010.68009644066 244.98481415192822
1.7308594701594935 124197.28209155129 1045.3060003945088
1.7308719008379778 125152.83018635485 397.4509952413721
1.7308843298648324 124712.34843990621 1447.612398067274
1.7308967572406082 122751.22316085151 1520.420665851564
1.7309091829658505 121775.497782573 3544.674829227054
1.7309216070411098 125382.85450871034 2892.158126203847
1.7309340294669342 125519.7335685343 5665.625462223298
1.7309464502438723 124396.03310519329 3811.2978207792494
1.730958869372474 124757.61438145656 1726.618681865409
1.7309712868532878 124835.01417877965 3340.218193133664
1.7309837026868635 127280.72204803492 1958.945286691829
1.7309961168737518 123770.50740309875 1538.5160644923578
1.7310085294145017 125231.52663786331 1286.7052260280059
1.7310209403096641 121824.09009579633 1023.954439349428
1.731033349559789 123143.38307107781 885.8658172948393
1.7310457571654276 123512.09059864903 3089.2043976932646
1.7310581631271305 125518.14488519952 3618.0138844465887
1.7310705674454494 125650.46540464413 2762.2590784028334
1.7310829701209347 127599.77862791947 1383.7455871697282
1.7310953711541393 124730.61647162215 1186.9496195932775
1.7311077705456135 125765.66186403889 3302.3351291815698
1.73112016829591 124793.99863967007 4276.724579591089
1.7311325644055822 125322.24476271501 743.4047461035336
1.7311449588751815 125780.72979542159 4127.406522365304
1.7311573517052603 124676.6233977136 4304.608271227845
1.7311697428963726 124305.4301045641 3778.5134840331643
1.7311821324490708 123313.62887891856 1770.6410252709686
1.7311945203639085 126112.44308332882 3342.000626707295
1.7312069066414393 123541.88270091954 2369.6077657711453
1.7312192912822173 129484.40066451154 842.8851315760751
1.731231674286796 124644.92657001055 1187.6446175569563
1.7312440556557303 125360.95632439088 4953.233759670345
1.731256435389574 126689.57929568773 5269.756628337412
1.7312688134888825 124107.00582780366 4981.7878972753215
1.7312811899542104 124945.89966613073 2973.267645917391
1.7312935647861136 124540.6396302358 2044.653535741035
1.7313059379851465 126239.05382686405 1562.0112558553913
1.7313183095518654 129563.93201457916 2457.652485390373
1.7313306794868257 128030.21457715223 325.04719236403065
1.7313430477905836 124779.37998400019 2085.042690873064
1.7313554144636953 122969.59997885136 3992.2719011305794
1.7313677795067182 127958.93106605682 2644.551513251606
1.7313801429202076 125270.21792658757 2062.164825524547
1.7313925047047214 126523.25551932129 3706.8663045659246
1.7314048648608165 126195.029640701 1730.61945582642
1.7314172233890508 127621.36130337005 1178.9385088230238
1.731429580289982 127200.56974716579 1898.2704712014804
1.7314419355641664 125629.53963897067 1230.1954770223895
1.7314542892121638 127668.31209937866 2335.980685566101
1.7314666412345316 129348.95094677652 1740.0509106067796
1.7314789916318287 126501.10210414058 88.95247992589576
1.731491340404614 126941.25577304758 1513.9230818994208
1.7315036875534455 123182.67661363295 1904.031050093657
1.7315160330788841 122839.47638974515 811.1878697137159
1.7315283769814878 125625.85975455897 2661.3027617323387
1.7315407192618169 128546.78479019256 1384.65089427809
1.7315530599204307 nan nan
1.7315653989578903 nan nan
1.731577736374755 nan nan
1.7315900721715856 128012.96581321546 2246.268310546875
1.7316024063489435 127153.37928171337 2250.785400390625
1.7316147389073886 127967.04441150624 2232.819091796875
1.731627069847483 126777.24003493472 2232.541259765625
1.731639399169788 126892.04528852736 2189.964599609375
1.7316517268748643 129410.13813775033 2230.940185546875
1.7316640529632754 125917.08767717525 2213.238037109375
1.7316763774355821 126742.92146639088 2252.060546875
1.7316887002923473 128072.80691015637 2258.906494140625
1.7317010215341337 124448.48483995233 2229.663818359375
1.7317133411615033 126565.5541608921 2230.1318359375
1.7317256591750196 125402.19480566753 2201.970458984375
1.7317379755752458 128351.65247177317 2252.177978515625
1.7317502903627455 128952.583570466 2273.264404296875
1.731762603538082 130039.20058744411 2323.552978515625
1.7317749151018191 131209.46159408242 2322.96142578125
1.7317872250545223 129776.0779469431 2305.414306640625
1.7317995333967542 126056.33473094016 2250.411376953125
1.7318118401290796 127537.04135337191 2241.15234375
1.7318241452520644 131556.86529697443 2260.127197265625
1.7318364487662723 128565.2832574612 2231.60888671875
1.7318487506722688 128226.24401055016 2235.09765625
1.7318610509706205 127585.16231140407 2258.646728515625
1.7318733496618912 127705.13148811291 2235.8828125
1.7318856467466481 129025.31908693991 2265.404052734375
1.7318979422254575 126184.86811239106 2289.925048828125
1.731910236098885 127900.82316125168 2347.134521484375
1.7319225283674973 127887.58440746675 2370.131103515625
1.7319348190318613 131429.2539642693 2434.421875
1.7319471080925442 128019.35992384423 2508.426513671875
1.731959395550113 127359.57080910806 2661.321533203125
1.7319716814051351 133073.29773467884 2943.875244140625
1.7319839656581784 131574.43438725284 3400.815673828125
1.7319962483098106 131491.46789453094 4096.8466796875
1.7320085293605998 139234.68495104232 5236.0068359375
1.7320208088111144 138094.21695264307 5862.0263671875
1.7320330866619233 121986.17844131823 5399.77880859375
1.7320453629135946 129049.38775303183 4508.8701171875
1.7320576375666985 125826.26069637206 3709.685302734375
1.7320699106218027 126616.17445237542 3175.74755859375
1.7320821820794776 126464.97160754958 2844.721923828125
1.732094451940293 125093.6338501824 2610.828857421875
1.7321067202048186 123635.33090158681 2475.37548828125
1.7321189868736244 122202.81610362361 2334.33544921875
1.7321312519472802 125526.6466838535 2248.02197265625
1.7321435154263578 128154.13359162136 2233.1298828125
1.7321557773114276 124869.16183425277 2171.65234375
1.7321680376030604 122990.65306652276 2205.570068359375
1.7321802963018278 127235.90359831267 2204.45703125
1.7321925534083007 122680.49513959457 2154.234619140625
1.7322048089230502 121391.0231970156 2149.10791015625
1.7322170628466502 125395.728014107 2152.67724609375
1.7322293151796715 126190.10599058853 2152.463623046875
1.7322415659226864 127471.0095631724 2177.60595703125
1.7322538150762674 125408.21714634929 2162.6337890625
1.7322660626409883 125105.78762214787 2168.21875
1.7322783086174218 124918.27394976738 2187.2119140625
1.7322905530061408 125891.43166033918 2250.259765625
1.7323027958077186 126385.20110694444 2337.93115234375
1.7323150370227294 126048.89482158652 2453.70068359375
1.732327276651747 123957.69930152729 2639.77490234375
1.732339514695345 131158.093313158 2965.65185546875
1.7323517511540987 128462.24755899793 3456.87109375
1.732363986028582 130401.07757378113 4491.62255859375
1.7323762193193695 136181.0346812963 6139.517578125
1.7323884510270373 123931.66904096921 8049.96337890625
1.73240068115216 114804.12820756123 7751.52001953125
1.7324129096953134 121854.9419741614 5557.0234375
1.7324251366570727 119712.89682663174 4049.864013671875
1.7324373620380142 122875.87241239796 3259.512939453125
1.732449585838714 123896.3577775972 2761.481201171875
1.7324618080597483 123287.10836445032 2521.820068359375
1.7324740287016938 124325.02388534643 2370.46240234375
1.732486247765128 122558.0350872351 2250.038818359375
1.7324984652506272 121676.1382967629 2138.670654296875
1.7325106811587678 122867.70007622486 2112.95068359375
1.7325228954901288 123304.32088322264 2084.5224609375
1.732535108245288 120831.64551290186 2046.2958984375
1.7325473194248227 119742.36556251388 2021.9451904296875
1.7325595290293112 121624.28659612992 2020.6107177734375
1.7325717370593314 121043.13825873128 1998.353759765625
1.7325839435154629 121290.74556270591 1970.5426025390625
1.7325961483982835 120851.67230723971 1979.2220458984375
1.7326083517083728 123182.92105148903 1970.76318359375
1.7326205534463104 122780.3003540416 1959.110107421875
1.7326327536126755 121764.73850347291 1944.06494140625
1.7326449522080478 121061.62156544217 1959.669921875
1.732657149233007 122650.00451911747 1966.6484375
1.7326693446881334 118490.14697847552 1977.8927001953125
1.7326815385740075 119214.17331926632 1995.8193359375
1.7326937308912105 119631.08102972794 2003.071044921875
1.7327059216403222 121264.04307373585 1997.9488525390625
1.7327181108219247 123012.67171231855 1964.6649169921875
1.7327302984365984 119296.77249857121 1910.3265380859375
1.732742484484925 120145.72708844747 1880.875244140625
1.7327546689674866 120661.13211623613 1892.4910888671875
1.7327668518848653 122539.32369631145 1897.774658203125
1.7327790332376423 122160.78327987212 1900.8134765625
1.7327912130264012 120170.2729650608 1869.9927978515625
1.732803391251724 120173.72172070514 1876.944091796875
1.7328155679141937 115979.12053272127 1846.895263671875
1.7328277430143932 119220.43023862751 1855.6923828125
1.732839916552906 116855.6853081671 1865.298828125
1.732852088530316 121067.48975375161 1879.9312744140625
1.732864258947206 120139.68254044095 1859.2264404296875
1.7328764278041606 120879.35501198095 1849.3603515625
1.7328885951017639 119991.48067095687 1854.081787109375
1.7329007608405997 120011.86232572565 1865.4412841796875
1.7329129250212545 121065.90943413183 1866.0819091796875
1.7329250876443116 119686.1260756821 1853.4359130859375
1.732937248710356 119042.05395361639 1838.5067138671875
1.7329494082199732 118269.11779014012 1856.8592529296875
1.732961566173749 121591.56061632719 1899.56201171875
1.7329737225722694 119374.68526010135 1855.2220458984375
1.7329858774161202 119892.41976259126 1857.724609375
1.7329980307058876 119839.70894823286 1874.1383056640625
1.7330101824421573 120275.46964957615 1924.37109375
1.7330223326255167 120013.71790380207 2113.830322265625
1.7330344812565532 120116.54640594425 2530.96630859375
1.7330466283358523 119493.29946922844 2753.93994140625
1.733058773864003 119540.58551904705 2863.415771484375
1.7330709178415917 122270.47843787888 2954.789306640625
1.7330830602692069 120746.71557689921 3149.64013671875
1.7330952011474359 118842.96722090048 3101.82470703125
1.7331073404768675 122750.482428263 3003.889404296875
1.7331194782580897 122116.90508376641 2870.361083984375
1.7331316144916915 124346.25085546297 2711.341796875
1.7331437491782615 118599.66850739822 2391.47802734375
1.733155882318389 120391.80125871854 2049.798095703125
1.7331680139126635 120301.18807285374 1868.9176025390625
1.733180143961674 117641.51045190699 1816.625
1.7331922724660107 119029.4226085881 1824.7664794921875
1.7332043994262634 120437.08492563988 1799.33984375
1.7332165248430227 120009.37640518857 1804.014404296875
1.733228648716879 121786.6111988064 1829.62109375
1.7332407710484221 120587.7551646461 1809.8323974609375
1.7332528918382435 121932.44451286136 1819.0528564453125
1.733265011086934 119276.56627773665 1804.22900390625
1.733277128795086 121081.17441858449 1796.5084228515625
1.7332892449632904 119032.58113461679 1787.364990234375
1.7333013595921387 121315.40667464532 1821.3370361328125
1.733313472682223 122389.26398236597 1809.224853515625
1.7333255842341357 120657.30895531943 1823.55078125
1.733337694248469 122742.57563490064 1834.8975830078125
1.7333498027258163 123558.10230343993 1844.962890625
1.7333619096667692 121265.94786405581 1794.69091796875
1.7333740150719221 121231.66429165992 1827.1068115234375
1.7333861189418676 118857.63022884275 1809.0546875
1.7333982212772 120839.51795664622 1817.0699462890625
1.733410322078512 121040.35470138537 1766.9853515625
1.7334224213463985 120345.40596726596 1750.50830078125
1.7334345190814535 121030.96427070345 1755.065185546875
1.7334466152842711 121898.36396399775 1771.4619140625
1.7334587099554464 122793.8424613124 1789.3074951171875
1.7334708030955746 119033.98480363814 1745.8377685546875
1.7334828947052499 119542.77101947636 1768.82568359375
1.7334949847850685 120646.71733843297 1749.6988525390625
1.733507073335626 119564.67043817113 1757.05078125
1.7335191603575166 123734.18590447442 1772.688232421875
1.7335312458513386 121835.27251579719 1768.8084716796875
1.7335433298176874 123798.63487226103 1755.04443359375
1.7335554122571588 122422.89927510422 1750.8521728515625
1.7335674931703502 125652.71049504836 1766.52587890625
1.7335795725578589 120680.42055400154 1728.746337890625
1.7335916504202804 122981.71966444424 1751.851806640625
1.7336037267582138 121788.41437262857 1746.8314208984375
1.7336158015722558 123707.85074961885 1741.2999267578125
1.733627874863004 121559.13654074601 1732.215576171875
1.7336399466310572 123138.88737971355 1728.494140625
1.7336520168770133 123350.11214448787 1731.3388671875
1.733664085601471 123175.32536331465 1734.1788330078125
1.7336761528050284 121474.19788110265 1726.706787109375
1.7336882184882851 122001.8887757207 1721.5133056640625
1.73370028265184 124647.14308503823 1715.8341064453125
1.7337123452962921 123030.94804402502 1741.4228515625
1.7337244064222417 125144.9624966178 1750.4393310546875
1.7337364660302876 126139.70002747103 1741.416748046875
1.7337485241210309 123519.527094124 1729.6630859375
1.7337605806950713 124153.97352510202 1739.713134765625
1.7337726357530094 121412.44657108285 1722.0279541015625
1.733784689295446 122212.24079712312 1728.768310546875
1.733796741322982 124097.6229900288 1745.4229736328125
1.7338087918362188 122632.90821152124 1751.9378662109375
1.7338208408357567 125118.80404150896 1755.6982421875
1.7338328883221992 123730.8454029621 1749.842041015625
1.7338449342961464 124195.84647551838 1777.83984375
1.733856978758201 123612.9984441217 1783.55517578125
1.7338690217089654 123205.27778628682 1811.7691650390625
1.7338810631490413 122105.74754675507 1799.8782958984375
1.7338931030790328 125967.33757270491 1786.7236328125
1.7339051414995414 122389.30972141461 1762.2144775390625
1.733917178411172 123051.92114315521 1747.82373046875
1.7339292138145264 124913.13332639869 1734.86474609375
1.7339412477102087 123882.97943492833 1720.43212890625
1.7339532800988229 123630.30181905458 1690.6004638671875
1.7339653109809732 124924.49958938546 1692.8551025390625
1.7339773403572634 123538.4541987216 1674.6556396484375
1.7339893682282983 123553.44964610485 1670.8990478515625
1.7340013945946824 123091.78949622011 1700.025634765625
1.7340134194570211 123634.57350305344 1713.820556640625
1.7340254428159187 126062.31553566616 1745.09228515625
1.734037464671982 122457.58300735649 1743.0723876953125
1.7340494850258155 125008.87538101836 1747.807861328125
1.7340615038780256 126361.31713338915 1759.376953125
1.7340735212292178 124777.00895980775 1746.67626953125
1.734085537079999 122974.13198468096 1711.778564453125
1.7340975514309753 122870.25686271733 1712.80908203125
1.7341095642827533 125823.42832654234 1713.6767578125
1.7341215756359407 124437.084835999 1704.7750244140625
1.7341335854911435 124839.51358699735 1671.2637939453125
1.7341455938489705 124960.88709160799 1675.7109375
1.7341576007100286 126050.55639471918 1693.894775390625
1.734169606074925 124917.90624850278 1696.13623046875
1.7341816099442697 122390.77931382915 1692.208740234375
1.7341936123186683 125417.78695681079 1682.066650390625
1.734205613198732 123554.27956431881 1656.12255859375
1.734217612585068 125026.69397943407 1671.7841796875
1.734229610478285 125654.01005837915 1679.2479248046875
1.7342416068789939 125737.2925903008 1681.409912109375
1.7342536017878023 126753.36645783077 1678.4957275390625
1.73426559520532 127656.41449502975 1679.8270263671875
1.734277587132158 122260.35521582083 1636.9014892578125
1.7342895775689262 120945.08733024534 1665.0692138671875
1.7343015665162338 125522.07004403415 1690.6541748046875
1.7343135539746926 124978.92044240102 1701.081298828125
1.7343255399449127 122987.55621039921 1732.8428955078125
1.7343375244275048 123249.90715651425 1744.8265380859375
1.7343495074230808 123059.98238787965 1711.8426513671875
1.7343614889322512 122657.83669023687 1683.2239990234375
1.734373468955629 124072.90935208493 1690.7364501953125
1.7343854474938247 124844.798996693 1678.8031005859375
