igrins/spectra/qs_vir_H_20190318.ecsv
# %ECSV 0.9
# ---
# datatype:
# - {name: WAVELENGTH, unit: um, datatype: float64}
# - {name: FLUX, datatype: float64}
# - {name: ERROR, datatype: float64}
# schema: astropy-2.0
WAVELENGTH FLUX ERROR
[from data line 2238]
1.4527882357208841 978.4855830003213 543403.099610315
1.4527993947310776 -152774.11562973444 66429.48729613797
1.4528105518911716 222503.2192084848 44135.630476973995
1.4528217072021756 451758.101872304 766.248681119603
1.4528328606650993 371727.1742948489 51603.20543718209
1.452844012280952 -243240.9991136483 274165.425949897
1.4528551620507413 -143939.65523396534 548116.0406407554
1.4528663099754755 -291237.00223572884 134796.56173490945
1.4528774560561617 -336252.7743589606 42416.328903801346
1.4528886002938068 -834084.1300151816 506269.68400759145
1.452899742689417 -114504.8808540432 146529.7163625453
1.4529108832439988 -82721.26767499303 357217.19847601786
1.4529220219585566 -244140.28979150378 253361.74626387728
1.4529331588340955 -289827.754557444 148911.20690008276
1.4529442938716204 -125021.62990617663 305657.52185459173
1.4529554270721343 -1430032.6447808805 1329112.402388592
1.4529665584366414 -102307.18086567635 520181.3853005878
1.4529776879661436 -499109.73314082256 9159.29838629168
1.4529888156616442 -439857.4710887991 4010.3642143627267
1.4529999415241435 -574952.5072577886 421749.5362003271
1.4530110655546444 -259589.51024084905 78210.24241098709
1.4530221877541474 147936.203580111 263712.478286922
1.4530333081236528 -755104.8901433067 488026.87660516286
1.4530444266641598 -434430.63355404057 29870.92191447727
1.453055543376668 714422.5094861411 630946.8690987814
1.4530666582621765 513386.86259752343 292494.92370003666
1.4530777713216834 218263.97588215955 296738.95353425655
1.4530888825561867 -311165.2545086361 268026.298057045
1.4530999919666836 -423673.82954026974 21895.630391618026
1.453111099554171 -787652.6876233015 228829.2739316348
1.4531222053196449 -186528.791032185 215173.82915146198
1.453133309264101 -13138.701205203633 5576.055257349643
1.4531444113885357 87997.55511164143 43088.03461556435
1.4531555116939427 -220522.1822218378 13741.606372740276
1.453166610181317 -107247.16614464157 13246.26978608613
1.4531777068516516 -39423.105542870915 1183.8410562641009
1.4531888017059404 16263.331561826091 336618.5969663828
1.4531998947451763 -105412.84845991877 56954.65217741422
1.4532109859703513 101569.98988119859 116872.47192680459
1.4532220753824574 232523.0537835444 19094.798474056137
1.4532331629824855 -1591.3959418790635 149542.22661962424
1.4532442487714268 -125573.09472185822 7332.89742296001
1.4532553327502717 79673.48561730572 43977.47982760316
1.4532664149200099 210429.56435952435 68642.84291439748
1.4532774952816303 -66501.17031294461 129704.29652123759
1.4532885738361228 -238317.54485996303 59299.424517375635
1.453299650584474 9551.888261876215 133302.21190236261
1.453310725527673 6899.463403840067 63622.958128350234
1.4533217986667069 51521.48281577357 40354.35569965156
1.4533328700025623 -54506.90878129277 55672.052037925816
1.4533439395362244 -224536.38879463883 72153.2783736055
1.4533550072686816 230630.4427340761 10207.708763581106
1.453366073200917 -95946.99533490272 46889.914665828415
1.4533771373339164 63191.49725932898 61602.614556532666
1.4533881996686635 83003.06194769609 29384.476055800027
1.4533992602061423 -34263.46473793975 9753.87868258395
1.4534103189473364 -14177.384330710727 13349.051086338584
1.4534213758932284 94827.52851312797 7323.969548851809
1.4534324310448001 -35130.757554251075 33077.18363991531
1.453443484403034 -11118.446228531417 20970.641362560615
1.4534545359689113 150776.37790009804 2477.529619084871
1.453465585743412 112472.01102355443 32974.9616273313
1.4534766337275173 -99029.5908902277 91616.75487279399
1.4534876799222065 -210878.33347845305 207323.19413132424
1.4534987243284594 -13253.840956243654 19496.14706562474
1.453509766947254 285561.86015298316 73799.8223955909
1.4535208077795696 201906.9866285242 103654.36419670968
1.4535318468263827 32851.18712666929 65670.6371608914
1.4535428840886715 45715.683131263526 54425.64456539952
1.4535539195674128 191429.51046810378 49852.62429186642
1.4535649532635821 84909.30136228591 4174.576520093305
1.4535759851781556 212983.2714628212 33391.44733596275
1.453587015312109 110674.6562174343 1408.4394583196267
1.4535980436664167 99189.53612894002 6412.008359652416
1.453609070242053 4184.092912963654 3353.8827092532188
1.4536200950399913 152840.69592407314 74817.23972841635
1.4536311180612056 179321.65154924404 114806.37471134955
1.453642139306668 136616.94353802814 32915.924379957396
1.4536531587773511 265335.2467333652 2463.6204091526433
1.4536641764742264 301277.37880753976 3562.025164702489
1.4536751923982656 156539.2455243354 3859.576447290285
1.4536862065504392 73081.35814987488 61770.88800732996
1.4536972189317174 7458.297916798566 22627.068300142724
1.4537082295430703 -24893.299111948836 21853.513740272443
1.4537192383854671 -60515.79163431446 38361.263561730884
1.4537302454598762 119311.66726990271 12466.185568607818
1.4537412507672658 61130.973508904644 22544.552187567915
1.4537522543086039 148730.59801283153 49593.5658724331
1.453763256084858 134511.37854692584 29829.10407009262
1.4537742560969944 84509.73355176889 2618.759961425273
1.4537852543459797 167543.37334295126 6500.893136830425
1.4537962508327793 240340.06423465483 22112.644320602456
1.4538072455583588 228109.25134838 8429.8676421879
1.453818238523683 91608.86271312714 55565.945968829015
1.4538292297297162 141524.86821232876 53172.16576037737
1.4538402191774211 124078.81291116559 3349.3761963832944
1.4538512068677625 111995.44608818404 10050.910061853281
1.453862192801702 187266.99174462346 35588.30120902334
1.453873176980203 59937.399608898755 9445.385008137559
1.4538841594042253 71023.1299279588 37470.49367295614
1.4538951400747324 62356.6384947454 7015.120172992204
1.4539061189926834 67668.9868200723 19908.78527476249
1.453917096159039 106852.91182826638 39436.74347261313
1.4539280715747596 97618.60399634723 5899.077201137987
1.4539390452408039 179830.82142495355 21331.137118767117
1.4539500171581305 104759.10298089069 27718.966948951496
1.4539609873276973 91747.89700626316 22785.107028308335
1.453971955750463 209408.07297647855 25942.828819763585
1.4539829224273846 160199.3501809015 18208.321040566192
1.4539938873594185 217347.61285857542 5542.285245337769
1.454004850547521 168290.65677245668 1912.0723117361042
1.4540158119926476 183018.07421139657 793.5342066996773
1.4540267716957538 186544.00100335135 7473.363263963291
1.4540377296577944 153653.74819703802 17023.318557131304
1.4540486858797237 91682.68124874095 20404.73793374792
1.4540596403624952 37631.698773533695 8658.99118988666
1.4540705931070625 167283.62329068378 57442.74322037203
1.4540815441143777 105578.47025314282 49886.53052785816
1.4540924933853934 119091.05233440544 43875.75641590922
1.4541034409210618 129676.77620623389 9730.322113177739
1.4541143867223334 97716.7191020964 23050.35097310082
1.4541253307901585 146525.92219226577 38220.392192714935
1.4541362731254885 182624.06762921342 28973.829741409332
1.4541472137292724 184008.49711129253 5813.52148058145
1.4541581526024594 147400.35282307927 20779.38448870095
1.4541690897459993 124109.06734933064 13199.834163463172
1.4541800251608386 130433.59741401787 13808.700954686943
1.4541909588479265 139306.17393368855 16590.750368983412
1.4542018908082093 151049.9375898568 23169.273396571927
1.454212821042634 142192.23368148477 11939.111076883426
1.454223749552147 180397.47563004596 1516.9216840843105
1.4542346763376934 191832.6762327519 3280.8099057493155
1.4542456014002194 159119.10704862545 8088.485893288024
1.4542565247406682 149722.75545567586 10551.611640527151
1.4542674463599854 152963.64682049726 2677.297397947554
1.4542783662591146 125516.24754708311 9358.405461912815
1.4542892844389987 142927.66265838008 11010.300367368583
1.45430020090058 159616.28327737434 60486.34548462517
1.4543111156448014 163842.13669214243 36199.66015291711
1.4543220286726046 143129.38240527033 4333.605189332284
1.4543329399849299 175775.01841421635 5997.327954806941
1.4543438495827186 166578.31549983862 1416.4477844039413
1.454354757466911 147071.1820799541 11199.030689955689
1.454365663638447 161181.99556381145 14749.133845628636
1.454376568098265 140017.06322752524 21560.281125321522
1.4543874708473046 87954.98837003863 12075.807828646495
1.4543983718865037 206162.03177462379 34041.55024454448
1.4544092712167995 312437.93959307094 188189.88704244257
1.4544201688391296 335926.93461086764 130429.32313916873
1.4544310647544312 207789.56280527954 117377.25073468982
1.4544419589636393 276918.0831963495 196078.3796041456
1.454452851467691 259110.7686668793 17792.303232621416
1.4544637422675202 218492.35067693552 10850.692533611587
1.4544746313640624 198225.1993104886 10223.323049460705
1.4544855187582513 190780.1878227073 7026.027373214696
1.454496404451021 143778.5101154297 1929.4512811011714
1.4545072884433048 160954.23986739764 3321.981203815709
1.4545181707360346 156292.74197151436 2667.015805313267
1.4545290513301432 148785.4860946438 13928.252050051518
1.4545399302265625 142097.0132175019 2380.2780255966295
1.4545508074262232 149199.5417618942 934.0791723164565
1.454561682930056 163702.141607823 121.1215828599286
1.4545725567389918 162089.9325366932 5537.603980392391
1.454583428853959 154162.1138899715 272.0754313278949
1.4545942992758876 148682.7516286401 2137.792757808131
1.4546051680057062 150256.72738290028 5631.368904711252
1.4546160350443431 154166.86705472585 536.3385186240967
1.454626900392726 145846.70126055783 6059.5932412213315
1.454637764051782 149452.9298970643 2573.8538708800997
1.4546486260224372 154410.33404193886 489.47094565728645
1.4546594863056188 152571.24374258687 1855.9373803568249
1.4546703449022516 147874.09500366342 4929.063316598637
1.454681201813261 144776.62039505265 4733.752127898619
1.454692057039572 142456.61604719373 10338.087352408429
1.4547029105821083 140544.05727088987 2383.883614041931
1.4547137624417936 142312.48896010127 8067.658850709623
1.4547246126195514 137225.97975110964 8768.29500040304
1.4547354611163044 142372.62098133695 4059.257567549445
1.454746307932975 145998.06218086457 936.9004966459086
1.4547571530704841 141427.87853758127 9979.015921110838
1.454767996529753 143632.5331938487 1729.978665332661
1.4547788383117033 147282.88849053482 8654.049227829044
1.454789678417254 147093.59811307112 5015.606310665366
1.4548005168473248 139733.66790042014 4278.381248857696
1.4548113536028362 144197.44755171824 1965.2213430966444
1.4548221886847048 136312.7785162672 8769.624626441027
1.4548330220938506 140277.45053728408 1244.2012623440028
1.454843853831191 142359.3084305045 11419.852577533598
1.4548546838976417 144657.04729010304 2205.7232779586557
1.4548655122941208 158494.76363883592 7757.874636607327
1.4548763390215445 149236.25177521634 14430.746510108045
1.4548871640808272 143333.35534891568 5967.274106466756
1.4548979874728853 140232.13535289702 10936.678655556863
1.4549088091986324 131165.78680031816 14131.577085655292
1.454919629258984 145253.4538086808 21167.788463814104
1.4549304476548521 137286.16226745408 213.40625541931922
1.4549412643871515 136662.296493301 7350.658470289333
1.4549520794567938 153491.1661285307 8260.26682675583
1.454962892864692 156202.3913259168 6916.2417238253
1.4549737046117563 145354.2182364431 14336.774701873908
1.454984514698899 144307.41772348835 7651.146955950735
1.4549953231270303 154404.88231417286 2591.1015938692904
1.4550061298970607 157604.66029752768 3979.0052755433626
1.4550169350098994 149069.36444916614 6548.889341537375
1.4550277384664563 147805.38436264318 21457.528484285376
1.4550385402676391 148035.93188863047 374.8420085889382
1.4550493404143559 143972.341503431 335.12138860685974
1.4550601389075153 145540.66190287835 10724.472924717862
1.4550709357480232 146978.63255500363 2325.6921710794154
1.455081730936788 157570.25335081306 132.82257471775304
1.4550925244747146 158581.5572931383 6719.049124062047
1.4551033163627085 152891.46429072323 123.00134869982149
1.455114106601675 150109.72211035967 10693.207104792178
1.455124895192519 150706.98996178774 8397.552551649489
1.4551356821361447 145637.0285510459 9539.35137430136
1.4551464674334562 160680.9241402931 6076.667207361249
1.4551572510853543 136541.06128795937 7222.021074010495
1.4551680330927448 134205.5746799731 10.570060167899847
1.4551788134565273 153596.28240102043 28979.32226971412
1.4551895921776052 162238.42821579427 22700.226971893375
1.4552003692568787 151787.93253747467 7973.981459513732
1.455211144695248 176521.9204952348 87003.97285079306
1.4552219184936144 153370.67041753905 31976.738830185008
1.4552326906528765 162183.98460367165 35980.461962931164
1.4552434611739344 113721.67904202748 292812.9729142455
1.455254230057686 -114130.35389563274 223957.4075559723
1.4552649973050293 -351927.90211682726 899362.1228227137
1.4552757629168622 1028985.8419451936 676723.143044163
1.455286526894082 249228.29103375165 1605329.1446654168
1.4552972892375853 -834688.0199736888 1484175.7505937882
1.4553080499482676 -268862.65898074256 418825.4362532332
1.4553188090270253 423570.68756565865 446532.2983073079
1.4553295664747532 716356.3160067038 289271.7292961826
1.4553403222923456 374644.61638128484 318985.94586569635
1.4553510764806972 -556556.2793024968 1081226.4873071867
1.4553618290407013 1628888.3248273612 2847952.7019442143
1.4553725799732509 -106057.62702259442 75089.17624066545
1.4553833292792384 -869847.7100396692 1122768.1142425656
1.4553940769595561 109095.08366444039 365990.1485246208
1.4554048230150962 823289.643684707 325595.502342426
1.4554155674467495 406394.23180857964 322649.832080082
1.4554263102554061 107360.94194433615 56027.82998354091
1.4554370514419566 126740.48880066244 48923.2931870685
1.4554477910072903 171799.58833178307 57444.40039922637
1.4554585289522963 178228.78605593264 23315.717216673478
1.4554692652778634 173607.60372032723 15091.249384735715
1.45547999998488 151667.8923722818 22221.75162985743
1.4554907330742326 150927.04979549692 19965.14534389824
1.4555014645468094 175592.06993758347 20413.45982698257
1.455512194403497 165132.16948246455 8116.16318415606
1.4555229226451807 161519.3662335536 13827.360402959386
1.4555336492727464 170105.4611906329 1067.786503548627
1.4555443742870797 168533.1167397342 11124.429466767833
1.4555550976890648 161917.81691908566 1899.846855629468
1.4555658194795853 131445.84755203326 1755.7126941182776
1.4555765396595255 140640.24156124712 6455.599820779967
1.4555872582297684 161166.7819759812 1814.937922236188
1.4555979751911958 154065.7608494188 9472.525598657505
1.455608690544691 151722.04442954206 10530.645031962424
1.4556194042911348 151420.15674153788 11978.82362499922
1.4556301164314087 152003.1865557789 6640.724783033879
1.4556408269663927 159315.67117260318 7604.25171582964
1.4556515358969675 162010.36457176323 4715.989056463886
1.4556622432240127 159683.40891096677 9242.608777875646
1.4556729489484064 162814.0444448607 8067.199930041102
1.4556836530710286 160045.0691898917 2792.0632560766694
1.4556943555927564 146261.09435786534 6116.2023722937465
1.4557050565144676 150736.68774973156 903.2250099770325
1.455715755837039 158404.79435421625 6562.357143324132
1.455726453561348 152396.06168771087 1807.0177199273298
1.45573714968827 153962.59696420672 1952.8392396955148
1.4557478442186809 151546.0612178262 4603.360063031286
1.455758537153455 156705.70384184137 4797.49576606691
1.455769228493468 157508.74849104436 7634.8502315224805
1.4557799182395934 154838.66785109427 13610.95439478804
1.4557906063927046 154526.51874108013 992.5798686068155
1.4558012929536752 155362.0272824563 3303.6481958359204
1.4558119779233776 154150.73747640237 5817.148283313438
1.4558226613026832 145676.69349251172 894.0740322810593
1.4558333430924641 162009.74757524475 1122.3969750480296
1.455844023293592 163654.67388038136 1402.3585095718868
1.4558547019069359 162270.52562906887 4447.104414411046
1.4558653789333673 156443.71821049327 5202.446664294941
1.4558760543737554 150997.7213821128 11439.2703096139
1.4558867282289687 150579.72055565007 703.1584816438688
