igrins/spectra/qs_vir_H_20190318_smoothed.ecsv
# %ECSV 1.0
# ---
# datatype:
# - {name: WAVELENGTH, unit: um, datatype: float64}
# - {name: FLUX, datatype: float64}
# - {name: ERROR, datatype: float64}
# schema: astropy-2.0
WAVELENGTH FLUX ERROR
[from data line 3365]
1.4645381117374638 155434.02577536544 1364.2702362318992
1.4645493100682858 154181.20433246234 1118.1504088096972
1.4645605065982947 154119.35344045516 1178.946798321812
1.464571701328392 156361.65479083944 1273.7406469105624
1.4645828942594796 162226.65149387147 2632.392841694083
1.4645940853924582 166689.6708793764 2241.708818362548
1.4646052747282283 166498.18614235657 2692.2620044869104
1.46461646226769 161821.95645387121 1700.9662247261115
1.464627648011743 156587.88048246657 1500.9989606593758
1.4646388319612873 154772.98725959726 639.6840471746943
1.4646500141172212 153712.14419729167 911.3181442598266
1.464661194480443 153723.50789988277 1750.8229191684654
1.4646723730518518 153613.69363963202 2768.427021111127
1.4646835498323452 152083.65662882433 2766.004038125491
1.4646947248228204 151357.97514232903 2172.89572739765
1.4647058980241752 151908.5900882323 1355.382832123572
1.4647170694373053 154452.15678547282 722.6972064149788
1.4647282390631076 155581.0301998618 1016.5568392076307
1.4647394069024777 154462.66905799683 674.9802357281753
1.4647505729563113 153390.59759828073 1480.7809624162974
1.4647617372255042 152979.19572176345 2170.0346810001065
1.4647728997109501 154868.03402123007 3152.6802642168577
1.4647840604135431 154978.17131967482 4360.638607300982
1.4647952193341787 155107.2122935876 4187.519423847914
1.4648063764737496 154358.78326896488 3870.6815936178946
1.4648175318331491 155481.79859199753 2703.4355903993624
1.4648286854132704 155932.5406972554 2215.765916974797
1.4648398372150053 155933.5725179597 1710.7595470411625
1.4648509872392466 154568.37842372071 2145.84786446443
1.4648621354868852 154112.54122976188 2178.663894192298
1.4648732819588133 153698.16311351737 2302.5435165220424
1.4648844266559213 152264.21312432204 1375.3190403416963
1.4648955695790997 152683.02353798508 898.1367214137862
1.4649067107292388 153550.10419067822 1649.9353874573815
1.464917850107228 155637.1539775856 2921.3036140483828
1.4649289877139577 155307.75176571723 3849.088495202083
1.4649401235503159 154689.36953479008 3104.1453353763677
1.4649512576171917 154634.62835095287 1744.3609377456405
1.4649623899154727 155805.72479966347 1161.4100265175023
1.4649735204460477 156440.31717037864 1632.8414694608377
1.4649846492098038 156268.67427933982 4623.755102387033
1.4649957762076278 156406.26902500555 7784.05264915471
1.465006901440406 157355.34033955343 8821.842064946071
1.4650180249090257 157907.8183395505 5619.5320673627675
1.4650291466143726 157398.05897384475 3820.6456144545828
1.4650402665573317 159257.42431127978 4443.833851521045
1.4650513847387887 161423.52358742646 4574.406652074549
1.4650625011596279 161638.06220496295 2821.8872841103266
1.4650736158207338 160712.73280903115 2120.0172760839846
1.4650847287229911 161032.76216860444 7887.106038640239
1.4650958398672824 162648.44350811688 11345.013131121239
1.465106949254491 158067.96269107627 16343.295551896405
1.4651180568855007 145810.9406973096 16476.61321181782
1.465129162761193 130886.78853993869 36388.05013069499
1.465140266882451 133383.97355232947 49982.21070532274
1.465151369250155 215732.43927123526 112070.47111275137
1.4651624698651877 149621.19632913783 162024.01242214395
1.4651735687284286 84196.83324057315 194156.9168751298
1.4651846658407595 -17327.642986224957 197603.87325552467
1.4651957612030597 215818.79749274466 411841.0217925125
1.46520685481621 387639.2061134388 365525.66029609303
1.4652179466810884 404986.0846707666 409107.915601396
1.4652290367985747 148716.60586680102 275206.46744210896
1.4652401251695477 10509.587930088943 309864.86913099285
1.465251211794885 2869.8892462092626 372794.6740997727
1.4652622966754651 -29892.68471163584 290290.187211331
1.4652733798121653 -174325.14306739232 267471.44706731813
1.4652844612058622 -142492.33944889507 119562.6593914813
1.4652955408574326 51313.60109408774 54311.77699216274
1.4653066187677533 203710.99463832253 205076.08851400812
1.4653176949377003 130189.03154434115 196348.90275826945
1.4653287693681478 -99776.49044483618 311245.702041823
1.4653398420599728 -112555.1811757086 188069.33408159978
1.465350913014049 -35508.72166920183 176431.9949014346
1.465361982231251 125229.45556290474 77398.11398230627
1.4653730497124526 157466.9107533524 43816.13949586784
1.4653841154585276 147538.87889924573 35423.76073621512
1.4653951794703493 162438.8224679824 14657.03735792388
1.4654062417487903 170988.49861672515 3051.0517018611536
1.4654173022947234 165606.4311985216 3002.4368034074496
1.4654283611090202 162669.3438048493 2757.2087694407082
1.4654394181925536 159255.96903069247 3430.5813970983436
1.4654504735461928 158312.25985609856 2634.002912618591
1.4654615271708107 155637.01847344567 3367.048291607232
1.4654725790672765 154881.28165570434 3925.96546065812
1.4654836292364608 154996.41879051834 4867.61423985578
1.4654946776792341 156233.5381854151 4026.402241200609
1.4655057243964646 156609.67259736016 2820.4043179609225
1.4655167693890219 156472.60940051268 1917.153087085981
1.4655278126577749 156094.6972837948 2428.26686876419
1.4655388542035914 155440.6840299646 2140.3257387050535
1.4655498940273393 154739.7842161778 2495.922292022685
1.465560932129886 154113.5891939094 1773.7796834767394
1.4655719685120983 153841.6717666679 2622.772207466948
1.4655830031748436 154829.04384140694 1910.6947460992349
1.4655940361189876 156247.51427734765 1750.0165449513668
1.4656050673453964 157460.02894096676 2529.0484018384223
1.465616096854936 157840.88699708198 4230.968384338624
1.4656271246484704 157198.51708579264 4403.729515559901
1.465638150726866 157674.28431502645 2564.271429455837
1.4656491750909861 156740.45972673726 1492.463770689702
1.465660197741695 155315.96130412622 2421.507648393974
1.4656712186798557 152998.85573628702 3662.619003130986
1.4656822379063321 151997.60115879297 2957.8389795683233
1.4656932554219873 153206.7046919609 2438.9948249123736
1.4657042712276827 156026.48814859954 1857.4098704664475
1.465715285324281 157857.38251965365 2646.7988919010468
1.4657262977126444 157518.71535106722 2490.8936755744185
1.4657373083936336 156024.2717235738 2075.97916891573
1.4657483173681094 155573.40795290546 1987.7758767361152
1.4657593246369327 154520.5936013397 2112.340914587562
1.4657703302009633 152969.6624677095 1927.5908468149812
1.465781334061061 152015.19437200154 1189.2280475443058
1.4657923362180856 153357.29393128448 1033.8003221887946
1.4658033366728958 154771.55422058288 1701.2779083776575
1.4658143354263502 154916.80714123155 1799.697240742137
1.465825332479307 153427.5037685503 1232.0199742437208
1.465836327832624 153091.4295246221 932.2996415602657
1.4658473214871588 152899.2766934632 2320.1141925596844
1.4658583134437686 154381.75900295627 2396.6370166194533
1.46586930370331 154947.08990932416 3197.131726001433
1.465880292266639 156092.3393937975 2114.9298851354642
1.465891279134612 157168.63407164215 4088.392519543342
1.4659022643080841 159810.0691572491 4168.77497858593
1.4659132477879107 159580.48878197736 6058.799753958973
1.4659242295749462 157302.3027059876 3825.23111428911
1.4659352096700453 156241.37717533988 3417.1550678315
1.465946188074062 160557.8319103534 1888.8524485852038
1.4659571647878502 163352.4050390902 4627.068254438023
1.4659681398122626 162717.64836970525 6784.951909389795
1.465979113148152 161974.16422484597 6026.541996865209
1.4659900847963714 172325.7184864573 3705.2911834668207
1.4660010547577724 180750.4626321326 7917.32374528115
1.466012023033207 185537.89447351563 29583.87033010299
1.4660229896235264 116001.6105904966 71202.4954233344
1.4660339545295815 45534.47443869115 93909.39371692104
1.4660449177522223 -14612.716053839873 78875.2521224554
1.4660558792922995 18707.66508258214 69931.93526597926
1.4660668391506635 69205.6966300032 52152.6698965638
1.4660777973281622 113537.69687781384 49988.10838022104
1.466088753825646 139292.8189630824 18135.928576182752
1.4660997086439624 151162.0013697533 7810.752758767994
1.4661106617839608 157393.4451918493 4471.524598365022
1.4661216132464874 155774.62042589893 6148.318708040839
1.4661325630323916 157772.06794251612 5995.915571697032
1.4661435111425185 162038.05934282404 5586.09284047701
1.4661544575777163 164536.00517099717 3660.5070825454864
1.4661654023388306 162949.38817734242 3208.0230846156587
1.4661763454267076 161955.23567199745 2351.3540207701653
1.4661872868421928 161253.71836620104 3255.5745676396045
1.4661982265861313 160420.44303288602 3814.60249500622
1.4662091646593673 159078.1444107844 3922.8754244609377
1.466220101062746 158596.40247039872 2452.952224230749
1.4662310357971118 158731.30073322955 1733.7089163637208
1.4662419688633066 159019.10113654152 3010.8859351540777
1.466252900262175 158640.21149166903 3618.211543068496
1.4662638299945596 158830.43051262325 4272.389197040879
1.4662747580613025 159762.94622321482 3210.304515546133
1.4662856844632457 161035.58745496784 2489.5377078191786
1.466296609201232 161406.40517751794 3315.673337647975
1.466307532276101 160928.6742769855 4914.070494791262
1.4663184536886946 160269.0143898152 5330.787734610934
1.466329373439854 160127.82107011983 2818.9211417339266
1.4663402915304178 161340.23426554957 2034.4929708454429
1.4663512079612266 163234.43962109735 1916.5679334150796
1.4663621227331198 164644.09302544745 5497.464740259229
1.4663730358469367 163874.81327919805 5869.679837458444
1.4663839473035143 154771.39395550708 9036.293258842386
1.4663948571036935 138153.1764016473 12325.087065234715
1.4664057652483098 129846.91884035853 57441.74963731795
1.4664166717382023 151003.13574886392 154775.86994622985
1.466427576574206 139330.03644228927 193386.40492854026
1.4664384797571597 122263.00870865125 189676.93550143516
1.466449381287899 97513.93527824029 103570.83116904773
1.4664602811672593 127249.3421152451 64200.62496577482
1.466471179396077 149416.20703982317 34155.35719183435
1.4664820759751864 165324.734775367 26705.712333166666
1.4664929709054224 162807.61777619566 29570.30227751485
1.46650386418762 166368.98843338498 19026.47841936403
1.4665147558226124 165643.18470972846 14865.455497972562
1.4665256458112332 169018.31391333224 6270.095227354142
1.466536534154317 170125.23585723038 5943.672281611927
1.4665474208526954 166529.46097661607 2616.8683238207796
1.4665583059072007 163071.96038724174 3037.8672412182414
1.4665691893186659 161942.40533335396 1865.4775855585094
1.4665800710879218 162395.14697642144 1921.737862608902
1.4665909512158002 162314.4237602517 2059.5136722974817
1.466601829703132 162220.61941670172 1319.8165295617791
1.466612706550747 161274.77907140605 1620.8879405872167
1.4666235817594766 164782.3214529606 4310.572453834839
1.4666344553301491 170529.16723275665 26847.266615325152
1.4666453272635955 185887.0627874251 52700.491040660345
1.4666561975606438 216864.66959358356 60959.83937161968
1.4666670662221226 244247.50608209585 72850.28166804503
1.4666779332488604 251218.03289598343 95438.83523976334
1.4666887986416846 220801.59715425308 93475.61802614883
1.4666996624014235 172521.44561829173 69906.35061603143
1.4667105245289032 144871.80402166888 22498.806765249472
1.466721385024951 143931.98696819908 14429.396760266196
1.466732243890393 161871.97907483255 6141.371668511885
1.4667431011260552 168902.27523340657 4968.422413813308
1.4667539567327632 165467.58817972802 3274.1386909065604
1.4667648107113416 161551.37353615096 2068.0764713906347
1.4667756630626159 160175.64899312146 3490.306631267392
1.46678651378741 160425.87429634918 4852.951244281358
1.4667973628865483 161076.6201068879 3817.8353614134207
1.466808210360854 161272.52021757825 2388.0237813631684
1.4668190562111505 161087.65001451928 964.7884795689336
1.4668299004382606 157887.06942929653 1710.8450748717628
1.4668407430430064 155163.14524512502 3348.8277496295636
1.4668515840262104 153782.1195772928 3328.6510831910086
1.4668624233886944 155493.14614704743 2805.654687150792
1.4668732611312796 157388.6239186321 2000.132427975081
1.466884097254787 159003.95274870924 3123.365876004371
1.4668949317600364 161404.89996411663 2730.358014546141
1.4669057646478485 162604.7515620804 3224.127154970829
1.4669165959190433 162129.3412459831 2782.1155406438975
1.4669274255744398 159958.95882768452 4387.07748765655
1.4669382536148574 157825.51947074328 3548.069208809968
1.4669490800411136 162095.6223854698 3552.1234906799955
1.466959904854028 166198.93260394502 5920.995129284729
1.4669707280544182 173601.9565124731 9248.053011089081
1.4669815496431007 181309.14632444235 29418.360302981353
1.4669923696208933 187899.7027553789 37388.707853006825
1.467003187988613 242475.21480629366 71809.59651027044
1.4670140047470752 306119.58632066124 70594.79401568449
1.4670248198970963 394081.5617864216 68900.69012253043
1.467035633439492 503091.53900397377 63955.43466965706
1.4670464453750771 281667.9730402469 185135.60423165455
1.467057255704666 191230.9451782165 215049.94395756803
1.4670680644290746 75050.51750336014 220044.91183008198
1.467078871549115 261787.74428833206 170629.61974432273
1.467089677065602 256600.8896970733 261212.03907027375
1.4671004809793484 186545.66746206884 310913.5221366723
1.4671112832911668 150397.58180048515 270634.181058323
1.4671220840018706 149139.2939260152 151364.33120430028
1.4671328831122707 170561.5765532647 66644.23385154655
1.4671436806231795 170897.986643081 23352.985399963367
1.4671544765354083 170055.25819457922 15963.040844839179
1.4671652708497671 166882.73092416377 15963.903442131601
1.4671760635670676 163869.75263807064 8914.955893383758
1.46718685468812 163102.5578690492 6764.4938895688865
1.4671976442137329 160982.11844008177 4569.117705865572
1.4672084321447163 159390.97262895858 3803.1802293673895
1.4672192184818793 158111.9449602709 1769.69690469144
1.4672300032260304 158105.63319914712 1068.578524335781
1.467240786377978 158957.76736587123 1154.2762803944765
1.4672515679385294 160804.8338208584 3723.0727815395953
1.4672623479084925 159862.88579451924 6106.706860177278
1.4672731262886747 156868.02687334962 6149.237702648469
1.4672839030798819 155507.6965364686 6273.494731463828
1.4672946782829204 157315.4782541228 5575.079749164333
1.467305451898597 159195.08420565655 6560.749986678601
1.467316223927716 158511.9083764432 3957.5222552274686
1.4673269943710836 156342.62704452573 1831.6650884026858
1.4673377632295044 156282.78314167948 2998.5605563809268
1.4673485305037821 158072.0208324746 3382.4815215154545
1.4673592961947213 158570.3403368147 4353.729865121404
1.4673700603031254 157446.70914515 2242.2236397202246
1.467380822829798 157265.95896775395 3120.2439047284934
1.4673915837755414 158518.08657206642 2063.6041889237094
1.4674023431411578 158899.19018355606 2540.870607750291
1.46741310092745 157124.16758241103 1000.8886195915776
1.4674238571352196 154948.52636387612 2252.0940914977946
1.4674346117652672 155092.35982511775 1715.63578912818
1.4674453648183943 157663.98257795334 2394.5823520057893
1.4674561162954016 160129.86075197574 1511.2482487260568
1.4674668661970887 162282.56267101387 2806.024291757994
1.4674776145242556 163361.34527975443 3790.2365470450154
1.4674883612777017 165471.2334531283 5297.968879255084
1.467499106458226 166179.3376850949 4463.255946605482
1.4675098500666268 165436.97722624923 6204.630425514357
1.4675205921037027 162909.98587308923 4297.810065216547
1.467531332570251 159806.35379835853 3587.9464701301827
1.46754207146707 157760.35354797606 1288.4494280139047
1.4675528087949565 156852.90162917358 3451.325416816615
1.4675635445547066 157442.411843324 4663.371304537006
1.4675742787471169 157852.3688503017 4057.2180718991876
1.4675850113729836 156834.90121514603 2796.8237057196106
1.4675957424331023 154478.97449613147 1875.4754992252617
1.4676064719282673 152660.88438081864 1821.8951415845163
1.4676171998592742 154357.1410340857 1602.5126763829246
1.4676279262269165 157723.24988088044 2994.8743966636234
1.4676386510319896 160054.61815678875 4860.225501340454
1.467649374275286 159736.83721911925 5753.769999296979
