igrins/spectra/qs_vir_H_20190318_smoothed.ecsv
# %ECSV 1.0
# ---
# datatype:
# - {name: WAVELENGTH, unit: um, datatype: float64}
# - {name: FLUX, datatype: float64}
# - {name: ERROR, datatype: float64}
# schema: astropy-2.0
WAVELENGTH FLUX ERROR
[from data line 5090]
1.4828166528389433 145180.33783247575 1027.730526097707
1.482826989354038 146939.5694942569 1092.640835469036
1.4828373245367075 148209.75709826592 686.0318487466616
1.482847658387597 149954.00606820086 2065.01100770775
1.4828579909073527 149688.46904480562 3163.268108879378
1.482868322096619 149644.25067791145 3052.73023369434
1.4828786519560415 148394.40481407839 1603.0148063799525
1.4828889804862648 147854.5045967024 817.2112840820901
1.4828993076879324 147127.3716772882 575.1019992519932
1.4829096335616903 146360.11665934365 929.9210927213114
1.4829199581081807 144019.30063470107 1808.3828992992637
1.4829302813280474 144275.3264231533 2771.6438292909706
1.4829406032219334 145444.39176062777 3305.3383174517376
1.4829509237904828 147246.1497195515 3482.6021587201035
1.4829612430343375 147625.43444111507 3012.1878843054983
1.4829715609541398 148708.02325681437 2049.526704945211
1.4829818775505321 148242.85852969615 1474.7336516641699
1.4829921928241552 149258.74341034342 1162.2963152360883
1.4830025067756514 149404.6374436983 1592.2121792123316
1.4830128194056627 152166.2064908076 942.5211378240408
1.4830231307148285 153814.8702739791 966.1221700076567
1.4830334407037908 153334.3818119209 962.327729558616
1.4830437493731887 153365.512889915 1044.9988304221552
1.4830540567236634 154154.4944468647 1551.5390246896604
1.483064362755854 156854.7792501525 1262.6419743782924
1.4830746674703996 156759.24910089394 2878.545131296365
1.4830849708679406 154670.34993243834 4217.949635293952
1.4830952729491151 150076.05510178817 15956.434629273901
1.4831055737145622 148845.59503838135 17749.425728018115
1.4831158731649192 150860.0785087184 20446.529965692913
1.4831261713008257 153500.0789189185 9516.897176103854
1.4831364681229187 153321.65345930535 8957.699706560716
1.4831467636318354 149912.33123429242 6724.062052704841
1.4831570578282134 148328.0302282978 7340.212533592536
1.4831673507126892 147868.26274043016 4186.269677967894
1.4831776422859002 148546.00126804103 1720.52154340048
1.4831879325484818 149237.58206508384 1833.0412230588472
1.4831982215010704 149694.899192154 2141.5467436048684
1.4832085091443017 150147.94351919214 3156.2950956596674
1.4832187954788119 151265.8880922262 3104.3811261439287
1.4832290805052348 154137.94564505026 3597.2694595198
1.4832393642242065 154429.95491131576 2701.3868746911153
1.4832496466363612 154381.9998710994 2513.095125245029
1.4832599277423326 151991.24451653444 3505.2806195422545
1.483270207542756 149956.46142651362 5406.815128778091
1.483280486038264 147123.5304692278 4010.638702794246
1.4832907632294905 146823.1456240223 2442.2079446254306
1.4833010391170691 149583.80899324885 1536.3336358904953
1.4833113137016316 149487.7027561296 3184.2933349037444
1.483321586983812 148222.69208469754 4208.647686170303
1.483331858964241 147539.27084885037 3139.344321234701
1.4833421296435518 149490.92989633646 2039.8864959118298
1.4833523990223758 150475.49471902463 1290.2729039398682
1.4833626671013445 150259.92004380384 2228.1166000622407
1.4833729338810882 148874.59872452027 1902.0731389721104
1.4833831993622395 148261.93590906955 2274.1865378800885
1.4833934635454278 145148.54211198556 1410.5269988598889
1.4834037264312834 145605.7668937749 2285.694876282715
1.4834139880204362 148367.50357297037 2355.1702353814344
1.4834242483135165 153417.21275772172 2493.867572296089
1.4834345073111534 154797.26590272356 1814.413798698181
1.4834447650139766 153461.14086514333 2762.229036864901
1.4834550214226134 152059.24147550936 4089.251958945386
1.4834652765376943 152513.95077376644 5072.069139471284
1.4834755303598466 151108.78905790244 3271.7733891020844
1.4834857828896977 151180.4865711651 2443.7138829589503
1.4834960341278765 151488.09434418322 2333.190635990407
1.4835062840750093 153755.36486337247 4006.4706769713825
1.4835165327317243 154569.53159164492 4296.031490102541
1.4835267800986474 153788.81877331855 2959.7614546450977
1.4835370261764058 152760.29869231308 1581.9728728723026
1.4835472709656254 150697.29618905787 1609.7914898441668
1.4835575144669322 148336.96991217206 4806.491160365371
1.4835677566809526 147603.50959924603 4971.223649711068
1.483577997608311 148949.71892096003 4110.288831040525
1.4835882372496332 152159.9848937532 1551.430739903492
1.4835984756055434 152964.62435102585 1527.6270356775287
1.4836087126766664 151626.9897654361 2162.9351775691885
1.4836189484636262 150424.79698187613 2299.257671101893
1.4836291829670478 150114.8577709953 3367.640631907194
1.4836394161875537 151653.72401397786 3064.41993830532
1.483649648125768 152145.75899891427 3340.4626163257167
1.4836598787823132 150756.74464288156 2085.844118092299
1.4836701081578128 149235.8148625749 2684.667571059133
1.4836803362528885 148781.63008914108 2387.8116803623006
1.4836905630681638 150142.69321074086 3097.890275591519
1.4837007886042595 152140.9607329581 3195.3566549862176
1.4837110128617972 152789.43809827266 3017.337461095228
1.483721235841399 153300.94545809485 2293.538162302312
1.4837314575436853 151558.23170932158 1521.6001880213805
1.4837416779692776 151042.1062642244 2175.9929276226258
1.4837518971187962 150280.98524124923 1817.293326990826
1.4837621149928606 150786.4916760872 1511.1653885731346
1.4837723315920917 151160.6482380311 1014.0596398090164
1.4837825469171089 151079.13114771305 1841.7487900046228
1.4837927609685313 150819.25413008878 3011.9826147864314
1.483802973746978 149893.46812811418 3346.902834088078
1.4838131852530683 150284.46373666686 4202.526394222
1.4838233954874196 nan nan
1.483833604450651 150645.14977656901 3680.73291015625
1.4838438121433803 151591.46678263287 3690.876831054687
1.483854018566225 151106.49267507944 3716.965413411458
1.483864223719803 151204.3895605619 3809.2003580729165
1.48387442760473 152008.59364867493 4013.8002115885415
1.4838846302216242 153789.88096362865 4343.776774088541
1.4838948315711011 154855.4694512825 4671.680501302083
1.4839050316537779 152610.21941766297 4746.097330729166
1.4839152304702692 149791.17360761645 4524.461263020833
1.4839254280211913 148743.43376027205 4175.666748046875
1.48393562430716 151859.36480409914 3929.5919596354165
1.483945819328789 153104.3241537895 3804.713948567708
1.4839560130866953 152976.65332311916 3754.201497395833
1.4839662055814913 150959.8091534447 3754.426920572916
1.483976396813792 151498.11396532028 3809.455647786458
1.4839865867842112 152544.0834220041 3874.3625488281245
1.4839967754933618 153254.53018808182 3894.075276692708
1.4840069629418586 153426.631933265 3855.543538411458
1.484017149130314 152313.2583781898 3778.9620768229165
1.48402733405934 150285.74811841125 3704.453938802083
1.48403751772955 148614.2598975616 3670.7485351562495
1.4840477001415557 150202.16228732633 3679.3080240885415
1.4840578812959686 152328.80791866095 3729.101888020833
1.4840680611934012 153594.84340461445 3807.092854817708
1.4840782398344645 154081.81205320766 3920.328938802083
1.4840884172197695 156894.60978115816 4123.074381510416
1.4840985933499267 160405.07927936956 4494.431722005208
1.4841087682255463 159449.64150410914 5156.698893229166
1.4841189418472391 156664.10087638398 6089.62109375
1.4841291142156148 154716.0190426182 6841.057617187499
1.4841392853312827 153385.41024577912 6880.309244791666
1.4841494551948524 152088.4016872715 6224.922526041666
1.4841596238069328 151108.91929054097 5367.841796875
1.4841697911681317 151465.43273691446 4770.012532552083
1.4841799572790593 151936.3023230308 4428.94482421875
1.4841901221403229 153318.08029981935 4221.914794921875
1.4842002857525296 155554.839268137 4097.873291015625
1.4842104481162883 158306.33567699534 4026.3881022135415
1.4842206092322054 158405.50067787527 3995.296712239583
1.4842307691008885 157167.87186039262 4004.145589192708
1.4842409277229434 155478.83824654674 4041.2746582031245
1.4842510850989779 155419.7682124107 4106.417887369791
1.4842612412295957 155066.15314908343 4219.676106770833
1.4842713961154055 154328.16638928564 4409.02197265625
1.484281549757011 152783.8576823659 4662.623860677083
1.4842917021550182 155362.19467875586 5039.19970703125
1.4843018533100318 158575.6722471827 5587.62353515625
1.484312003222657 163419.1088642146 6604.716145833332
1.484322151893497 166994.93856116626 8523.464192708332
1.4843322993231571 172571.85122567933 12431.494140625
1.4843424455122416 174370.11789974233 21153.266927083332
1.4843525904613522 167576.78724600226 43125.04817708333
1.484362734171093 158911.60107018286 76647.43229166666
1.4843728766420672 133572.13420414602 111214.65624999999
1.4843830178748774 102542.87590164621 123291.73697916666
1.4843931578701262 85295.40393584495 103553.05729166666
1.4844032966284153 100222.20002568836 67866.63802083333
1.4844134341503468 136114.23713151453 36210.78645833333
1.4844235704365218 157345.82545695736 20703.9736328125
1.4844337054875416 162941.91571561014 13915.149739583332
1.4844438393040083 161249.33995313814 10908.986653645832
1.4844539718865208 161217.8607770471 9919.450846354166
1.48446410323568 164314.04012781678 10260.45703125
1.4844742333520873 164810.2280394021 12238.288411458332
1.4844843622363404 165175.5844764316 17519.265299479164
1.4844944898890409 157069.84283425647 29807.480143229164
1.4845046163107862 150765.17856384837 48733.12434895833
1.4845147415021764 128317.69846279176 55108.029947916664
1.4845248654638106 117987.09173525091 46087.896484375
1.4845349881962853 115985.86501571492 25935.388020833332
1.4845451097001998 134018.9806413595 13568.066894531248
1.484555229976152 148600.6735562344 8484.636393229166
1.4845653490247388 156188.53604743618 6295.668782552083
1.4845754668465576 158116.53376730188 5259.595377604166
1.484585583442206 159328.44161086695 4713.839029947916
1.4845956988122797 157748.16481604197 4390.76953125
1.4846058129573758 157398.91446950016 4190.361328125
1.4846159258780898 155804.07775435323 4090.880940755208
1.4846260375750175 156368.00988062262 4110.544352213541
1.4846361480487544 154464.82581148675 4206.936767578125
1.484646257299896 153121.1234661013 4327.310872395833
1.4846563653290372 152974.6695151333 4447.074869791666
1.4846664721367724 155622.49089728517 4609.75732421875
1.4846765777236963 159565.28749358404 4912.441569010416
1.4846866820904019 162061.74838737905 5573.957356770833
1.4846967852374842 164110.66909496722 6795.585611979166
1.4847068871655358 164876.16656982954 8310.411946614582
1.484716987875151 160112.64891656337 8903.225260416666
1.4847270873669214 155798.63262964337 8138.673339843749
1.4847371856414404 152988.83270636635 6494.195963541666
1.4847472826993 155348.98115632753 5120.263183593749
1.4847573785410921 157031.5685355943 4331.655843098958
1.4847674731674088 157092.55732297304 3912.741780598958
1.484777566578841 156651.08998280705 3711.766845703125
1.4847876587759812 156076.01956375697 3628.712809244791
1.4847977497594185 156414.02791676193 3622.9560546874995
1.4848078395297448 158570.80686781477 3688.7506510416665
1.48481792808755 159639.52762910418 3797.590413411458
1.484828015433424 159393.3560480592 3912.9640299479165
1.4848381015679564 156334.6183084832 3950.2666015625
1.4848481864917373 154441.13205728086 3871.481526692708
1.4848582702053548 154300.7688164058 3695.763509114583
1.4848683527093987 155660.56391332665 3512.086832682291
1.4848784340044574 156219.3920022777 3374.990152994791
1.4848885140911185 155033.5023707361 3284.960205078125
1.4848985929699714 153364.101666981 3221.599934895833
1.4849086706416024 153715.55685808978 3178.0255533854165
1.4849187471065997 153345.73837398403 3137.558512369791
1.4849288223655506 152578.67895127926 3110.5333658854165
1.484938896419041 151290.13010682823 3091.460042317708
1.4849489692676583 151547.08058291615 3097.0572916666665
1.4849590409119886 152061.32081121177 3132.6322428385415
1.4849691113526176 151943.54427094528 3135.339436848958
1.4849791805901313 152326.3776854393 3118.185791015625
1.4849892486251153 153231.31846055767 3076.131754557291
1.4849993154581544 153032.87490686387 3070.3715006510415
1.4850093810898333 152913.891271247 3065.3363444010415
1.4850194455207368 153417.75521128313 3067.254638671875
1.4850295087514496 154114.07809127631 3066.036376953125
1.4850395707825543 153672.6126754536 3082.6420084635415
1.4850496316146367 153316.78022557055 3098.186767578125
1.4850596912482787 153336.3477509887 3107.76904296875
1.4850697496840632 152621.6224593946 3102.675537109375
1.485079806922574 151334.9543811276 3096.2001139322915
1.4850898629643927 150439.34854199132 3093.091389973958
1.485099917810102 151222.77516124543 3104.2314453124995
1.4851099714602845 151918.9838243904 3125.121256510416
1.4851200239155211 152342.24924816453 3155.958984375
1.4851300751763938 153335.52366155866 3181.041178385416
1.4851401252434828 154177.8209817184 3206.425211588541
1.4851501741173694 154299.86606080655 3242.3109537760415
1.4851602217986344 153804.69162981978 3296.853352864583
1.4851702682878574 154530.22528057738 3397.47119140625
1.4851803135856187 156317.23650327168 3569.1708170572915
1.4851903576924983 158471.24212646554 3881.460530598958
1.4852004006090747 159226.27177592635 4427.131510416666
1.485210442335928 159919.89750147576 5381.388020833333
1.4852204828736366 160514.03544758802 7134.579752604166
1.4852305222227788 155421.4514850858 10804.753255208332
1.4852405603839332 143653.3394070157 18166.1396484375
1.4852505973576773 135417.49243563096 24214.043294270832
1.4852606331445888 138325.42448127732 23924.0146484375
1.4852706677452456 147881.34635271342 17357.276692708332
1.485280701160224 154131.33853698106 10193.669108072916
1.4852907333901013 153474.6154133226 6709.096516927083
1.485300764435454 152987.92887093278 5111.999186197916
1.485310794296858 151707.6902987241 4344.286376953125
1.4853208229748898 152141.36428793543 3957.253011067708
1.4853308504701246 152781.29628423142 3714.1205240885415
1.4853408767831373 152964.17248267273 3541.6185709635415
1.4853509019145041 153935.84333552854 3398.290120442708
1.485360925864799 154678.8169884025 3293.8569335937495
1.485370948634596 154885.17814166448 3226.288167317708
1.4853809702244705 154693.36791719735 3189.31787109375
1.4853909906349958 154151.68310983456 3168.835042317708
1.4854010098667456 153241.95101934255 3138.6771647135415
1.485411027920293 152095.71055057374 3110.367024739583
1.485421044796211 151716.31985358408 3094.240315755208
1.4854310604950731 152503.02964246186 3100.799641927083
1.4854410750174512 153270.18694923975 3126.2861328125
1.4854510883639176 154127.22717071214 3170.0145670572915
1.485461100535044 154230.31686281625 3225.796875
1.4854711115314023 153410.83585866913 3304.0826822916665
1.4854811213535632 152840.89519150055 3408.793212890625
1.4854911300020988 152686.1442141399 3575.4286295572915
1.4855011374775788 153829.47189967294 3843.2391764322915
1.4855111437805746 155976.4503666638 4335.760579427083
1.4855211489116555 158792.55847184063 5188.388834635416
1.485531152871392 163308.12682408775 6841.96484375
1.4855411556603537 165728.6024747269 10457.1689453125
1.4855511572791091 154489.49984659808 17981.514322916664
1.4855611577282282 147306.90375529986 26917.914388020832
1.4855711570082792 139042.89130090066 29426.29036458333
1.4855811551198306 145087.7479864887 24022.69173177083
1.4855911520634508 147444.0281550632 14621.136718749998
1.4856011478397075 151268.58257969795 8696.720052083332
1.4856111424491683 153854.2452564507 5981.817871093749
1.4856211358923999 154010.79438832434 4709.374674479166
1.4856311281699708 152613.98064315066 4034.49267578125
1.4856411192824461 151123.73260790383 3650.1454264322915
1.4856511092303928 149919.3737732816 3425.157796223958
1.485661098014378 150335.1683563892 3285.453938802083
1.4856710856349664 151843.48797575437 3189.480061848958
1.485681072092724 152236.67529734096 3119.062825520833
1.4856910573882158 151095.9383535976 3055.3663736979165
1.485701041522007 150176.30657468204 3006.761474609375
1.4857110244946625 150141.74589761588 2966.23046875
1.485721006306746 151502.14093752758 2941.725911458333
