igrins/spectra/ux_sex_K_20190410.ecsv
# %ECSV 1.0
# ---
# datatype:
# - {name: WAVELENGTH, unit: um, datatype: float64}
# - {name: FLUX, datatype: float64}
# - {name: ERROR, datatype: float64}
# schema: astropy-2.0
WAVELENGTH FLUX ERROR
[from data line 8280]
2.0909899744256806 113139.54854135095 2915.5068359375
2.0910047989307117 113961.24358543567 3060.603759765625
2.0910196215786696 116853.82972089207 3658.26904296875
2.091034442369811 117843.11245873556 5180.4296875
2.091049261304391 115789.3520206227 6298.140625
2.091064078382664 113170.70370083404 6909.896484375
2.0910788936048847 113929.4698925174 6595.263671875
2.091093706971308 116950.92185619383 5487.666015625
2.091108518482187 119646.99956328212 3815.428466796875
2.091123328137776 119195.60235559866 3146.185791015625
2.091138135938328 121725.2130599241 2995.688720703125
2.091152941884097 121915.2015368173 2977.934326171875
2.091167745975336 122961.51505557795 2907.802734375
2.0911825482122968 122332.45946715116 2913.531005859375
2.091197348595232 122978.4800792997 2951.9267578125
2.091212147124394 123771.44602989306 2900.06640625
2.091226943800035 124130.53008116798 2857.36181640625
2.091241738622405 124236.94422730591 2873.30224609375
2.091256531591757 123338.90750890959 2843.60205078125
2.0912713227083413 123498.20880484988 2859.185546875
2.0912861119724084 124241.29744621448 2871.987548828125
2.0913008993842093 124615.59821593619 2855.697509765625
2.091315684943994 123711.26682161141 2844.419921875
2.0913304686520116 123686.22953245742 2825.736328125
2.0913452505085126 124068.34723147741 2840.41796875
2.0913600305137465 124461.64259053618 2851.51806640625
2.091374808667962 125618.15337270914 2844.9013671875
2.0913895849714077 125578.65416804928 2880.6484375
2.091404359424332 125673.34303276747 2854.54443359375
2.0914191320269837 124964.57463552321 2784.2412109375
2.091433902779611 126538.2982415148 2849.97509765625
2.0914486716824605 129593.5091335453 2882.886962890625
2.0914634387357807 130047.03773530191 2926.552734375
2.0914782039398183 129150.13016684278 2892.025146484375
2.09149296729482 126272.33881339116 2898.13525390625
2.0915077288010315 125856.75867098758 2871.8681640625
2.091522488458701 126541.50612541684 2840.78271484375
2.091537246268074 126983.5857961658 2842.251708984375
2.091552002229396 127189.34707577698 2879.1611328125
2.0915667563429117 126279.87574692466 2912.8525390625
2.0915815086088676 126399.11306252195 2941.159912109375
2.091596259027508 124682.8994482946 3012.012939453125
2.0916110075990777 125759.83556389241 3004.579833984375
2.0916257543238204 127065.1914388581 3043.480224609375
2.091640499201981 129073.0746790372 2992.208740234375
2.0916552422338035 128162.72989709134 2954.688720703125
2.0916699834195307 124427.80138279253 3003.555908203125
2.0916847227594064 124858.8253890092 2974.800537109375
2.0916994602536736 123912.45459514044 3037.65625
2.0917141959025747 124014.0609711424 3082.587890625
2.0917289297063526 122555.63198109671 3117.8955078125
2.0917436616652494 123457.53050177012 3138.84814453125
2.0917583917795066 126730.77381388245 3020.930908203125
2.0917731200493654 127053.3044369989 2972.294189453125
2.0917878464750688 126849.62329231597 2862.558837890625
2.091802571056857 126849.16454609155 2868.97021484375
2.091817293794969 126908.3439061736 2907.691650390625
2.091832014689649 128951.67816516879 2865.9697265625
2.0918467337411335 127400.45704955133 2869.37548828125
2.091861450949666 126206.54851609276 2849.277587890625
2.091876166315483 125990.86189450583 2923.76220703125
2.0918908798388256 127638.39852571591 3073.507080078125
2.0919055915199327 129127.80710760684 3100.69384765625
2.091920301359043 127224.52732565434 3052.8486328125
2.091935009356396 125725.3514137814 2912.539306640625
2.0919497155122277 125099.35689409237 2791.146240234375
2.0919644198267786 126977.3768588281 2762.2958984375
2.091979122300286 128433.92667339182 2785.16943359375
2.091993822932986 129431.30678496565 2777.49560546875
2.092008521725117 127234.250631942 2732.135009765625
2.092023218676916 126731.50674119263 2717.31005859375
2.092037913788619 126336.50399885818 2744.12939453125
2.092052607060462 126429.51579971265 2772.778564453125
2.092067298492683 125819.15546136838 2784.276611328125
2.092081988085516 126491.56231943797 2750.974365234375
2.0920966758391972 126982.052255588 2743.349609375
2.092111361753962 129047.89590825362 2756.916015625
2.0921260458300455 128700.5032114497 2802.740234375
2.0921407280676823 126691.71674316275 2813.25
2.092155408467106 123787.00691742821 2808.478271484375
2.0921700870285522 123997.51064411624 2816.61962890625
2.0921847637522535 125792.87075952662 2850.078125
2.092199438638444 126574.12473032839 2801.090576171875
2.092214111687358 124957.16469631396 2725.58349609375
2.092228782899228 124145.50145043051 2708.035888671875
2.0922434522742854 125140.91116546254 2731.7783203125
2.0922581198127648 125506.79171358662 2746.894775390625
2.092272785514897 126896.78907226908 2733.674072265625
2.0922874493809154 126463.99871140148 2751.507080078125
2.0923021114110503 126692.94438697089 2743.82080078125
2.092316771605533 125102.83988295861 2766.587158203125
2.0923314299645965 125213.55751680367 2741.31298828125
2.0923460864884698 126120.49744090321 2742.403076171875
2.0923607411773832 126422.22348284294 2733.25390625
2.0923753940315692 125160.78447187897 2742.531494140625
2.0923900450512565 122706.19235220966 2771.857177734375
2.0924046942366745 123275.60782712026 2825.2294921875
2.092419341588053 123497.37913814659 2846.26513671875
2.0924339871056223 124381.43695216847 2915.18017578125
2.0924486307896095 123696.31160771356 2918.1455078125
2.092463272640245 122476.54270585188 2918.9912109375
2.092477912657755 122745.41991787424 2946.649169921875
2.09249255084237 122636.27300786416 2934.883544921875
2.0925071871943164 122803.1433806338 2885.242919921875
2.092521821713822 121699.72530872737 2793.70458984375
2.092536454401114 121812.23311966233 2787.063232421875
2.0925510852564204 121975.43747538347 2815.92919921875
2.092565714279967 122031.31021774394 2832.23974609375
2.09258034147198 120544.24110879845 2803.40576171875
2.0925949668326864 119492.20489083554 2778.507080078125
2.0926095903623114 118888.58900407472 2739.9755859375
2.092624212061081 118899.40601551626 2700.20556640625
2.0926388319292206 118795.68236333819 2673.10498046875
2.0926534499669547 117180.57723817584 2628.002197265625
2.0926680661745087 116479.5583028713 2600.553955078125
2.092682680552107 115881.30684609228 2641.092041015625
2.0926972930999743 116251.8539197788 2650.49267578125
2.092711903818334 116098.1746276448 2651.944580078125
2.0927265127074097 116795.66113760095 2629.880615234375
2.092741119767424 117359.59632747747 2616.43310546875
2.092755724998603 118072.84667972775 2652.43359375
2.0927703284011665 118326.73077045463 2620.8994140625
2.092784929975338 116784.46412598994 2624.717041015625
2.0927995297213404 115693.83520496622 2582.712158203125
2.0928141276393952 114131.90942918534 2612.766845703125
2.092828723729725 114691.7511164655 2590.6787109375
2.0928433179925494 114614.11776431737 2594.714111328125
2.0928579104280924 115472.29111511001 2622.12890625
2.0928725010365725 117205.20345312267 2685.032958984375
2.092887089818211 118142.53486745204 2673.573974609375
2.092901676773229 118505.06090185414 2657.525146484375
2.092916261901846 119473.5969602216 2624.2998046875
2.0929308452042825 119606.50295100814 2601.812255859375
2.0929454266807563 118942.61663069922 2582.36474609375
2.0929600063314893 116614.26785514783 2553.51904296875
2.092974584156698 116213.5715183516 2595.42724609375
2.0929891601566024 117683.69230640729 2600.558837890625
2.0930037343314214 118932.93441812921 2606.64990234375
2.093018306681373 121209.3474259053 2610.71533203125
2.0930328772066735 121492.04226647285 2652.95849609375
2.0930474459075423 123032.95424895507 2660.158203125
2.0930620127841957 122358.03445494319 2608.004150390625
2.093076577836852 121374.60724623805 2629.808837890625
2.0930911410657274 120006.15584918179 2629.73046875
2.0931057024710378 118847.689983947 2630.0419921875
2.0931202620530005 119093.42642705706 2616.5576171875
2.0931348198118305 119312.08294468794 2611.124755859375
2.0931493757477435 120481.10680736846 2613.185791015625
2.0931639298609563 121759.03374634194 2608.2705078125
2.093178482151683 123637.53763918491 2657.164306640625
2.093193032620138 124170.78795863292 2664.70556640625
2.093207581266536 125719.88985306158 2647.480224609375
2.093222128091092 125365.0387038213 2729.8505859375
2.093236673094021 125704.88967080657 2790.989990234375
2.093251216275535 125659.53336502699 2874.276611328125
2.0932657576358475 125972.50986257108 2923.543212890625
2.093280297175173 125153.67885532604 2872.4736328125
2.0932948348937233 124580.55444309718 2748.491455078125
2.093309370791711 125716.15450202729 2695.75048828125
2.09332390486935 128262.24392094236 2662.44580078125
2.0933384371268513 127925.76265295644 2640.26806640625
2.0933529675644267 128542.63929251842 2647.923583984375
2.093367496182288 128765.67753736937 2650.026123046875
2.0933820229806455 130149.44038119058 2635.66552734375
2.093396547959712 131038.197713734 2647.112548828125
2.093411071119697 130416.21031777145 2673.42822265625
2.0934255924608114 130398.36382517582 2632.337158203125
2.093440111983266 128527.32529416852 2627.561767578125
2.093454629687268 127722.72609489203 2652.58642578125
2.093469145573031 127548.90960778086 2623.375
2.0934836596407616 128077.34265431234 2646.090576171875
2.0934981718906696 129772.00849343397 2620.339599609375
2.0935126823229644 130089.74518016499 2610.086669921875
2.0935271909378526 130673.00193141663 2620.63134765625
2.093541697735546 129936.27998262641 2670.41259765625
2.0935562027162486 128190.31400368178 2662.32080078125
2.093570705880171 128306.37266148927 2660.98291015625
2.0935852072275183 128404.75087636153 2719.650390625
2.0935997067585 130171.2659121241 2729.055419921875
2.093614204473322 129810.62727320235 2749.84130859375
2.0936287003721894 129451.0353558199 2721.630615234375
2.0936431944553116 129549.61978244566 2688.462158203125
2.0936576867228913 128983.90335901297 2682.69677734375
2.0936721771751365 128868.34593798159 2624.89013671875
2.0936866658122524 129004.08038611659 2629.6435546875
2.093701152634444 129488.71774359347 2662.135986328125
2.0937156376419157 129725.52413912084 2659.44287109375
2.093730120834873 128569.4595147804 2677.5615234375
2.0937446022135195 127294.6469081796 2673.31103515625
2.0937590817780602 126735.56563164355 2664.790771484375
2.093773559528698 126314.3854215077 2715.9765625
2.093788035465637 125963.73880445221 2714.873779296875
2.093802509589081 125814.59555543863 2767.775634765625
2.0938169818992316 126002.20237732468 2773.044921875
2.093831452396292 126617.66682885391 2852.68994140625
2.093845921080467 126948.37149287801 2996.8916015625
2.0938603879519553 125183.42189492098 3159.52490234375
2.0938748530109605 124483.72873786304 3306.630859375
2.0938893162576835 123787.69457599975 3386.62646484375
2.0939037776923266 125093.65061072429 3232.107666015625
2.0939182373150915 124406.45204612249 3042.20556640625
2.093932695126177 123381.08784231392 2935.157470703125
2.093947151125785 121591.99606418042 2844.905029296875
2.093961605314115 120133.31242194389 2852.391845703125
2.0939760576913673 120615.74204961114 2827.72900390625
2.093990508257742 121013.3540011105 2790.45068359375
2.0940049570134383 122676.83472026163 2721.985595703125
2.094019403958655 122588.89103250521 2692.95654296875
2.094033849093591 121642.08946909007 2662.896240234375
2.0940482924184454 121317.308589687 2623.47998046875
2.0940627339334164 121880.98118318355 2701.07470703125
2.094077173638702 123777.72639569633 2706.439697265625
2.0940916115344987 124102.863091034 2734.115966796875
2.0941060476210063 123679.03836648574 2725.07666015625
2.094120481898421 124716.22319025137 2698.2314453125
2.0941349143669385 124708.44228462772 2666.03759765625
2.0941493450267576 124660.98656571645 2652.328857421875
2.094163773878073 123242.7921567393 2617.2998046875
2.094178200921082 123071.24997607402 2597.731689453125
2.0941926261559796 122717.63996502836 2605.691162109375
2.0942070495829617 122018.01156164422 2575.757568359375
2.0942214712022245 122060.01184873212 2533.409912109375
2.094235891013961 123958.27010522387 2535.859130859375
2.0942503090183675 124989.64693537766 2552.121826171875
2.0942647252156377 125547.84135330797 2573.480712890625
2.094279139605966 123887.93500531142 2588.392333984375
2.094293552189547 125093.9053161073 2591.275634765625
2.094307962966573 124292.32572828888 2630.32666015625
2.0943223719372384 124964.97140375957 2640.550048828125
2.0943367791017367 124238.52669842308 2636.535400390625
2.0943511844602587 123555.86816686207 2606.619140625
2.094365588012999 123337.18039481959 2625.764404296875
2.0943799897601494 122919.74697090281 2578.29052734375
2.0943943897019004 123960.80307915728 2552.321533203125
2.0944087878384456 122756.6458729436 2547.229736328125
2.0944231841699756 121847.16045996305 2562.70751953125
2.0944375786966822 120252.13855317657 2536.00146484375
2.0944519714187546 120884.63389432273 2506.431640625
2.0944663623363855 121434.8844879296 2556.274169921875
2.094480751449764 122358.73128580241 2540.81298828125
2.0944951387590804 120741.00018753042 2551.071044921875
2.094509524264524 119902.2749563943 2563.274169921875
2.0945239079662854 119050.64806118552 2585.69873046875
2.0945382898645524 117606.5797655283 2558.4794921875
2.0945526699595156 117211.70298807122 2500.466552734375
2.0945670482513625 117032.6100891152 2554.142578125
2.0945814247402814 119023.8580607891 2534.000244140625
2.0945957994264615 117993.0252807489 2519.942138671875
2.0946101723100896 118389.26056124594 2483.5986328125
2.0946245433913537 118033.32187630223 2510.89453125
2.094638912670441 117999.0974020428 2485.046142578125
2.094653280147538 118029.42114399714 2492.998291015625
2.094667645822833 116534.47867160055 2534.905029296875
2.094682009696511 116147.45408592845 2562.4375
2.0946963717687583 115615.30140068087 2592.698974609375
2.0947107320397613 117040.00304171843 2621.5068359375
2.0947250905097055 118556.67085178127 2637.88232421875
2.0947394471787764 117992.24465666123 2616.57861328125
2.094753802047159 116995.2174950135 2564.08349609375
2.094768155115038 117145.00926226602 2553.5595703125
2.0947825063825976 117964.93676404533 2569.465087890625
2.0947968558500225 118811.19088011998 2546.50341796875
2.0948112035174966 118899.65457580346 2545.3828125
2.0948255493852037 119343.0198560599 2538.685302734375
2.094839893453328 120087.50545585144 2538.306640625
2.0948542357220505 120862.28469834896 2582.587890625
2.094868576191556 121514.29606239716 2589.901123046875
2.0948829148620267 122069.51907941766 2618.278076171875
2.0948972517336446 121856.30840200966 2603.270263671875
2.0949115868065915 122121.77672407942 2613.387939453125
2.09492592008105 121693.06475221408 2639.322021484375
2.0949402515572 122679.55507281517 2603.151123046875
2.0949545812352257 120387.18216232523 2632.86474609375
2.0949689091153045 119201.41988943875 2611.73193359375
2.0949832351976196 119075.2028070426 2636.48876953125
2.0949975594823504 119288.0631626466 2663.16015625
2.0950118819696777 120007.38975099789 2627.28076171875
2.0950262026597803 118428.51777538838 2611.906494140625
2.0950405215528383 118407.89953641847 2577.708740234375
2.0950548386490313 117616.32391247874 2570.523193359375
2.0950691539485375 117460.94843829195 2569.283447265625
2.095083467451537 117331.63711299046 2580.840576171875
2.095097779158207 117434.05968873863 2573.01806640625
2.095112089068727 117296.97728922029 2550.006103515625
2.0951263971832725 119020.08686399243 2559.024658203125
2.095140703502023 121326.32592704831 2574.8505859375
2.0951550080251566 120824.1400832814 2577.646484375
2.0951693107528486 120254.30023852292 2540.99755859375
2.0951836116852762 120412.24677201707 2560.251708984375
2.0951979108226166 122183.87381008198 2593.257568359375
2.095212208165046 122538.7966555205 2520.74072265625
2.0952265037127393 120960.29370680318 2538.8193359375
2.0952407974658747 119983.0075176124 2587.11083984375
2.0952550894246245 120433.03268927567 2588.002197265625
