igrins/spectra/ux_sex_K_20190410.ecsv
# %ECSV 1.0
# ---
# datatype:
# - {name: WAVELENGTH, unit: um, datatype: float64}
# - {name: FLUX, datatype: float64}
# - {name: ERROR, datatype: float64}
# schema: astropy-2.0
WAVELENGTH FLUX ERROR
[from data line 22137]
2.2995726610920295 96648.83521224072 4589.55029296875
2.299589511045409 96604.84386495259 4556.3662109375
2.2996063589728637 98102.87455102734 4505.3271484375
2.299623204874502 97960.03290680776 4518.416015625
2.2996400487504305 100083.62624592961 4599.5263671875
2.299656890600756 101602.44989307392 4622.36181640625
2.2996737304255848 104773.94156274106 4632.861328125
2.2996905682250244 105342.26337505315 4585.029296875
2.2997074039991814 103334.89121223553 4541.91162109375
2.2997242377481624 102393.18199615044 4483.32861328125
2.2997410694720744 101959.98692732227 4469.85693359375
2.2997578991710257 102648.58542208675 4525.2099609375
2.299774726845121 102056.75880218213 4590.0693359375
2.299791552494468 100686.91913131159 4676.01513671875
2.299808376119174 101229.7673845424 4786.87353515625
2.2998251977193456 100333.18036757699 4656.1083984375
2.2998420172950893 99213.94828419699 4658.03173828125
2.2998588348465123 93523.74066120147 4639.71826171875
2.299875650373721 92860.88984406035 4428.30859375
2.2998924638768226 94072.63018783447 4446.541015625
2.299909275355923 94692.59098489066 4575.3955078125
2.2999260848111303 94044.2063191869 4468.0087890625
2.2999428922425507 92939.4307783345 4472.349609375
2.2999596976502907 94278.86816521766 4550.7109375
2.299976501034458 94710.4650701842 4772.310546875
2.299993302395158 92768.69040033169 5014.27734375
2.300010101732498 91703.72180462396 5164.44873046875
2.300026899046584 90246.83621883322 5367.1328125
2.300043694337525 92734.17979677806 5472.5419921875
2.300060487605425 92956.8039792848 5564.6435546875
2.3000772788503925 93920.16480940275 5411.5361328125
2.3000940680725326 93721.78173467607 5188.62890625
2.3001108552719547 95482.96148181401 5161.2724609375
2.3001276404487623 96456.2866544186 5217.1796875
2.3001444236030646 98375.0192775383 5439.79736328125
2.3001612047349664 98100.22115856339 5504.3671875
2.300177983844576 98330.48565609138 5553.259765625
2.3001947609319986 96487.86926628782 5605.16455078125
2.300211535997341 99685.13219115064 5456.67822265625
2.3002283090407114 99380.2717345996 5265.818359375
2.3002450800622145 100451.89960424541 5132.57763671875
2.300261849061958 96478.69083018371 5251.0986328125
2.3002786160400475 95836.56789538947 5321.8544921875
2.300295380996591 96546.40003667542 5436.09912109375
2.300312143931694 98576.86482215632 5348.75
2.3003289048454634 99576.02481408599 5326.279296875
2.300345663738006 98738.49093143242 5196.14404296875
2.3003624206094293 100937.69270590253 4953.73193359375
2.300379175459837 102927.68592348103 4745.05810546875
2.3003959282893387 102754.68608963172 4614.67236328125
2.3004126790980384 100960.19836390388 4468.951171875
2.300429427886044 100049.31119552178 4374.9248046875
2.300446174653463 101216.29442193007 4373.77001953125
2.3004629194004 102108.76276044518 4341.0888671875
2.300479662126962 101632.01081893814 4404.4228515625
2.3004964028332555 99442.2240061656 4455.33642578125
2.300513141519388 96663.78288563769 4630.654296875
2.300529878185465 96091.3708733999 4740.5498046875
2.3005466128315937 95141.43513998645 4812.0009765625
2.300563345457879 94802.26064775066 4824.01123046875
2.300580076064429 94521.15353325193 4906.099609375
2.300596804651349 94079.25924477531 4869.88037109375
2.300613531218747 94552.31762605607 4708.96826171875
2.3006302557667277 94814.2313121539 4687.9130859375
2.3006469782953984 97632.74103974446 4775.89501953125
2.300663698804865 96720.36237768055 4826.6669921875
2.3006804172952346 94866.1179258444 5004.3544921875
2.3006971337666133 92030.50928180455 5237.06884765625
2.300713848219107 93420.9641508131 5614.6240234375
2.3007305606528234 94545.98510229122 5732.9619140625
2.300747271067867 98356.11247549986 5760.12890625
2.300763979464346 98149.58450498196 5437.70458984375
2.300780685842365 97254.81873615528 5179.10009765625
2.3007973902020322 94506.10866020048 4849.29345703125
2.3008140925434515 95258.90721348472 4631.0927734375
2.3008307928667313 98167.1439629909 4566.63916015625
2.3008474911719774 99648.85128153853 4695.6025390625
2.300864187459296 102562.72459436284 4738.4755859375
2.3008808817287933 102336.51422741298 4758.1416015625
2.3008975739805764 103558.03779797282 4794.369140625
2.3009142642147506 101256.4346790692 4803.26611328125
2.3009309524314214 103360.76840991594 4672.1328125
2.300947638630697 103458.07425611877 4595.6044921875
2.300964322812683 105788.2694343351 4587.82080078125
2.300981004977485 103801.25701871348 4592.4140625
2.300997685125209 104476.48594919569 4538.12060546875
2.301014363255963 102226.48124824645 4455.99951171875
2.301031039369851 101484.942324334 4491.51220703125
2.3010477134669816 98708.2788492155 4464.6064453125
2.3010643855474586 98118.74357266456 4384.9765625
2.301081055611391 98563.17801626334 4448.380859375
2.3010977236588817 101933.29240796204 4383.9521484375
2.3011143896900386 105572.46436313467 4428.69775390625
2.3011310537049683 106116.89525755782 4446.7724609375
2.3011477157037765 102926.83534433499 4412.69677734375
2.301164375686569 100082.0109949738 4326.3544921875
2.3011810336534526 100134.63835300348 4295.25634765625
2.3011976896045327 102999.84249993745 4303.1396484375
2.301214343539916 102367.7850423543 4206.849609375
2.3012309954597088 102423.91138519492 4257.98828125
2.301247645364016 100636.91214942398 4154.21728515625
2.3012642932529457 101676.08920100627 4084.56640625
2.301280939126602 100538.06680599696 4107.5361328125
2.301297582985092 98080.79484020869 4041.31298828125
2.301314224828523 96455.66552701542 3994.96240234375
2.3013308646569977 95020.88755381806 4007.492919921875
2.3013475024706254 96825.18283199421 3946.983642578125
2.301364138269511 96312.4166161876 4021.78515625
2.3013807720537596 94442.65437519623 4078.948974609375
2.301397403823479 90900.60926388732 4054.0009765625
2.3014140335787734 89219.72547752419 4109.90771484375
2.301430661319751 91084.05767153321 4075.287353515625
2.3014472870465164 93347.57275697862 4099.9619140625
2.301463910759175 93934.14948468309 4118.744140625
2.301480532457834 93602.67829162888 4089.5830078125
2.301497152142599 93273.70528814272 4131.37841796875
2.3015137698135764 93222.53998933121 4178.97998046875
2.3015303854708713 93502.95435789725 4151.49853515625
2.30154699911459 94025.7396201019 4155.55126953125
2.301563610744839 95948.97616766403 4091.40771484375
2.3015802203617235 97023.48349323659 4056.618896484375
2.301596827965349 98439.22589123754 4119.931640625
2.301613433555824 97994.9085759121 4043.343017578125
2.3016300371332514 99607.10797886626 4053.310546875
2.3016466386977386 100489.68695778641 4021.631103515625
2.301663238249391 101928.67009900682 4031.06201171875
2.301679835788315 100804.49389127303 4058.267822265625
2.301696431314616 101327.44267788081 4008.551025390625
2.3017130248283997 101283.65329523632 4123.63720703125
2.3017296163297734 102587.69928784578 4170.85986328125
2.301746205818841 101155.36608273235 4254.57958984375
2.30176279329571 101447.00982167876 4292.5810546875
2.301779378760485 100684.11460953824 4303.55712890625
2.301795962213273 100761.73513425712 4226.45556640625
2.3018125436541794 101904.69224565697 4168.6875
2.301829123083308 102195.31403624805 4125.0107421875
2.3018457005007678 106032.67009668497 4041.45361328125
2.3018622759066636 104277.91668682898 4034.747802734375
2.3018788493011 104655.81540659424 4027.027099609375
2.301895420684184 101695.85599529449 4033.2822265625
2.3019119900560208 102177.39746808872 3964.505615234375
2.3019285574167165 101591.484069469 3975.888671875
2.301945122766377 101239.86362445279 4016.45703125
2.3019616861051073 101848.07726362263 3973.309814453125
2.3019782474330137 102415.80648220151 3985.421142578125
2.3019948067502027 99249.88613159297 3964.834228515625
2.302011364056778 96740.16493748607 3926.51708984375
2.302027919352847 94176.10692372995 3909.98193359375
2.3020444726385154 97457.13801802316 3980.05712890625
2.302061023913888 99612.92965661877 4063.892578125
2.3020775731790706 98537.83399301085 4109.6923828125
2.3020941204341696 96531.606702288 4166.017578125
2.3021106656792907 93389.08235322664 4381.22216796875
2.302127208914539 92934.11575643277 4574.33349609375
2.302143750140019 93416.15448120901 4641.62548828125
2.3021602893558395 95678.71622122545 4713.05712890625
2.3021768265621034 101875.61131299214 4563.54638671875
2.302193361758918 105983.19270397059 4467.1669921875
2.3022098949463876 104504.64691566917 4406.21435546875
2.302226426124618 99346.9201292565 4265.56298828125
2.302242955293716 94993.42834458666 4222.1162109375
2.302259482453786 94401.19274585208 4229.4931640625
2.302276007604934 94558.48561022153 4186.8603515625
2.3022925307472657 93605.3887677602 4108.0595703125
2.302309051880887 95637.5851922906 3965.225830078125
2.3023255710059027 95020.5137082095 3968.7822265625
2.302342088122419 94521.04807059593 3887.37158203125
2.3023586032305405 93332.2329437338 3886.283447265625
2.302375116330374 94634.7472758268 3949.193359375
2.302391627422024 94951.53183127762 3889.3603515625
2.302408136505597 95151.65896664024 3862.282958984375
2.302424643581198 95734.75358459205 3850.733154296875
2.302441148648932 99221.35987464772 3872.494140625
2.302457651708905 101290.82376797192 3944.569580078125
2.302474152761223 101376.36460680826 4011.015380859375
2.30249065180599 101366.95709101278 3996.25927734375
2.302507148843313 100874.3838644793 3974.1484375
2.302523643873298 103441.9718428822 3995.2763671875
2.302540136896049 102647.83628392304 4024.1171875
2.3025566279116716 104944.07038317509 3946.600341796875
2.3025731169202706 104873.2999169123 4112.3017578125
2.302589603921953 105375.0080487255 4141.08251953125
2.302606088916824 105108.33710551809 4166.27880859375
2.302622571904988 103127.04787784026 4257.03857421875
2.3026390528865512 103323.38177352179 4368.79443359375
2.3026555318616184 104235.29443449294 4368.0439453125
2.3026720088302954 107703.35424955 4388.82080078125
2.302688483792688 109715.8812910498 4399.72314453125
2.302704956748901 110556.57185273603 4541.8125
2.3027214276990406 109003.39169349585 4366.43310546875
2.30273789664321 106696.90439467622 4260.52099609375
2.302754363581517 103241.76592120831 4321.09228515625
2.3027708285140656 102507.82303182207 4307.1181640625
2.3027872914409615 104013.31986688173 4232.48779296875
2.30280375236231 103287.45348010017 4232.73486328125
2.302820211278217 102133.19848894393 4146.4375
2.3028366681887866 99981.54785507661 4018.85693359375
2.3028531230941245 98326.5083178741 3901.48046875
2.302869575994337 97722.9108177885 3772.7490234375
2.3028860268895284 97291.00618277316 3687.68701171875
2.3029024757798036 98322.21525798683 3725.328125
2.3029189226652695 98989.39316507567 3748.69921875
2.3029353675460293 98906.02526527531 3754.299560546875
2.30295181042219 99697.6075855555 3730.869873046875
2.302968251293856 98072.09278701736 3750.3916015625
2.3029846901611317 99820.05604902506 3724.17822265625
2.3030011270241246 99724.60341722323 3776.3046875
2.303017561882938 100866.220225238 3773.84375
2.3030339947376777 98504.12663317623 3773.709228515625
2.3030504255884483 95371.84359262258 3777.825439453125
2.3030668544353574 93806.9097852508 3766.2666015625
2.3030832812785067 93849.42012153656 3822.329833984375
2.303099706118003 96034.25476990215 3901.60693359375
2.3031161289539526 97366.30537806265 3847.434326171875
2.3031325497864583 96679.17934926884 3712.642578125
2.3031489686156275 96995.25811318378 3722.428466796875
2.303165385441564 98014.96135971083 3727.0673828125
2.303181800264374 99452.27433945745 3729.11865234375
2.3031982130841615 99870.81316981684 3810.451416015625
2.3032146239010314 99266.41176537427 3796.485595703125
2.30323103271509 99206.29835957407 3766.16748046875
2.3032474395264413 100617.88639474314 3810.115234375
2.303263844335191 102226.43803075081 3841.2451171875
2.303280247141444 105046.37746412028 3910.44970703125
2.3032966479453068 104549.24437290874 3937.193359375
2.3033130467468816 104710.9447682891 3904.744384765625
2.3033294435462754 102780.00744042223 3985.739990234375
2.3033458383435934 101697.06604126605 3946.576904296875
2.3033622311389403 100226.45408460745 3939.780029296875
2.3033786219324197 100604.57319560292 3878.320556640625
2.303395010724139 102517.74073442613 3915.56982421875
2.3034113975142017 104139.48832031357 4024.156494140625
2.3034277823027134 107400.05862126447 3977.069580078125
2.303444165089778 107250.47421094877 4112.34228515625
2.303460545875502 106646.05050216158 4127.78369140625
2.30347692465999 104480.57845109474 4209.7822265625
2.303493301443346 104296.4275343368 4257.05517578125
2.303509676225676 103870.52473456739 4338.41650390625
2.303526049007085 100351.89504425833 4526.95556640625
2.3035424197876773 99357.52870760081 4671.2158203125
2.3035587885675577 97339.9368399797 4872.046875
2.3035751553468318 97443.91991218083 4949.34326171875
2.303591520125605 96809.31398524104 4841.85546875
2.3036078829039806 98873.1086954863 4704.98193359375
2.303624243682065 100596.07899976824 4458.716796875
2.303640602459962 101823.8200628738 4167.79443359375
2.3036569592377774 99906.89409287446 3985.949951171875
2.3036733140156147 97847.20918861964 3990.181884765625
2.3036896667935807 96713.70812499309 4043.469482421875
2.3037060175717787 98560.74076212234 4196.12109375
2.3037223663503146 100624.82838870568 4347.03271484375
2.303738713129293 99189.63916067875 4396.71728515625
2.3037550579088175 96287.45746381453 4291.69873046875
2.3037714006889956 95013.62567945918 4314.91064453125
2.3037877414699293 96188.26277351484 4273.05224609375
2.303804080251725 96353.86263444235 4142.3515625
2.3038204170344865 95188.91384245432 4110.76806640625
2.30383675181832 93113.07716917826 4310.642578125
2.3038530846033294 95008.11525538527 4480.0908203125
2.3038694153896193 95721.7974891661 4627.43701171875
2.303885744177295 97294.71195820761 4734.24267578125
2.3039020709664606 96247.86965857618 4692.5009765625
2.303918395757221 96818.79611740279 4420.81689453125
2.303934718549683 96521.79233127998 4110.53271484375
2.3039510393439473 95987.58396147433 3959.642578125
2.3039673581401217 94821.36329035954 3870.3662109375
2.3039836749383102 94923.24984293626 3721.126708984375
2.303999989738618 97169.28677852498 3693.8798828125
2.3040163025411484 99230.14428964916 3686.125244140625
2.304032613346007 100153.51507481013 3619.208984375
2.304048922153298 101453.49600253112 3657.213134765625
2.3040652289631276 102452.99456413888 3738.483642578125
2.304081533775599 102307.8117674327 3705.091796875
2.3040978365908162 99765.56210335236 3812.07373046875
2.304114137408886 97099.3752988134 3780.820556640625
2.304130436229911 96152.32144784683 3706.38720703125
2.3041467330539973 96776.00718748735 3742.8369140625
2.304163027881249 100479.96195718712 3695.334716796875
2.3041793207117713 102688.19298025708 3749.04736328125
2.3041956115456674 104257.4332401568 3697.56494140625
2.3042119003830424 102426.42719360779 3642.35498046875
2.3042281872240014 103379.04539027646 3614.898193359375
2.3042444720686492 101347.45204147091 3613.81591796875
2.30426075491709 102183.97355552556 3586.4765625
2.3042770357694278 102358.54539847048 3662.30712890625
2.304293314625768 104243.63978821109 3705.7177734375
2.304309591486215 102665.31444572154 3756.333984375
2.3043258663508728 99978.48152517376 3874.432373046875
2.3043421392198464 99061.66535319955 4075.212890625
2.304358410093241 99630.71136614561 4569.068359375
2.3043746789711594 100901.32929281007 5106.7548828125
2.3043909458537075 102636.57778191348 5567.9677734375
2.304407210740989 101728.08297145183 5855.2822265625
2.3044234736331104 100686.39262253304 5788.6953125
2.3044397345301726 96467.44715813728 5519.69384765625
2.3044559934322826 98089.51392787069 5012.0146484375
2.304472250339545 96507.64694807043 4545.83251953125
2.3044885052520625 92797.12720904544 4278.6982421875
2.3045047581699416 89168.90669751352 4104.0205078125
2.3045210090932855 91489.6899728966 4057.9775390625
2.3045372580221986 97606.84721908974 3923.033203125
