igrins/spectra/ux_sex_K_20190410_smoothed.ecsv
# %ECSV 1.0
# ---
# datatype:
# - {name: WAVELENGTH, unit: um, datatype: float64}
# - {name: FLUX, datatype: float64}
# - {name: ERROR, datatype: float64}
# schema: astropy-2.0
WAVELENGTH FLUX ERROR
[from data line 33410]
2.3509493626369315 91316.26122358086 10148.310546875
2.3509636813777997 89988.7742964978 10475.721028645832
2.3509779981665013 93382.69762029937 11224.0703125
2.3509923130029966 96944.02169806013 11554.555013020832
2.351006625887244 100988.04278152272 10760.064127604166
2.3510209368192037 101959.997777904 9062.956217447916
2.3510352457988333 101051.966613403 7422.972005208333
2.3510495528260913 99552.56613619675 6390.513671875
2.351063857900936 98934.01637663879 5911.478678385416
2.3510781610233256 99402.07812692074 5719.122884114583
2.3510924621932183 101530.14316370747 5601.45947265625
2.351106761410572 99493.82768468893 5523.6845703125
2.3511210586753446 99224.1620959823 5454.23681640625
2.3511353539874924 97500.03689719886 5408.500813802083
2.3511496473469733 98628.5929905431 5369.14990234375
2.351163938753744 98318.86945040597 5351.1328125
2.351178228207761 97409.11884650732 5352.921712239583
2.3511925157089824 97511.67671466214 5342.014322916666
2.351206801257363 98205.46537288695 5361.037109375
2.351221084852861 100298.82277552063 5361.511067708333
2.351235366495429 101643.7788415789 5372.976725260416
2.3512496461850256 100218.80160117036 5332.52490234375
2.3512639239216067 96809.76561385488 5327.597493489583
2.351278199705126 96409.39580740362 5341.805501302083
2.3512924735355396 98062.79079090025 5393.684733072916
2.3513067454128027 100366.89768053238 5451.80078125
2.351321015336871 97703.39432605266 5453.829752604166
2.3513352833076966 94370.37262368016 5443.94970703125
2.351349549325237 93653.59524214492 5434.177083333333
2.351363813389444 95766.41843733811 5460.519205729166
2.3513780755002736 96313.5655922909 5483.234537760416
2.351392335657679 94279.65190533645 5504.8671875
2.3514065938616144 91851.76822485382 5547.63525390625
2.351420850112032 92267.26484910179 5623.02587890625
2.351435104408887 94194.4838680739 5647.098958333333
2.35144935675213 95163.00754427107 5684.969075520833
2.351463607141716 93309.66939138554 5714.7431640625
2.3514778555775977 92316.61306879135 5784.985188802083
2.3514921020597277 88782.47597436923 5807.57373046875
2.351506346588058 88607.41239191915 5869.316243489583
2.3515205891625404 91326.28059137873 5974.466959635416
2.3515348297831276 96081.85158011064 6153.203450520833
2.35154906844977 97047.14849085698 6401.0947265625
2.351563305162421 94381.45592808143 6881.385416666666
2.351577539921032 97479.07765442709 7857.87353515625
2.3515917727255524 102089.95840210993 9566.6650390625
2.3516060035759345 101065.22647776233 12148.73828125
2.3516202324721296 108407.47627788954 15394.802408854164
2.351634459414088 101990.06790319245 17988.633463541664
2.3516486844017597 106500.51550330842 18378.8671875
2.3516629074350943 92951.29103487518 16345.2470703125
2.351677128514044 91712.30670801569 13239.436197916666
2.3516913476385573 86816.5152149327 10561.863606770832
2.351705564808583 84189.65624581702 8755.352701822916
2.351719780024073 86700.90363767461 7608.583821614583
2.351733993284975 86180.49220929203 7043.382486979166
2.351748204591239 90001.98258184062 6711.088704427083
2.3517624139428115 89077.25858330315 6513.218424479166
2.3517766213396447 89554.0292912144 6341.896647135416
2.351790826781685 89557.00307860396 6249.8369140625
2.3518050302688813 92416.55080799524 6256.607747395833
2.3518192318011817 93280.93644821657 6275.532714843749
2.3518334313785343 93384.70380368743 6320.549641927083
2.351847629000887 94796.83912192748 6346.754557291666
2.3518618246681866 93308.24525511023 6370.650227864583
2.351876018380381 91686.87387342838 6464.407063802083
2.351890210137418 91251.0305072187 6606.806477864583
2.3519043999392437 93602.90146141643 6817.85888671875
2.351918587785805 94200.79505297147 6944.7333984375
2.3519327736770483 90000.39452159924 6994.003743489582
2.351946957612922 88866.64093709503 6964.921386718749
2.35196113959337 90462.73932170251 6952.738118489583
2.351975319618339 94112.93580115926 7067.462076822916
2.351989497687776 93870.1404229507 7322.965494791666
2.3520036738016246 93190.71305840035 7612.4033203125
2.3520178479598313 89722.30904330741 7745.071940104166
2.3520320201623424 89259.0025316651 7704.41064453125
2.352046190409101 88379.29877216252 7603.531087239583
2.352060358700054 90068.54049987381 7528.340657552082
2.352074525035144 89867.40870744281 7455.345052083332
2.352088689414317 87028.02635061253 7274.63037109375
2.3521028518375173 87347.44268729832 7002.573404947916
2.3521170123046877 87313.91791175326 6743.0126953125
2.352131170815774 89463.68313549974 6577.009765625
2.3521453273707187 88325.14874334246 6493.151204427082
2.352159481969465 88806.37186992026 6462.340983072916
2.3521736346119577 90186.44055766569 6498.070963541666
2.3521877852981388 91710.95943519846 6617.355305989583
2.3522019340279523 90904.6488749084 6747.754720052083
2.352216080801339 87813.74733039622 6936.621419270832
2.3522302256182432 88555.09991559671 7107.217447916666
2.352244368478608 88831.16284178186 7231.131184895833
2.352258509382373 92050.72465332577 7283.178059895832
2.3522726483294822 91537.07615587137 7281.296223958332
2.352286785319877 93252.85101823855 7327.401204427083
2.3523009203534992 93871.54772353527 7398.984700520832
2.3523150534302895 93113.2125191273 7564.062825520832
2.3523291845501895 92213.36840147743 7821.015625
2.3523433137131406 92497.60498048703 8240.6884765625
2.352357440919084 95598.73830682649 8979.443196614582
2.3523715661679585 96504.04675148144 10237.946940104166
2.3523856894597053 98790.17773805375 12709.579427083332
2.352399810794267 100597.97133525042 17717.474934895832
2.3524139301715805 124269.60029928092 28945.842447916664
2.3524280475915877 143042.69225636334 48734.73958333333
2.3524421630542274 131787.99437490696 61409.32682291666
2.35245627655944 96326.85823864925 59344.29687499999
2.352470388107164 72161.79537865694 41598.9140625
2.3524844976973376 77404.67298268672 25960.123697916664
2.352498605329902 89935.97405546553 16943.1796875
2.352512711004795 93481.91408028992 12922.756510416666
2.3525268147219536 92836.10582912795 10694.447591145832
2.3525409164813182 92988.09227224124 9687.597005208332
2.3525550162828264 90635.46382283847 9452.433919270832
2.352569114126416 88580.2726703086 9650.606119791666
2.352583210012024 83979.5736102961 9901.3271484375
2.3525973039395893 84795.6981180344 9989.928385416666
2.352611395909049 91170.17135471685 9636.211263020832
2.3526254859203397 95273.57141274949 9001.515299479166
2.3526395739733985 102120.61270263762 8252.244466145832
2.352653660068164 99469.56602671277 7689.406738281249
2.35266774420457 96613.1697513382 7295.742838541666
2.3526818263825544 92699.72420230517 7096.094401041666
2.352695906602053 94738.26794441225 6974.500651041666
2.352709984863003 98635.82797033302 6914.449544270833
2.352724061165339 97323.28952078868 6851.29296875
2.352738135508997 98596.53042439249 6810.031087239582
2.352752207893912 100166.36512565883 6814.300944010416
2.3527662783200207 102782.95832751137 6789.25244140625
2.3527803467872572 102114.41162269529 6754.769205729166
2.352794413295556 103417.32802992602 6680.556966145833
2.352808477844852 101147.33802347639 6646.304524739583
2.3528225404350813 101891.25043457243 6603.225748697916
2.352836601066176 100345.79652869552 6569.317545572916
2.3528506597380705 101159.13689122186 6566.111816406249
2.3528647164507 100992.79257294656 6576.7353515625
2.3528787712039985 100568.3754467452 6585.3037109375
2.3528928239978977 101514.11369689372 6601.835611979166
2.352906874832332 101147.78921733337 6616.369466145833
2.3529209237072344 98649.14716966992 6610.26513671875
2.352934970622538 96754.09288371024 6607.759114583333
2.3529490155781763 96081.42001787339 6621.404622395833
2.3529630585740806 97024.0718349905 6631.751790364582
2.3529770996101838 97675.77029060668 6600.118326822916
2.352991138686418 98848.45824454742 6590.032552083333
2.353005175802715 98433.1164288936 6628.557942708332
2.3530192109590082 94359.2981859358 6678.250976562499
2.3530332441552266 91045.59189456435 6727.17041015625
2.3530472753913036 88901.34925505152 6756.639485677083
2.353061304667171 91943.31125080361 6767.047526041666
2.3530753319827573 92883.22062256097 6748.472005208332
2.3530893573379954 95640.60481433368 6753.251627604166
2.353103380732815 93426.96131210664 6747.76220703125
2.353117402167147 90584.50765164368 6744.626627604166
2.353131421640921 90630.91462592004 6720.74609375
2.3531454391540687 91649.26469108586 6772.7041015625
2.353159454706519 93682.7999100131 6902.339518229166
2.353173468298201 94286.03792423027 7164.763834635416
2.353187479929046 94797.88936068339 7556.818196614582
2.3532014895989803 94430.68284621394 8187.876627604166
2.3532154973079353 90767.17258167677 9223.040364583332
2.3532295030558408 85100.71921615889 10569.223307291666
2.3532435068426225 83475.28099974323 11681.155924479166
2.3532575086682113 82925.53809930357 11729.07421875
2.353271508532536 84639.43043865397 10696.437825520832
2.353285506435523 86783.80699310626 9279.40966796875
2.353299502377101 85841.29392728055 8216.9814453125
2.353313496357198 85977.11044740886 7715.508789062499
2.353327488375741 81823.83013288137 7534.579427083333
2.3533414784326574 78728.9239313416 7551.410156249999
2.353355466527874 74711.04559498813 7783.347330729166
2.3533694526613216 73169.77675258281 8368.85986328125
2.3533834368329214 77059.7586622339 9473.5595703125
2.353397419042604 78216.74446625882 10646.18359375
2.3534113992902936 79505.71180716413 11283.0986328125
2.353425377575918 77516.79847720283 10859.6572265625
2.3534393538994016 79643.62935930805 9762.245442708332
2.353453328260672 82287.04926454878 8675.850748697916
2.3534673006596543 80481.94551046226 8055.39306640625
2.3534812710962734 80155.13600744164 7846.902832031249
2.353495239570455 77624.0330631207 7739.818522135416
2.353509206082124 75862.16924564051 7672.8603515625
2.353523170631206 72917.56144140968 7688.367350260416
2.3535371332176247 73524.85724096173 7918.327473958333
2.3535510938413053 75041.68826949433 8476.603352864582
2.3535650525021725 72548.94340897312 9675.619791666666
2.3535790092001485 68264.66249523386 11796.7421875
2.3535929639351596 66644.70741919031 14334.822591145832
2.3536069167071276 69615.74974987895 15593.031901041666
2.3536208675159775 75157.43609827729 14632.986328125
2.3536348163616325 79417.33231025333 12089.801106770832
2.353648763244015 80748.26905979197 9699.607421875
2.3536627081630486 79040.74906919742 8648.244140625
2.353666804640425 74509.26040743823 7860.394775390625
2.353676651118656 74386.66537247726 9566.348772106852
2.3536848607993024 75635.77179165425 8432.876337105869
2.353702914633323 76794.6522692724 6000.886551619754
2.353720966143061 76701.508535882 3580.961033982396
2.3537390153290882 76789.2637432609 2051.6554401145477
2.3537570621919763 76525.76045065053 2733.2003810785927
2.3537751067322956 76451.32045626616 2109.3127420936025
2.3537931489506176 77366.98242390594 2621.1637133738413
2.353811188847512 80138.26563163917 2520.274677333198
2.35382922642355 81964.59240486083 3983.516108171353
2.353847261679298 80123.92989193634 3759.714588781546
2.353865294615327 80439.97623471593 4016.149587785121
2.353883325232205 79961.52179120995 4794.267267185249
2.353901353530498 84643.76041185808 5882.24303756006
2.3539193795107756 85993.89275983487 7023.379176671548
2.3539374031736036 88062.07267857778 5820.238632508181
2.353955424519549 85389.27944352206 5606.1417741752375
2.353973443549177 83016.81995519361 4210.9963936331615
2.353991460263054 82031.8352249671 4994.159415869718
2.354009474661745 83526.2905372565 5397.95052572615
2.354027486745813 85449.08021163572 8149.118019364907
2.3540454965158233 85772.99631693668 6503.777101793659
2.3540635039723408 85125.9374709089 6340.122066337766
2.354081509115926 85508.8877633882 3376.180446677069
2.354099511947143 85019.80698331476 4682.226109147677
2.354117512466554 84155.67700759512 4019.431088657926
2.35413551067472 85084.78136846417 5203.3040807269335
2.3541535065722035 85884.8338846107 5625.498857761111
2.354171500159565 85569.9835061196 4709.75605833777
2.3541894914373636 80748.40175286762 3071.070323040872
2.354207480406161 79249.0997428709 1019.8484490536988
2.354225467066515 78693.0736610987 4033.0462838051903
2.3542434514189843 82496.52842141231 5403.033802318948
2.3542614334641296 84363.7285263751 6231.086248260615
2.354279413202507 88860.44710588141 2943.439668869611
2.3542973906346747 88642.40775103134 1925.8827981571403
2.354315365761189 89052.08245058161 1661.6502453059684
2.3543333385826086 86060.92709895455 1639.0973006032298
2.3543513090994863 84243.60949093915 4176.430221187583
2.35436927731238 83967.81246603742 5778.930090457157
2.3543872432218453 85131.61106985355 5965.554530034989
2.354405206828436 87022.10236051267 4779.775661238942
2.3544231681327052 86529.39079559696 3354.869626108808
2.354441127135208 87059.53414616232 4476.35011613736
2.3544590838364985 86894.91993803778 4818.286989795502
2.3544770382371287 86380.76273381933 4674.840085424221
2.35449499033765 85079.83376273036 4840.806136511074
2.354512940138616 85155.46726737788 3907.0159020980777
2.354530887640577 86866.02237557022 3093.580954480018
2.3545488328440842 87480.09656023441 2965.8516759475488
2.3545667757496886 86774.4216153627 1932.3916934406898
2.354584716357939 84824.53224908645 1537.3376571829608
2.3546026546693875 84165.48114574696 931.6964440259272
2.35462059068458 86746.19696379226 2760.5421221602937
2.354638524404067 86667.27592330438 4054.6639113574947
2.354656455828396 87018.67060874023 4198.432617146498
2.354674384958115 86572.03716224068 3159.1613789587377
2.3546923117937713 85582.4580338658 2134.3843269532717
2.354710236335911 82327.130326342 2242.5033914295673
2.354728158585082 77881.11498077905 2277.800922137382
2.354746078541829 77320.77544242625 2659.7879740267417
2.354763996206696 80008.36210019665 1636.2374186874176
2.3547819115802304 80878.99803384015 2293.026483070963
2.3547998246629755 80795.14714488381 4045.415359304241
2.3548177354554745 79042.978183641 7136.217701010567
2.3548356439582716 76257.98121077305 7745.780394301195
2.35485355017191 75074.72344215463 6867.640558159104
2.3548714540969327 75598.9418127613 5721.34247805783
2.3548893557338806 80189.93411812212 4407.599712854405
2.3549072550832957 82700.34687238676 3659.2143791863873
2.354925152145719 82597.68416813345 2509.368967193843
2.354943046921691 78771.71248606435 2317.456082137657
2.354960939411754 78713.35131095778 2258.2470666985364
2.3549788296164444 80784.24243321274 1870.7435358223315
2.354996717536303 80435.4843691882 1277.393348602087
2.355014603171869 78170.76067050848 763.729783115391
2.3550324865236805 75524.31353587242 470.8116809468207
2.355050367592275 76587.56911398117 1817.5262497872068
2.35506824637819 78380.66539508023 3663.926545999514
2.3550861228819624 78133.97973445307 4051.0506130854337
2.355103997104129 79481.97942350336 4701.577156191224
2.355121869045226 79391.88220715142 4610.5683549896685
2.355139738705788 78096.48534718082 4978.635613587942
2.3551576060863506 77874.58654242435 3109.521519047077
2.3551754711874477 79090.3942516676 1338.27848964671
2.3551933340096145 84102.97894407036 476.4485444977493
2.3552111945533842 85684.22442266736 1994.5565131863361
2.3552290528192894 83520.21222632707 2792.0320493099543
2.355246908807864 80281.27886687063 3167.9917137910866
2.3552647625196386 77831.3089529041 2111.2734454683095
2.355282613955147 78875.71216367467 1215.3773692742564
2.3553004631149186 nan nan
2.355318309999485 80067.03374685094 6181.33154296875
2.3553361546093763 79998.66087303344 6190.128662109375
2.355353996945122 78936.7909511836 6213.39306640625
2.3553718370072536 78003.95080139115 6222.23388671875
2.355389674796298 78445.88250759727 6255.9248046875
2.355407510312784 80976.11654389538 6220.085611979166
2.3554253435572394 83448.13928314263 6213.634602864582
2.3554431745301936 85242.67158404065 6131.831217447916
2.355461003232173 85744.02718594501 6126.072102864583
