igrins/spectra/ux_sex_K_20190410.ecsv
# %ECSV 0.9
# ---
# datatype:
# - {name: WAVELENGTH, unit: um, datatype: float64}
# - {name: FLUX, datatype: float64}
# - {name: ERROR, datatype: float64}
# schema: astropy-2.0
WAVELENGTH FLUX ERROR
[from data line 17788]
2.112844724364184 111244.70683252212 3235.867919921875
2.112860041945218 106655.55316064938 3245.44140625
2.112875357613377 112242.40232452477 3260.6015625
2.1128906713689113 116805.12716811724 3305.431396484375
2.1129059832120713 116924.9719976395 3313.391845703125
2.112921293143108 115188.86536729801 3272.029052734375
2.1129366011622697 115207.62056462262 3264.439208984375
2.1129519072698058 116461.52544725803 3223.101806640625
2.112967211465967 115434.34934668403 3205.80029296875
2.112982513751002 117055.8586893728 3209.123046875
2.1129978141251593 116214.3407880695 3191.835693359375
2.1130131125886877 116359.38516811875 3221.83203125
2.1130284091418368 114373.07416633902 3151.155029296875
2.1130437037848533 111456.62910375364 3216.314208984375
2.1130589965179873 115938.90661179638 3222.459716796875
2.1130742873414867 113172.37482701763 3229.964111328125
2.1130895762555975 114978.26697793203 3227.889892578125
2.1131048632605687 114361.3214334482 3174.8330078125
2.1131201483566477 117153.53052564041 3200.555419921875
2.1131354315440825 116220.42119547412 3211.4111328125
2.1131507128231197 119410.52260279447 3201.326904296875
2.113165992194006 119835.38672999435 3204.2705078125
2.1131812696569883 114663.96579620149 3208.28076171875
2.1131965452123143 113889.51339137102 3161.46337890625
2.113211818860228 109223.15358236244 3125.70703125
2.113227090600977 115639.61062890895 3188.084228515625
2.1132423604348083 113540.37329566108 3206.20947265625
2.113257628361967 115528.01707572004 3233.628662109375
2.1132728943826984 113391.22108966166 3222.96923828125
2.1132881584972476 109722.00924965693 3227.44482421875
2.1133034207058623 117151.72228341305 3228.939697265625
2.1133186810087845 116289.31260714507 3258.47216796875
2.1133339394062602 118250.70903546488 3238.294921875
2.113349195898536 118450.73678510146 3176.6083984375
2.1133644504858546 119797.76212651034 3143.913818359375
2.11337970316846 120005.32087305306 3156.69677734375
2.113394953946598 120196.89706698955 3138.991943359375
2.1134102028205115 117188.7117983305 3147.298828125
2.1134254497904448 116667.32830807904 3162.947509765625
2.1134406948566413 116140.9411578094 3142.445068359375
2.1134559380193454 118438.17045860313 3157.56982421875
2.113471179278799 116594.52082142109 3121.766357421875
2.1134864186352464 115237.99872289231 3069.579345703125
2.1135016560889297 117070.47252873324 3091.41015625
2.113516891640092 121857.55282212039 3150.81591796875
2.113532125288976 118350.10468949903 3129.429443359375
2.113547357035823 121206.45750160383 3132.2958984375
2.113562586880877 120763.80055759047 3096.946533203125
2.113577814824379 115043.9052439379 3118.63427734375
2.113593040866571 116026.64849725662 3116.615966796875
2.1136082650076937 113504.59056698538 3112.96875
2.1136234872479904 112854.87993951938 3106.02099609375
2.1136387075877012 117272.95406255554 3085.083984375
2.113653926027067 117234.46942686987 3067.39697265625
2.1136691425663288 117599.95275816775 3082.2998046875
2.1136843572057287 118446.2446915866 3077.896728515625
2.113699569945506 113426.87498518421 3049.266845703125
2.1137147807859007 116179.60910836457 3043.315673828125
2.1137299897271533 120263.32928527653 3088.0673828125
2.113745196769505 118719.02237448203 3049.312255859375
2.1137604019131935 118839.16983279251 3039.002685546875
2.11377560515846 114042.62598222868 3035.142333984375
2.113790806505544 114336.53586257917 3031.68359375
2.1138060059546833 112200.19404431854 3009.984375
2.1138212035061184 113147.00062568337 3033.911376953125
2.1138363991600873 120451.46857798529 3063.9189453125
2.1138515929168293 118429.07938298657 2995.49755859375
2.1138667847765835 114894.14014599842 2998.08984375
2.113881974739586 118036.60570678517 3005.2216796875
2.1138971628060776 117641.39131928995 3009.542236328125
2.113912348976294 119639.80400687174 3055.412841796875
2.1139275332504743 122123.8617948186 2993.6396484375
2.113942715628857 120848.15194696463 2999.250244140625
2.1139578961116774 116798.30782031083 2947.41650390625
2.1139730746991736 115337.73562951863 2919.039794921875
2.113988251391583 116027.42157927477 2974.504150390625
2.114003426189142 122560.28909420475 3015.822265625
2.114018599092088 122480.97663040512 3011.515380859375
2.114033770100657 121582.42592896282 3073.202392578125
2.1140489392150856 116786.28950962005 3035.88037109375
2.114064106435609 115378.12761995751 3015.889404296875
2.1140792717624644 118291.02341442247 3016.855712890625
2.1140944351958866 118067.36713866734 2999.505615234375
2.114109596736111 116882.87620577645 2990.81298828125
2.1141247563833745 119191.73452642142 2994.374755859375
2.1141399141379114 119700.29096327892 2977.275634765625
2.114155069999956 123009.11670474638 2966.634033203125
2.114170223969744 124346.74249067953 2978.846923828125
2.114185376047511 119833.52928204436 2982.13818359375
2.114200526233489 118930.27179939365 2973.453857421875
2.114215674527914 122107.58050383361 2971.11083984375
2.1142308209310205 124541.41402966056 2976.158935546875
2.114245965443041 124418.89384411178 2967.6748046875
2.1142611080642104 123351.65160587107 2978.72509765625
2.1142762487947615 119180.84573388213 2967.001220703125
2.114291387634929 120350.31754876956 2997.96142578125
2.114306524584945 122196.10799388908 3020.2060546875
2.1143216596450416 119719.70965022236 2965.03662109375
2.114336792815454 123531.74163715845 2976.707275390625
2.114351924096412 118942.33617683116 2972.366455078125
2.11436705348815 124951.36152522414 3030.4609375
2.1143821809909 123503.40490646016 2977.21533203125
2.1143973066048942 120182.38778948442 2973.55859375
2.114412430330364 122007.2099132305 2977.486572265625
2.114427552167542 127396.32483087381 2980.360107421875
2.1144426721166583 122150.86521285569 2980.8994140625
2.114457790177946 121514.13913251388 2980.315185546875
2.1144729063516343 120844.65940752243 2956.096923828125
2.1144880206379555 118595.08109368673 2943.44189453125
2.114503133037141 117740.02701553381 2902.2431640625
2.1145182435494196 116102.19827158494 2896.8076171875
2.1145333521750227 117583.76844477616 2881.840576171875
2.114548458914181 118067.03241357615 2943.9736328125
2.114563563767124 117041.31030241783 2943.62255859375
2.1145786667340825 118481.74432871022 2903.974853515625
2.114593767815284 116141.41106198529 2881.13427734375
2.1146088670109604 115308.36493442867 2877.067138671875
2.1146239643213405 118538.02121724658 2927.237548828125
2.114639059746652 118042.45682907477 2928.654296875
2.114654153287125 119052.25759606346 2927.5419921875
2.1146692449429887 117848.63159828565 2917.81005859375
2.1146843347144717 116348.01444547602 2918.70654296875
2.114699422601801 117305.61485655332 2919.004638671875
2.1147145086052057 121283.15237403338 2911.106201171875
2.1147295927249155 118428.52051766744 2910.66064453125
2.114744674961155 120912.90216456463 2898.220947265625
2.114759755314154 123432.3601750133 2931.369873046875
2.11477483378414 118816.70000037037 2946.10107421875
2.1147899103713392 118431.15777864637 2909.921630859375
2.11480498507598 123380.22684754943 2912.170166015625
2.114820057898288 120170.47394721591 2939.2109375
2.1148351288384917 120588.87090420429 2923.338134765625
2.1148501978968164 123135.77838477427 2902.5634765625
2.114865265073489 121604.62939810472 2901.488525390625
2.1148803303687354 121698.98183843338 2860.75927734375
2.1148953937827812 123150.57125380298 2931.223876953125
2.1149104553158535 122520.13538408454 2869.250244140625
2.1149255149681774 119482.53649295116 2879.3544921875
2.114940572739978 121085.0313614339 2883.96630859375
2.1149556286314812 119504.3885182323 2852.108642578125
2.1149706826429107 117725.57473962428 2868.642333984375
2.1149857347744936 121916.81772850739 2870.029052734375
2.1150007850264534 124167.48389472859 2860.13525390625
2.1150158333990143 117586.47099099682 2842.575439453125
2.1150308798924016 123376.32669459254 2852.373779296875
2.115045924506839 120661.06877843772 2858.7119140625
2.115060967242551 122929.93528233416 2830.84423828125
2.1150760080997606 125172.92203375812 2837.31298828125
2.1150910470786917 121028.79135635513 2872.53564453125
2.1151060841795677 124904.3084239112 2901.6826171875
2.1151211194026134 124312.56304497506 2918.62939453125
2.1151361527480494 123548.14600835805 2909.5634765625
2.1151511842161 122750.03459123426 2935.460205078125
2.1151662138069884 123302.30988437035 2911.45849609375
2.115181241520936 121798.39829094656 2882.635009765625
2.115196267358166 120074.82097830254 2883.45068359375
2.1152112913188996 120250.77075109864 2874.472900390625
2.11522631340336 117956.34070369505 2808.666748046875
2.115241333611768 120765.29883255633 2822.90478515625
2.1152563519443457 125834.87466232634 2843.0927734375
2.1152713684013147 120409.67095037548 2805.8857421875
2.115286382982896 120479.20696473772 2804.12451171875
2.115301395689311 117359.44831905239 2817.705078125
2.11531640652078 123785.92458161419 2812.779541015625
2.115331415477524 126934.83193452317 2808.1298828125
2.115346422559763 121261.29562223819 2799.6357421875
2.115361427767718 123310.41774832857 2808.717041015625
2.11537643110161 123061.95551511171 2787.794921875
2.1153914325616574 121774.82715527868 2753.674560546875
2.115406432148081 118843.37454288239 2759.088623046875
2.1154214298610987 119275.57763835153 2729.0048828125
2.1154364257009326 121928.00092088482 2813.122314453125
2.1154514196678 122011.1561208141 2786.88134765625
2.11546641176192 121983.19316163003 2775.71826171875
2.115481401983513 118808.84710324046 2759.7109375
2.1154963903327957 119835.1134882634 2795.741455078125
2.1155113768099882 118964.85954693712 2804.7958984375
2.115526361415308 122083.20302496251 2876.9833984375
2.1155413441489737 121049.89354018576 3045.726318359375
2.115556325011202 122512.21507499978 3570.16748046875
2.115571304002213 118369.39853783765 4067.512939453125
2.1155862811222215 116793.19173346255 4537.10791015625
2.1156012563714475 122342.66753137317 4874.55419921875
2.115616229750106 125934.2265360326 4839.34130859375
2.1156312012584158 123685.43725334623 4495.79150390625
2.115646170896593 119840.93062129982 4039.645751953125
2.115661138664854 122110.24528223199 3400.9794921875
2.1156761045634154 121970.82108765237 2965.995361328125
2.1156910685924935 123104.30008807953 2838.07421875
2.115706030752305 121827.61537886382 2844.00634765625
2.1157209910430654 118722.91249344416 2794.045166015625
2.11573594946499 120317.28349767075 2820.61962890625
2.1157509060182953 121716.4391820957 2801.137451171875
2.1157658607031964 125848.37558463954 2764.79345703125
2.1157808135199074 123719.25021365534 2744.927490234375
2.115795764468645 121897.20463522119 2724.7099609375
2.1158107135496227 124218.11469584229 2792.671142578125
2.115825660763056 124246.29868967665 2763.326416015625
2.115840606109159 123255.20361519502 2727.8974609375
2.115855549588145 120333.02880078644 2736.03759765625
2.1158704912002304 121142.06395067032 2743.6435546875
2.1158854309456276 116703.84749422241 2703.079833984375
2.1159003688245503 121065.0666245737 2720.72802734375
2.1159153048372126 119476.30336178179 2739.7138671875
2.115930238983827 120202.18714577204 2723.778076171875
2.115945171264607 121992.90545725208 2701.740234375
2.115960101679766 121038.60882091851 2688.454833984375
2.1159750302295173 121360.3383426055 2713.3935546875
2.1159899569140723 116358.66560713656 2678.812744140625
2.1160048817336436 121210.22021468982 2705.02197265625
2.1160198046884453 120952.7652936937 2698.826904296875
2.116034725778686 119399.61014969356 2696.202392578125
2.116049645004581 117215.33656127033 2722.65283203125
2.1160645623663394 119060.24761675498 2718.8330078125
2.116079477864175 118259.07586222563 2692.921630859375
2.1160943914982977 115670.19833766823 2699.660400390625
2.116109303268919 120102.06589990864 2749.46435546875
2.1161242131762497 114896.6954378679 2709.336181640625
2.116139121220501 116510.1026503098 2760.141845703125
2.1161540274018837 119049.37892236767 2792.646728515625
2.1161689317206074 116551.91511139394 2766.9501953125
2.1161838341768826 117916.22711485293 2781.325927734375
2.11619873477092 115963.71037992502 2778.7626953125
2.116213633502928 115745.4227823925 2794.571533203125
2.1162285303731174 114381.30584536468 2765.51171875
2.116243425381699 115882.92889215385 2725.66357421875
2.116258318528879 121086.69588033119 2730.656005859375
2.116273209814869 118120.20658004262 2696.189453125
2.1162880992398767 114218.73560781333 2671.773193359375
2.1163029868041123 117631.20547009933 2668.63916015625
2.116317872507782 113636.85798144314 2665.24267578125
2.1163327563510963 119272.74477610478 2733.6328125
2.116347638334263 117429.53058678951 2670.627197265625
2.1163625184574895 120121.88453186592 2672.376953125
2.116377396720984 125137.87587677478 2642.67529296875
2.116392273124954 120502.67760645173 2660.68310546875
2.1164071476696074 118208.13419784908 2688.55517578125
2.1164220203551514 119836.76794175622 2655.81689453125
2.1164368911817935 120853.6172424904 2664.63671875
2.116451760149739 123892.08579426614 2697.17724609375
2.1164666272591957 122280.0988343606 2667.554443359375
2.1164814925103705 118994.28868067985 2663.93701171875
2.1164963559034695 122235.16591074746 2684.364013671875
2.116511217438699 121260.04776413171 2683.4521484375
2.1165260771162653 124068.33196356404 2702.7763671875
2.1165409349363733 125933.43908776513 2672.65380859375
2.1165557908992287 119897.21243288276 2689.171630859375
2.1165706450050386 122935.60486795598 2713.578369140625
2.116585497254006 119368.73041340962 2695.37353515625
2.116600347646338 126156.85592369802 2725.24365234375
2.1166151961822384 122295.05264042674 2656.190673828125
2.116630042861911 118777.76127300807 2615.0048828125
2.116644887685563 119238.97654759635 2625.0341796875
2.1166597306533963 117007.45342263357 2607.6220703125
2.116674571765617 121311.46978092477 2609.27685546875
2.1166894110224264 119913.39787242335 2644.169921875
2.1167042484240315 119643.50543116742 2630.675537109375
2.116719083970634 117244.72768464316 2598.859619140625
2.116733917662438 115570.80269329059 2588.2861328125
2.1167487494996458 115044.47145646955 2597.875244140625
2.1167635794824626 118411.46777280723 2616.93310546875
2.1167784076110885 120163.95952456926 2615.27490234375
2.116793233885728 117867.75656821506 2598.4853515625
2.116808058306583 117788.91066881713 2596.17578125
2.116822880873857 118584.68218367288 2622.608642578125
2.1168377015877504 117016.41767818724 2599.12060546875
2.1168525204484667 121094.71091513989 2574.514404296875
2.116867337456206 122783.62798085346 2593.92529296875
2.116882152611172 119173.14219462918 2626.1376953125
2.1168969659135635 114470.36856763845 2603.886474609375
2.1169117773635846 118513.4354467329 2638.85546875
2.1169265869614344 117981.8902104747 2605.263427734375
2.1169413947073146 120990.62886384397 2643.187255859375
2.1169562006014253 123063.05745610197 2683.1982421875
2.1169710046439683 124067.68134660365 2699.468994140625
2.116985806835142 121215.90828449157 2643.40380859375
2.117000607175148 121171.15155880357 2609.655029296875
2.1170154056641857 122741.41849397491 2638.709228515625
2.1170302023024545 119503.25889729641 2637.55322265625
2.1170449970901544 122814.62747691068 2626.435302734375
2.117059790027486 123059.06923262762 2633.40576171875
2.117074581114646 125046.62349394867 2628.901123046875
2.117089370351835 123588.26858770468 2657.6787109375
2.117104157739252 124969.26382974004 2647.632568359375
2.1171189432770947 121553.74277537178 2677.250732421875
2.117133726965563 121848.42542785789 2655.93994140625
2.117148508804854 121315.81184243792 2650.990966796875
2.117163288795166 121769.0446876844 2616.352783203125
2.1171780669366975 121843.29465987365 2608.352294921875
2.117192843229645 122198.02497130755 2639.410400390625
2.1172076176742083 123061.17457206966 2606.98291015625
2.117222390270583 128032.18612428577 2623.982177734375
2.1172371610189655 119125.28030379889 2585.864501953125
