igrins/spectra/ux_sex_K_20190410.ecsv
# %ECSV 0.9
# ---
# datatype:
# - {name: WAVELENGTH, unit: um, datatype: float64}
# - {name: FLUX, datatype: float64}
# - {name: ERROR, datatype: float64}
# schema: astropy-2.0
WAVELENGTH FLUX ERROR
[from data line 38055]
2.4260791715590964 82700.78107192031 5002.15380859375
2.426096550008605 81024.79848412595 5017.642578125
2.4261139262161415 79236.57580727246 5220.12255859375
2.4261313001825293 77810.86029877338 5342.89453125
2.4261486719085887 80199.28367387914 5574.556640625
2.426166041395141 76894.80981322672 5670.65087890625
2.4261834086430034 69090.09794893964 5953.48486328125
2.4262007736529934 78716.71322326997 6368.259765625
2.426218136425926 79760.56490388085 7055.49365234375
2.426235496962616 70236.8860120586 7951.21533203125
2.426252855263877 76483.64300208363 9279.2861328125
2.4262702113305203 72825.49868931509 11491.775390625
2.426287565163356 65471.182334639954 14771.23046875
2.426304916763193 79545.12655290356 19784.35546875
2.4263222661308395 94025.09242389153 28804.63671875
2.4263396132671002 95896.01817131886 44452.375
2.4263569581727813 183332.8848245272 66180.4140625
2.4263743008486873 58359.61963084165 67126.9140625
2.4263916412956172 159263.8314457129 56233.62109375
2.426408979514374 120768.41486096218 36872.19140625
2.4264263155057564 39172.182886014925 25577.279296875
2.4264436492705634 81733.06579701942 17914.990234375
2.4264609808095905 81830.1972139174 13829.0546875
2.4264783101236325 69690.77972748602 10737.728515625
2.426495637213486 78696.27254367433 8850.3193359375
2.426512962079941 75572.97847664132 7711.8447265625
2.42653028472379 63017.041515878176 6846.90966796875
2.426547605145822 67709.12968077125 6325.51904296875
2.4265649233468265 59382.32472205179 6093.20703125
2.42658223932759 71308.17002720418 5843.7724609375
2.426599553088899 69353.52001768975 5523.70068359375
2.426616864631537 65989.22418050328 5391.60888671875
2.426634173956288 72108.0577095127 5206.2080078125
2.426651481063934 80222.19273438095 5080.96044921875
2.4266687859552536 71047.23785132181 4918.91015625
2.426686088631028 63559.11891069068 4747.875
2.4267033890920326 64912.84356035436 4753.4443359375
2.426720687339046 66472.743095678 4644.8642578125
2.426737983372841 64912.789253715106 4620.34521484375
2.426755277194194 70974.47267238788 4585.9033203125
2.4267725688038735 64889.39046233102 4491.6201171875
2.426789858202653 74072.78509878022 4435.4638671875
2.4268071453913014 73085.35874478924 4398.0244140625
2.426824430370586 69321.03028382438 4361.11376953125
2.426841713141275 67077.49993377029 4387.7587890625
2.426858993704133 67101.21153881671 4406.91552734375
2.4268762720599244 74440.67113414251 4353.64892578125
2.4268935482094114 72792.55961359889 4320.37841796875
2.4269108221533555 75971.39681720761 4317.69384765625
2.426928093892517 69052.12553759186 4357.849609375
2.4269453634276545 73831.73611736356 4341.02587890625
2.4269626307595242 74313.60701461944 4474.529296875
2.426979895888883 76742.74261802444 4516.90966796875
2.426997158816487 73576.57241158093 4420.806640625
2.4270144195430854 76453.47062170319 4468.98046875
2.427031678069434 78334.70384062793 4502.412109375
2.4270489343962804 78583.6548226203 4468.3154296875
2.427066188524376 73308.00464681226 4336.8935546875
2.4270834404544672 71046.50176988775 4273.498046875
2.4271006901872996 74307.27565985729 4261.42578125
2.42711793772362 76459.31653666291 4263.51318359375
2.427135183064171 73374.26525589118 4169.15625
2.427152426209696 68845.34864609088 4229.03466796875
2.4271696671609346 76490.76040456456 4182.07568359375
2.4271869059186275 74455.51635023273 4203.54833984375
2.4272041424835114 74179.79392171456 4172.505859375
2.427221376856325 72858.2700723273 4141.3408203125
2.4272386090378024 71316.76753544003 4182.91650390625
2.427255839028679 72585.14658036393 4163.8125
2.4272730668296862 73855.60094393705 4211.1357421875
2.4272902924415565 77214.66518074612 4213.9384765625
2.427307515865019 73112.68203990225 4260.79833984375
2.427324737100804 66524.58663511828 4212.16357421875
2.4273419561496374 73258.5057603121 4232.529296875
2.427359173012246 74845.78118240641 4327.923828125
2.4273763876893537 73887.09921501795 4308.25927734375
2.4273936001816843 72393.39001855045 4288.1982421875
2.4274108104899597 72289.18485958349 4191.2822265625
2.4274280186148998 73025.91121880182 4163.16064453125
2.4274452245572253 72927.08821255511 4230.56689453125
2.4274624283176522 80511.20218435793 4244.830078125
2.4274796298968986 75848.24583596368 4229.02880859375
2.427496829295679 79098.89898866037 4281.84130859375
2.427514026514706 70907.88500833903 4328.09130859375
2.427531221554694 75309.88486796374 4231.02734375
2.4275484144163517 71100.87056365689 4316.03857421875
2.4275656051003924 67825.58111546305 4325.443359375
2.4275827936075207 69041.68276707013 4371.09423828125
2.427599979938445 72118.78712353358 4453.01171875
2.427617164093872 72108.72941036634 4470.53955078125
2.427634346074504 68977.69237146771 4471.57080078125
2.4276515258810436 72048.74809426414 4554.55517578125
2.4276687035141955 70066.80456820202 4545.4970703125
2.4276858789746574 74626.77323791996 4503.6044921875
2.427703052263128 67431.09719195717 4363.24365234375
2.427720223380306 68987.46911870048 4324.44580078125
2.427737392326886 69866.30305159514 4276.095703125
2.427754559103564 70348.79398828198 4288.61474609375
2.427771723711033 72100.03441351153 4328.5927734375
2.427788886149984 69346.82146425107 4388.1669921875
2.42780604642111 73057.3285178438 4470.28076171875
2.427823204525098 73695.19330817256 4525.87939453125
2.4278403604626364 73539.21047875095 4501.5302734375
2.4278575142344123 76672.09401687318 4474.4560546875
2.4278746658411117 74430.22426326042 4433.8388671875
2.4278918152834166 75199.77611034074 4203.86083984375
2.42790896256201 73382.43603741874 4139.97900390625
2.4279261076775738 72620.05660932751 4122.994140625
2.427943250630788 77690.99948045955 4159.404296875
2.4279603914223293 77651.52130065265 4083.6826171875
2.4279775300528765 81585.67016295492 4132.59033203125
2.4279946665231047 73110.17799786558 4127.38330078125
2.4280118008336875 76753.7141140997 4068.452880859375
2.428028932985299 78711.21344041893 4066.508056640625
2.4280460629786105 78816.37379391881 4102.787109375
2.4280631908142922 83184.41528044471 4052.5390625
2.4280803164930123 85309.45104200223 4049.896728515625
2.428097440015439 79272.01467068073 3992.354736328125
2.428114561382239 80775.27623656137 4012.42724609375
2.428131680594076 82521.39401927803 4032.3154296875
2.4281487976516143 81884.26886339196 4003.386474609375
2.4281659125555155 77626.19858248223 3992.75341796875
2.428183025306441 80808.43756305487 4030.451904296875
2.4282001359050494 80071.66498943971 4015.061279296875
2.4282172443519983 83271.22828528631 4049.95654296875
2.4282343506479456 84656.42697238624 4050.357177734375
2.4282514547935463 81359.49795560258 3968.93115234375
2.4282685567894537 75859.59638040785 4016.128173828125
2.428285656636322 75403.26006141324 4019.89990234375
2.4283027543348004 82019.63356401217 3997.227783203125
2.4283198498855394 75631.83937323104 3987.386962890625
2.4283369432891875 74832.91099056366 4020.07568359375
2.4283540345463925 73738.75610053363 4051.772216796875
2.4283711236577994 78185.92164043932 3957.578125
2.428388210624053 76339.97752066064 4055.90234375
2.4284052954457964 80129.87192495169 4098.4814453125
2.4284223781236713 83676.94308792871 4039.679931640625
2.4284394586583185 78634.08068762225 3983.0693359375
2.4284565370503755 76624.50281289873 4021.0947265625
2.4284736133004805 77005.60184345154 4023.966552734375
2.4284906874092718 82113.36977177025 3960.42626953125
2.428507759377381 76361.86652333329 4051.94287109375
2.4285248292054447 83074.42887073524 4101.33642578125
2.4285418968940924 80482.64286678564 4086.880859375
2.428558962443957 79331.82933557381 4096.56982421875
2.4285760258556675 82570.51661691727 4112.244140625
2.4285930871298502 86972.93149236207 4108.47314453125
2.4286101462671357 81753.4797190732 4099.81103515625
2.428627203268145 78317.51190435476 4068.656982421875
2.4286442581335055 74243.34303847166 4035.0947265625
2.4286613108638377 81260.9798189464 4110.15869140625
2.4286783614597645 79516.30376047248 4038.287353515625
2.4286954099219047 82231.31686697864 4038.75146484375
2.4287124562508766 71553.38630899311 4100.2900390625
2.4287295004472993 75279.07925841855 4068.822021484375
2.428746542511787 74759.24880829666 3992.94189453125
2.4287635824449545 78885.71346790358 4041.642822265625
2.428780620247416 73083.26064842544 4021.908447265625
2.4287976559197824 76981.04842390437 4092.273681640625
2.4288146894626634 73052.83063100181 4018.4658203125
2.4288317208766697 75934.86183925904 3947.001220703125
2.428848750162407 72130.95428201996 3976.606689453125
2.428865777320485 68217.95408941139 3976.51708984375
2.428882802351505 75667.14186897136 3969.446044921875
2.4288998252560723 74245.43104791737 4008.50927734375
2.42891684603479 76169.61431395485 4102.71484375
2.428933864688257 74774.48328123384 4075.005615234375
2.428950881217075 66128.21965647949 4135.0693359375
2.428967895621841 72479.28470426118 4091.99365234375
2.4289849079031516 71789.76808263731 4025.224853515625
2.429001918061603 70802.77321773648 4046.289306640625
2.429018926097789 73683.33463520401 4008.656982421875
2.429035932012302 75334.71276696939 4068.208251953125
2.4290529358057347 68568.63599959272 3999.068603515625
2.4290699374786757 73037.920077373 3930.623291015625
2.4290869370317143 70963.53828437223 4049.896484375
2.429103934465438 70413.13098353447 4040.145751953125
2.4291209297804324 76305.12050060982 4017.764892578125
2.4291379229772825 70082.91013784119 4006.165771484375
2.42915491405657 71107.63224923106 4117.716796875
2.42917190301888 68914.46426020506 4097.7216796875
2.42918888986479 73936.08559191 4100.80859375
2.42920587459488 67835.83000971745 4104.17919921875
2.429222857209729 71617.63138225419 4122.4970703125
2.4292398377099125 76899.35474678123 4065.282958984375
2.429256816096005 71015.14581737125 4015.02734375
2.4292737923685817 70819.87393433979 3980.44921875
2.4292907665282133 72873.27527574846 3943.02490234375
2.4293077385754724 73679.8204926234 4015.54931640625
2.429324708510927 70619.1949185322 3983.965576171875
2.429341676335147 70914.52638150277 4033.58349609375
2.4293586420486992 76813.84518703107 4124.13134765625
2.429375605652148 71515.28656755562 4062.07861328125
2.4293925671460577 64362.54365343421 4120.02587890625
2.4294095265309923 74744.3078520633 4138.6865234375
2.429426483807512 68728.44004009591 4123.09521484375
2.429443438976178 73651.85833740818 4097.14453125
2.429460392037549 66729.30828824581 4055.444580078125
2.429477342992182 69362.78901720245 4063.35595703125
2.4294942918406335 73525.34691447571 4060.64306640625
2.429511238583457 70413.93636064089 4045.098876953125
2.429528183221208 72142.90090146668 3916.055908203125
2.4295451257544354 74350.71029118002 3912.529296875
2.429562066183693 74391.70014641844 3989.39111328125
2.4295790045095282 79357.65700276701 3992.5078125
2.429595940732489 76853.2174905684 3912.01904296875
2.429612874853123 72318.41783356032 4013.332763671875
2.429629806871975 79720.20363035242 4017.76318359375
2.4296467367895875 73741.01297445981 4080.625
2.429663664606505 77025.19010074915 4059.033447265625
2.4296805903232666 78658.21682457427 4077.998046875
2.4296975139404138 73280.32696293491 4113.06201171875
2.429714435458484 74024.90993445642 4089.01416015625
2.429731354878015 74877.3469331699 4131.93310546875
2.4297482721995407 77360.23024688267 4178.09423828125
2.4297651874235973 78285.13459470807 4183.2744140625
2.4297821005507174 77879.65348888533 4224.927734375
2.4297990115814314 69582.19425640324 4296.341796875
2.4298159205162717 79604.86726482424 4279.75146484375
2.4298328273557646 77881.70169049787 4284.25390625
2.4298497321004393 81942.54653425605 4251.42919921875
2.4298666347508213 76949.44521189248 4267.3212890625
2.429883535307436 78874.84272130592 4209.380859375
2.4299004337708063 77628.69870690147 4113.56005859375
2.4299173301414547 75174.6337615503 4074.164794921875
2.429934224419901 77408.42107884354 4085.687255859375
2.4299511166066647 71768.80330281283 4128.8251953125
2.429968006702266 78040.66632184654 4187.91748046875
2.4299848947072187 73417.38465944822 4154.6044921875
2.4300017806220398 70074.74612346246 4178.564453125
2.4300186644472412 77232.75942990373 4194.375
2.4300355461833383 76593.63005789336 4101.5703125
2.4300524258308402 72829.94888420217 4101.96923828125
2.430069303390257 71252.20196569993 4059.29931640625
2.4300861788620978 76601.34729480532 4021.193359375
2.4301030522468703 76648.36358813677 4011.87841796875
2.430119923545079 76599.96509799533 4032.81298828125
2.4301367927572284 73173.19422921931 4061.498291015625
2.430153659883822 76967.43426673078 4122.52490234375
2.4301705249253613 75207.65822051823 4163.03271484375
2.4301873878823463 75413.69891764686 4194.6220703125
2.4302042487552775 81123.2137832888 4224.72509765625
2.43022110754465 79541.41288755428 4187.875
2.430237964250962 81301.1468431205 4172.7529296875
2.4302548188747073 83993.66076427192 4140.10302734375
2.430271671416381 79753.87594314739 4078.085693359375
2.430288521876473 86523.73078396008 4074.165283203125
2.4303053702554758 82486.69221537211 4022.188720703125
2.4303222165538783 81358.70625944473 4050.24853515625
2.4303390607721687 80389.87864336045 3986.712158203125
2.430355902910833 81768.34343273782 4044.040283203125
2.430372742970357 81311.07023698323 4083.965087890625
2.4303895809512257 80800.2547956429 3958.60986328125
2.430406416853921 80229.27274913253 3963.189697265625
2.4304232506789227 82413.02261028388 3981.51416015625
2.430440082426714 77584.77323387547 3973.169189453125
2.4304569120977706 82150.48165987061 3997.72021484375
2.4304737396925704 81671.03247951614 3953.616943359375
2.43049056521159 80304.67694205552 3978.41162109375
2.4305073886553035 78963.07238151468 3906.0390625
2.4305242100241835 78736.22105181575 3966.123291015625
2.430541029318703 78845.28389072881 4004.4931640625
2.430557846539331 76728.82423724573 3945.837890625
2.4305746616865376 84574.38012828496 3979.5732421875
2.430591474760789 82037.58609570542 4001.685302734375
2.4306082857625544 80909.86415438094 3957.926025390625
2.4306250946922954 80959.71769506573 4017.07275390625
2.4306419015504783 78161.40127701018 3944.07470703125
2.4306587063375646 82713.27173070356 3926.303955078125
2.430675509054014 84628.21777852949 3955.28076171875
2.430692309700287 85324.98890389617 3949.794189453125
2.430709108276842 80365.64650595766 3899.0859375
2.430725904784135 82620.89144491692 3945.007568359375
2.4307426992226224 81668.16785920238 3959.752685546875
2.4307594915927577 82490.75812067842 3977.943603515625
2.430776281894994 79041.97438748642 3936.3623046875
2.430793070129782 78195.14526436862 3980.99658203125
2.4308098562975724 76849.02887472496 4019.228271484375
2.4308266403988137 78593.81124671278 3993.76953125
2.4308434224339535 79473.37007313859 3987.350830078125
2.4308602024034363 83782.9651901433 4011.32177734375
2.430876980307709 82046.57017709535 4004.40869140625
2.430893756147213 82006.7387961771 3980.571533203125
2.4309105299223908 78420.65357641915 4015.97314453125
2.4309273016336825 83708.71521095735 4059.55126953125
2.4309440712815285 75432.83290648868 4066.26318359375
2.4309608388663646 78250.44005531636 4007.07666015625
2.4309776043886284 75747.19225199959 4007.403564453125
2.430994367848757 73785.68070910708 4049.22900390625
2.4310111292471803 74869.61732622475 4058.187744140625
2.431027888584332 78305.10746767149 4045.678955078125
2.4310446458606436 78080.55010841915 4034.996826171875
2.431061401076545 73625.05149581311 4015.68310546875
2.431078154232464 75855.63549538118 3945.405517578125
2.4310949053288264 69350.31344047727 3917.962890625
2.4311116543660605 69268.88315363479 3899.342529296875
2.4311284013445875 68808.57907585251 3876.071533203125
2.431145146264832 71619.44700411308 3901.578369140625
2.431161889127215 70936.59152565655 3980.435546875
2.4311786299321576 75251.48818078726 3987.790771484375
2.4311953686800765 74881.20194191857 3978.80126953125
2.43121210537139 71067.02872089906 3952.19384765625
