igrins/spectra/ux_sex_K_20190410_smoothed.ecsv
# %ECSV 1.0
# ---
# datatype:
# - {name: WAVELENGTH, unit: um, datatype: float64}
# - {name: FLUX, datatype: float64}
# - {name: ERROR, datatype: float64}
# schema: astropy-2.0
WAVELENGTH FLUX ERROR
[from data line 3501]
1.9129316161488132 243885.56493331073 141617.8645833333
1.9129453852205027 235583.65725979392 137238.66666666666
1.9129591526487615 216904.51488712954 133439.4114583333
1.9129729184335074 127552.39363843601 144258.19791666666
1.9129866825746578 31168.742164055126 161764.5
1.9130004450721318 -15325.602460127044 185928.13541666666
1.9130142059258481 -59901.55720346091 201194.671875
1.9130279651357254 -72226.02505161392 234566.44791666663
1.9130417227016827 -44220.35872540432 256877.0625
1.9130554786236398 94829.06783432123 309186.0416666666
1.9130692329015166 196061.99726848217 339028.9166666666
1.9130829855352318 265707.9070863793 412229.8125
1.9130967365247062 334321.6691731475 1608470.21875
1.9131104858698598 262032.93937002687 1816349.34375
1.913124233570614 178732.03456028062 2082079.0416666665
1.9131379796268884 -904387.9791937966 -341157.6249999999
1.913151724038605 11525155.318553273 20706383.375
1.9131654668056848 10880191.682884527 19059233.499999996
1.9131792079280485 11242459.075503727 18813048.999999996
1.9131929474056195 -1139447.444818727 -1906594.2916666665
1.9132066852383178 -395266.5416307533 -330718.66666666657
1.9132204214260673 154997.66100983272 1661898.5
1.91323415596879 90607.2965630667 1630076.375
1.913247888866408 59719.05645620244 1435538.4583333333
1.9132616201188442 32465.624849191605 917798.7187499999
1.9132753497260224 -173315.3764951481 541474.03125
1.9132890776878662 -525218.8355155257 871222.6979166666
1.9133028040042988 -15055775.158443503 -5390220.645833333
1.9133165286752436 -22268515.49044393 -8463293.8125
1.913330251700625 -43736488.34002305 -18411370.0
1.913343973080368 nan nan
1.913357692814396 nan nan
1.9133714109026352 nan nan
1.9133851273450098 419537.5733675114 -229240.828125
1.9133988421414458 557608.7949603234 -313902.8671875
1.9134125552918673 495660.53242446645 -411871.2239583333
1.9134262667962016 441079.4685547946 194077.3020833333
1.913439976654374 199479.6743973938 625696.4375
1.9134536848663104 -341003.6462116873 1528374.8333333333
1.9134673914319378 741136.4405728398 -478179.7499999999
1.9134810963511832 798040.038517969 -2139039.75
1.9134947996239722 4151915.924367479 18213639.166666664
1.9135085012502338 3083937.6607324113 19149228.791666664
1.913522201229895 3345728.2877341607 19646716.95833333
1.9135358995628817 -516584.517795688 -14422249.708333334
1.9135495962491236 48136.1090757678 -12843373.416666666
1.913563291288549 -84153.72235847608 -11428858.583333334
1.9135769846810848 1056912.3856822476 1981899.583333333
1.9135906764266608 196218.5007808286 2250503.9166666665
1.9136043665252054 2021501.005169982 -2081183.583333333
1.913618054976648 2154196.6440288154 -3847862.9166666665
1.9136317417809174 1988647.089554426 -6515348.083333333
1.9136454269379435 -573093.5346005246 -2508709.4375
1.9136591104476564 -1041179.9573096738 -1053777.7083333333
1.913672792309985 -1018625.6428114192 461485.3125
1.9136864725248601 -357970.7409442845 248395.6875
1.9137001510922134 -445155.9144300122 -64010.69140624999
1.913713828011974 -265578.5295718427 -91507.494140625
1.913727503284074 -291272.7698908414 67350.70182291666
1.9137411769084436 27088.768580838456 213214.1614583333
1.9137548488850151 -4258384.02951494 109180.82291666666
1.9137685192137202 -4003245.3355586855 -12252.261067708334
1.9137821878944896 -6259832.353830542 -205168.23535156253
1.913795854927257 422754.8313399247 20767.841796875
1.9138095203119543 -791529.8374017456 243864.31249999997
1.9138231840485138 -641743.5985210863 295321.140625
1.9138368461368682 -418013.55893543834 479508.92708333326
1.913850506576951 540564.5220235612 869595.7395833333
1.9138641653686963 -95336.04996700783 157622.41666666663
1.913877822512036 1486830.0967707098 -3215667.4166666665
1.9138914780069056 1745035.5707506798 -4479113.25
1.9139051318532374 2621114.417876546 -4252145.208333333
1.9139187840509673 1110424.4373561873 -1390251.6249999998
1.9139324346000284 380528.887603699 -1110472.4583333333
1.913946083500357 -1217224.9565766165 715819.3333333333
1.9139597307518872 -1045873.401418261 1337589.8749999998
1.9139733763545541 -853357.8846725911 2477690.6666666665
1.9139870203082938 747670.4987980975 1522658.9166666665
1.914000662613041 182293.21030233992 1809394.75
1.9140143032687336 -988634.9043057731 -191952.375
1.9140279422753055 1724509.4097951464 1407116.0416666665
1.9140415796326942 1054828.864699497 201618.1666666665
1.9140552153408361 1201618.8273188425 820843.1666666665
1.9140688493996687 -1448278.1181066553 -585745.2499999999
1.9140824818091287 -344066.0907819683 -424179.83333333326
1.9140961125691525 442190.8891053798 -11957.1875
1.9141097416796802 9917199.25390616 9119197.395833334
1.9141233691406474 9691267.820523407 7874567.5625
1.9141369949519922 9817622.96250839 6001172.833333334
1.9141506191136541 4352010.134353369 -33007250.5
1.9141642416255715 -36774144.1593393 -223367109.16666666
1.914177862487683 -37597578.267854884 -222215953.0
1.914191481699927 -42722508.760366395 -194307228.5
1.9142050992622435 -1162627.9204615408 -1667029.2916666665
1.9142187151745715 -421059.0024684755 -376523.3333333333
1.9142323294368504 222097.06262856396 1244684.7083333333
1.9142459420490217 -370650.7786447172 802159.6875
1.9142595530110245 -444605.958313315 845035.125
1.9142731623227982 -375601.6082424821 -126336.625
1.914286769984286 411878.1187933376 -1652838.6458333333
1.9143003759954274 642894.2509671178 -2423883.9166666665
1.9143139803561635 3163824.813955992 811069.625
1.9143275830664355 3073144.5211062497 9021410.125
1.9143411841261853 3048483.623231893 9316710.479166666
1.9143547835353552 1826662.0747934307 6372759.979166667
1.914368381293887 1636284.0272960248 -256203.10416666663
1.9143819774017226 1922572.4257588782 -74265.87500000006
1.914395571858805 -1322775.6401603408 469777.87890624994
1.9144091646650776 -2028209.9523929222 168398.83203125
1.914422755820482 -658038.8737157362 990311.8046875
1.9144363453249624 239141.12987602229 744318.65625
1.9144499331784632 -364087.79248858005 3260935.9374999995
1.9144635193809265 -892549.5840653842 2047535.2916666665
1.914477103932297 -177200.37173176347 926669.8541666665
1.9144906868325189 655150.2244488569 -2201397.8125
1.914504268081537 562548.0410435416 -2238914.5
1.9145178476792952 -91574.07857075971 -1441187.1666666665
1.9145314256257393 99023.52833690464 -1531571.625
1.9145450019208143 261981.08736503404 -1472435.7708333333
1.9145585765644653 571126.6542983159 -1795635.6875
1.9145721495566377 491338.47274877917 -928599.0208333333
1.914585720897278 458912.1638984635 -418367.14583333326
1.9145992905863327 462823.98489510675 573981.4270833334
1.9146128586237472 493400.3250944307 451118.65625
1.9146264250094684 454637.3386691144 364155.1458333333
1.9146399897434425 349643.53017540567 333327.9166666666
1.9146535528256186 154703.8823335488 314583.2916666666
1.9146671142559422 -59395.39136497069 291992.453125
1.9146806740343614 -64456.83962175811 309692.015625
1.914694232160824 3207.081494478947 302211.1822916666
1.9147077886352777 21436.64189762516 347466.15625
1.9147213434576713 -151024.4737588511 434754.5625
1.9147348966279532 54190.72281494748 558775.3125
1.9147484481460721 977980.6530963482 1614215.625
1.914761998011976 1253905.9844991046 985762.7708333333
1.9147755462256155 2313864.0859809695 -122260.875
1.9147890927869393 -12624021.623892121 8570285.875
1.9148026376958978 -12219066.554216718 15775117.583333332
1.9148161809524393 -16053161.522660298 15390027.916666666
1.9148297225565165 -3299946.612910919 5376074.489583333
1.9148432625080778 -4139291.2969153803 -1925350.1354166665
1.9148568008070743 -2386278.6142246006 -1039633.2604166666
1.9148703374534566 -1363372.0012191832 -1199098.5416666665
1.914883872447176 -1140184.4641826467 -413511.0416666667
1.9148974057881845 -782671.2915938103 -645410.9583333333
1.9149109374764328 -380527.8140215371 -597622.5208333333
1.914924467511873 -7642850.325979042 8823295.270833334
1.9149379958944572 -7684905.3862754535 9735093.229166666
1.9149515226241378 -8308709.818828381 13647047.833333332
1.9149650477008673 -943654.0640818652 4245804.604166666
1.9149785711245988 -382409.4166323228 4054323.958333333
1.9149920928952837 122980.32165265118 445705.8802083333
1.9150056130128772 145324.35308862105 209206.6458333333
1.915019131477332 109541.34318276218 137279.42447916666
1.915032648288601 119329.00815300964 104942.3046875
1.9150461634466402 95989.9387627496 77891.81119791666
1.9150596769514017 110296.24681890925 62208.82552083333
1.9150731888028403 131012.59056047733 50885.420572916664
1.9150866990009117 148567.41091965055 42950.26953125
1.9151002075455703 141669.3213587951 37844.65234375
1.9151137144367703 146222.01007117814 34242.08723958333
1.915127219674468 141084.58132688224 31284.811848958332
1.9151407232586193 129351.6313724317 28914.297526041664
1.9151542251891793 110725.13795987057 27078.043619791664
1.9151677254661041 104403.50562632261 26743.283854166664
1.9151812240893509 113521.6699334576 26162.135416666664
1.9151947210588747 118765.76248076497 25691.502604166664
1.915208216374634 127128.1665626674 25097.306640625
1.9152217100365847 125283.46335638338 25593.580729166664
1.915235202044684 140053.91278205358 27013.32421875
1.91524869239889 138492.0070144243 29855.983723958332
1.91526218109916 140113.5571777304 34757.912760416664
1.9152756681454524 129472.98302376372 44510.97395833333
1.9152891535377252 135584.7968117324 61005.59374999999
1.915302637275937 152213.07130084495 76213.72916666666
1.9153161193600456 160623.2899430361 80644.3359375
1.9153295997900113 149029.09915903863 73890.44010416666
1.915343078565792 150237.47642249212 65872.26041666666
1.915356555687348 177415.09598758334 60841.627604166664
1.9153700311546378 183141.1306835707 53880.69140624999
1.9153835049676233 169131.1882837598 43493.62499999999
1.915396977126262 150533.5924392937 32921.20833333333
1.915410447630517 157083.36797482928 26325.626953124996
1.9154239164803457 149086.1757056736 22445.660807291664
1.9154373836757121 138287.3762245128 20650.724609375
1.9154508492165745 142036.25389096758 19674.380208333332
1.9154643131028959 139787.68182324714 18925.162760416664
1.915477775334638 135769.12232540592 18153.567057291664
1.915491235911761 123571.55769081708 17344.674479166664
1.9155046948342285 130971.95727437528 16893.038411458332
1.9155181521020015 128182.36606093633 16899.740234375
1.9155316077150435 132880.27951438556 17066.895182291664
1.9155450616733163 125082.27905785147 17321.732421875
1.915558513976784 127003.18206754175 17438.608723958332
1.9155719646254081 122571.94219919608 17597.996744791664
1.9155854136191532 128446.70618288874 17595.203125
1.915598860957983 136196.12467446353 17834.045572916664
1.9156123066418602 139112.7731474609 18058.184244791664
1.915625750670751 134186.31982110123 18496.5546875
1.915639193044618 129401.20297366564 18802.571614583332
1.9156526337634263 131405.81699394895 19264.298828125
1.9156660728271404 137603.93569913253 19945.419921875
1.915679510235727 137759.66513395013 20991.029296875
1.9156929459891487 135187.81878991396 22116.873046875
1.9157063800873737 117193.25457605062 23298.524739583332
1.9157198125303663 130338.19196622976 24754.811848958332
1.9157332433180922 141964.2669778684 26759.555989583332
1.915746672450519 147707.57314923126 28762.97200520833
1.9157600999276116 123438.52870617302 29953.083984375
1.9157735257493387 99655.88483112228 30681.00911458333
1.915786949915665 113176.80500597437 31660.274088541664
1.9158003724265595 126478.91106141992 33683.607421875
1.915813793281989 145259.9151984013 36662.36848958333
1.9158272124819211 144095.9265303309 42068.022135416664
1.9158406300263233 138772.9898374856 47482.14583333333
1.9158540459151652 146062.45237966342 56797.84765624999
1.9158674601484138 140361.0143948034 66313.89713541666
1.9158808727260377 114406.45087078257 78671.1796875
1.915894283648006 59925.506688962945 93864.296875
1.9159076929142884 1206.902393944416 112898.01302083333
1.9159211005248542 -60343.69693536074 144246.3125
1.9159345064796727 -32654.39192900757 181282.15104166666
1.9159479107787123 110252.90481235762 270742.1197916666
1.9159613134219455 251866.80105513643 529150.984375
1.9159747144093406 279428.59756489756 869920.2291666666
1.9159881137408699 887226.9465239113 -260662.91666666674
1.9160015114165023 -59624627.637138 -121136660.04166666
1.9160149074362103 -59726301.05248123 -121402177.31249999
1.916028301799964 -60599451.88605614 -119971523.56249999
1.9160416945077354 2766.307006348332 306949.6666666666
1.916055085559496 1660291.6814404796 -1355004.6041666665
1.9160684749552186 1184180.508147716 -595761.8541666665
1.9160818626948743 1287709.3465334033 -657547.3124999998
1.9160952487784357 -490465.2378167606 1281266.0312500002
1.916108633205876 869324.5141912767 -1018928.6875
1.9161220159771677 nan nan
1.9161353970922832 nan nan
1.916148776551197 nan nan
1.9161621543538827 nan nan
1.9161755305003134 2665189.325529604 109899.4453125
1.9161889049904637 5555948.762309118 -4322740.77734375
1.9162022778243073 3848040.939411376 -3182212.372395833
1.9162156490018187 3422825.4701992325 -3433813.8124999995
1.916229018522974 1246956.7811580487 -933226.3958333333
1.9162423863877465 625852.4689578747 -108953.91666666663
1.9162557525961135 4237.6826914683625 392625.0208333333
1.9162691171480486 -1052346.0553919778 1688629.1875
1.9162824800435274 604093.0175522395 3055809.7291666665
1.9162958412825275 479109.6443392803 -53474.25
1.9163092008650249 -1475205.5266226465 3318767.5
1.916322558790994 -1882789.72191131 819042.0833333337
1.916335915060413 4299876.849550364 14230282.083333332
1.9163492696732591 6951870.703705375 10436664.208333332
1.9163626226295094 19457833.120401114 4000325.791666666
1.9163759739291404 14267831.471858356 -7898855.958333333
1.9163893235721294 14057380.970181553 -8580367.8125
1.9164026715584566 1526812.0848606727 1869681.1875
1.916416017888098 1286957.3016997147 3971095.7708333335
1.9164293625610322 1570294.150925267 5787455.333333333
1.9164427055772382 336177.4506707861 4094687.9999999995
1.9164560469366945 -746961.2464357938 4283559.25
1.9164693866393805 -1460091.645516512 1196776.0833333333
1.916482724685275 -653890.1050417391 -1295799.9166666665
1.9164960610743582 506777.64127891674 -2582596.0
1.916509395806609 1678983.4473154596 -1474064.6666666665
1.9165227288820081 2035248.6233424202 -1177736.2083333333
1.9165360603005352 1162227.4585987614 -1550322.2916666665
1.9165493900621713 1955.6328233018285 -753116.6666666665
1.9165627181668967 -271463.55834392697 346921.875
1.916576044614692 -38569.44413519437 103150.375
1.91658936940554 435169.65716760914 -34793.354166666686
1.9166026925394202 -222406.1592957069 -244635.52083333326
1.9166160140163144 -676544.5345232165 1916574.1458333333
1.9166293338362057 -1458694.5449446538 2811193.9166666665
1.9166426519990756 306933.8806786672 1487143.5833333333
1.9166559685049067 -1074253.3881000981 994278.1666666665
1.91666928335368 2184850.608512688 -2445796.5
1.9166825965453802 95083.44988857396 -2126277.0
1.9166959080799908 1771500.2326253722 -3002570.9791666665
1.916709217957493 -479167.07970364543 -752360.3020833331
1.916722526177871 463829.6613859765 -213677.5989583333
1.9167358327411106 647569.4501584009 -256567.05729166666
1.9167491376471932 57411.6831679428 -583009.8802083333
1.916762440896104 -132916.36409124814 -862331.9166666666
1.9167757424878273 321222.24751577346 -1039361.4791666666
1.9167890424223493 556323.2572788366 -1013605.1666666665
1.916802340699653 4345470.586028217 7700399.833333333
1.9168156373197243 4314446.134906384 7677118.625
1.9168289322825485 4053480.6845561927 8401683.333333332
1.9168422255881117 -641318.2798929247 438138.6666666666
1.9168555172363997 -1385675.8894337383 1064113.9375
1.916868807227398 -1136214.375695571 743485.5729166666
1.916882095561094 -487326.5252254456 386212.9010416667
1.916895382237473 -105296.63535735197 174514.93229166663
1.9169086672565234 -95785.32320104426 124266.37239583333
