igrins/spectra/ux_sex_H_20190410.ecsv
# %ECSV 0.9
# ---
# datatype:
# - name: WAVELENGTH
#   unit: um
#   datatype: float64
# - name: FLUX
#   datatype: float64
# - name: ERROR
#   datatype: float64
# schema: astropy-2.0
WAVELENGTH FLUX ERROR
[from data line 20431]
1.6542957159798812 261684.50045637114 4983.718444122783
1.6543074186608255 260297.67526341113 9672.412883422081
1.654319119821312 263257.0918850423 7934.573849351113
1.654330819461919 264995.468155445 5265.98197090423
1.654342517583224 256288.67161780238 702.0355351370029
1.6543542141858056 261470.56467809598 6019.526001970561
1.6543659092702419 260496.02261031605 1752.5952143470947
1.6543776028371122 267187.377068725 15020.298445052484
1.654389294886994 261526.59395210314 7573.0416525943565
1.6544009854204655 nan nan
1.6544126744381065 nan nan
1.654424361940495 nan nan
1.6544360479282096 nan nan
1.6544477324018292 246941.71085248716 7295.22802734375
1.6544594153619323 245178.6970119837 7293.09814453125
1.6544710968090983 243777.44394246384 7213.64306640625
1.6544827767439054 244973.14423313527 7002.794921875
1.6544944551669334 260368.1481688803 7107.41552734375
1.6545061320787608 252063.91412275413 7158.224609375
1.6545178074799665 251781.38059005153 7217.63623046875
1.6545294813711309 242327.24581269952 7128.9150390625
1.6545411537528312 251814.12905179535 7126.26513671875
1.6545528246256476 246267.50918077526 7137.705078125
1.6545644939901594 238436.65154341568 6930.28271484375
1.6545761618469468 242976.0781871131 6963.4345703125
1.6545878281965873 241136.01266899199 7138.572265625
1.6545994930396626 241657.2757686111 7014.1201171875
1.6546111563767498 249406.4997008031 7089.9833984375
1.6546228182084308 252532.82008168928 7076.94873046875
1.6546344785352842 254919.07459075988 6950.49072265625
1.6546461373578898 249076.65873833123 7060.56982421875
1.654657794676827 252299.69576893983 7080.93212890625
1.654669450492676 253932.5389274728 7108.2421875
1.6546811048060166 261119.6630741607 7067.24267578125
1.6546927576174284 252946.86666909963 6889.57861328125
1.654704408927492 259086.01840226413 7059.52197265625
1.654716058736787 250146.17411328206 6914.20068359375
1.6547277070458937 243821.1983844374 6832.2158203125
1.654739353855392 251121.7295971063 6920.74951171875
1.6547509991658618 263699.6810485825 7071.73095703125
1.6547626429778843 257855.12744082883 7008.125
1.6547742852920395 254751.28664111457 6983.7529296875
1.6547859261089075 304706.758515317 7451.0
1.654797565429069 319643.64377215935 7339.12353515625
1.6548092032531037 268403.3218666089 6960.76904296875
1.6548208395815929 242978.67447462978 6818.9111328125
1.6548324744151173 248817.4907052666 6810.68212890625
1.6548441077542577 245657.10778221543 6775.8583984375
1.6548557395995938 246885.9239588736 6795.91650390625
1.6548673699517067 246235.61222828206 6888.005859375
1.6548789988111787 245843.74701416018 6762.76318359375
1.6548906261785885 238969.9464435344 6705.33544921875
1.654902252054518 227728.59971537004 6706.912109375
1.6549138764395483 238544.7066346207 6708.00341796875
1.6549254993342613 264671.2092504206 6835.13671875
1.6549371207392365 238812.15963787222 6783.47021484375
1.6549487406550552 244424.85428458 6716.6142578125
1.6549603590822999 234514.2394802088 6661.20263671875
1.6549719760215509 229203.84045221526 6619.7783203125
1.6549835914733895 246770.27366678297 6718.9287109375
1.6549952054383978 245912.68544050478 6720.01611328125
1.6550068179171564 242331.44730605412 6698.9853515625
1.6550184289102474 235087.48462629912 6731.7900390625
1.655030038418252 240111.85853635843 6858.24951171875
1.6550416464417523 233208.02328017107 6737.28271484375
1.6550532529813298 239898.15454381605 6734.8662109375
1.6550648580375653 251373.90838309642 6929.99462890625
1.6550764616110416 245060.29305059017 6834.501953125
1.6550880637023402 239826.24359892274 6699.3203125
1.6550996643120437 244564.30665103014 6739.9208984375
1.655111263440733 241817.28768900357 6789.533203125
1.6551228610889905 243577.40061355836 6774.18701171875
1.655134457257398 244786.57941734613 6720.03125
1.6551460519465382 247474.82131308835 6655.04052734375
1.655157645156993 240591.65810880615 6615.35986328125
1.6551692368893445 242989.271683381 6647.8828125
1.6551808271441755 238596.3012327293 6600.92431640625
1.6551924159220675 244509.02799151908 6554.9345703125
1.6552040032236035 248930.87080026368 6584.9052734375
1.6552155890493656 247033.8715879335 6564.1474609375
1.655227173399937 251844.34786723473 6636.978515625
1.6552387562758994 242270.76387016618 6623.87255859375
1.6552503376778356 250299.39716088795 6563.298828125
1.6552619176063288 250449.70850252052 6552.98046875
1.6552734960619615 249125.86305615524 6625.28369140625
1.6552850730453164 245265.0324826026 6512.267578125
1.6552966485569764 244402.80927123738 6528.2841796875
1.6553082225975244 245589.02213599114 6636.69140625
1.6553197951675434 241008.1556824666 6798.2587890625
1.6553313662676163 258717.68940584201 7688.017578125
1.6553429358983265 256279.92093801004 10106.00390625
1.6553545040602566 261119.86092855208 12235.748046875
1.6553660707539903 257268.72281744095 14632.2822265625
1.6553776359801102 246900.07563673134 15578.6728515625
1.6553891997392 241179.56071122884 14999.49609375
1.6554007620318434 238297.71174002002 13155.33203125
1.6554123228586237 243744.1934420548 10612.4736328125
1.655423882220124 245316.83654444257 8098.88720703125
1.655435440116928 242351.4440760258 6679.9287109375
1.655446996549619 241742.01976786266 6462.87646484375
1.6554585515187807 247898.17075174153 6442.42724609375
1.6554701050249976 250519.57750826466 6426.85546875
1.6554816570688529 240456.60900112224 6364.84814453125
1.6554932076509299 242647.73454990174 6351.78076171875
1.6555047567718133 242533.55500049292 6388.01708984375
1.6555163044320866 252536.5501101571 6313.69873046875
1.6555278506323339 243953.85913955595 6239.6357421875
1.6555393953731392 241888.66960822995 6182.833984375
1.6555509386550862 242909.15556763427 6263.1162109375
1.6555624804787596 246914.5724177721 6240.07373046875
1.6555740208447436 240359.11096712115 6245.97705078125
1.6555855597536222 238886.28471575317 6172.9296875
1.6555970972059797 239450.316275561 6137.9765625
1.655608633202401 243959.65981979176 6079.7255859375
1.6556201677434694 241995.5804305205 6095.0380859375
1.6556317008297707 232578.6098203006 6067.34716796875
1.6556432324618882 243103.6464959653 6059.45263671875
1.6556547626404077 239813.23100376566 5944.728515625
1.6556662913659128 235477.6286195402 5983.23583984375
1.6556778186389889 197842.9157937487 5998.4208984375
1.6556893444602205 240764.55456873775 6051.31494140625
1.6557008688301929 246441.7547838129 6021.18212890625
1.65571239174949 232246.73658788844 6008.6435546875
1.6557239132186978 233417.34859921908 6006.46923828125
1.6557354332384004 234253.61552350005 5928.0400390625
1.6557469518091832 229155.43565447154 5995.50439453125
1.6557584689316316 235290.41762202512 5991.43798828125
1.65576998460633 240559.64744585488 5984.3330078125
1.6557814988338646 233868.8822708225 6050.12109375
1.6557930116148203 237063.5846760552 6166.42236328125
1.6558045229497818 239740.45968194128 6286.41015625
1.6558160328393354 236161.44088173937 5998.16015625
1.655827541284066 232539.95092191346 5864.15087890625
1.6558390482845595 231605.93359270148 5853.67578125
1.6558505538414008 238386.72994868128 5791.29443359375
1.6558620579551762 228572.01598672874 5782.8720703125
1.6558735606264707 228868.20786548773 5843.39453125
1.6558850618558705 216522.05581209873 5904.2490234375
1.6558965616439618 218642.89205400637 5932.900390625
1.6559080599913296 230870.11324552348 5938.126953125
1.6559195568985599 237084.26570144919 5944.64892578125
1.655931052366239 235445.51926729613 5942.14599609375
1.6559425463949526 225472.121664229 5919.9560546875
1.6559540389852871 225961.2554121483 5861.27880859375
1.6559655301378284 236962.45540722183 5919.6103515625
1.6559770198531627 236502.15414927632 5853.08203125
1.6559885081318768 228500.20369616873 5776.5302734375
1.6559999949745563 233538.97324806114 5714.01171875
1.656011480381787 233924.3195356992 5657.53857421875
1.6560229643541562 242927.8968237512 5636.24072265625
1.656034446892251 242434.7144814649 5714.552734375
1.6560459279966566 244838.07899889132 5661.17822265625
1.65605740766796 241969.21768679103 5647.6640625
1.6560688859067472 233883.68390704916 5668.9638671875
1.6560803627136058 238284.58043484425 5717.4736328125
1.6560918380891227 252499.0451960064 5775.916015625
1.656103312033884 247109.12715432723 5739.32373046875
1.656114784548477 244346.75166178655 5747.0732421875
1.6561262556334881 247603.1854017642 5666.38037109375
1.656137725289505 245864.4288218467 5706.55078125
1.6561491935171142 256326.94700264317 5666.7646484375
1.6561606603169028 267221.611788626 5681.50244140625
1.6561721256894577 266109.3813746541 5767.099609375
1.6561835896353667 265606.92795521417 5741.70849609375
1.6561950521552167 255269.58397348528 5683.63623046875
1.656206513249595 254545.2729351424 5620.99755859375
1.6562179729190891 261297.83975059495 5670.015625
1.6562294311642864 257129.8885873488 5700.35791015625
1.656240887985774 264207.6123805411 5664.119140625
1.6562523433841396 265340.0408193728 5573.92822265625
1.6562637973599719 268336.6338199732 5649.52783203125
1.6562752499138569 263712.42625786556 5625.90380859375
1.656286701046383 259230.1391331948 5596.7978515625
1.6562981507581378 260178.8619114258 5609.76123046875
1.6563095990497088 252694.82714526047 5596.61767578125
1.6563210459216848 261255.38839867557 5574.84716796875
1.656332491374653 264179.5343104895 5639.09130859375
1.6563439354092022 266998.79612471565 5615.3369140625
1.6563553780259184 264672.5773934281 5607.31103515625
1.656366819225392 255491.91860293146 5609.05126953125
1.6563782590082103 257580.7486453145 5489.50146484375
1.6563896973749612 255460.5605915366 5573.85546875
1.6564011343262333 258500.66614367283 5663.62060546875
1.6564125698626144 260547.7559351229 5563.12939453125
1.6564240039846938 256695.20075127698 5513.005859375
1.6564354366930596 256908.216458524 5533.14404296875
1.6564468679882998 256232.8828537893 5609.03955078125
1.6564582978710025 256988.13083675943 5555.20166015625
1.656469726341758 256380.5452721401 5586.26708984375
1.6564811534011539 251512.4222335114 5581.224609375
1.6564925790497784 254115.83191719305 5534.6279296875
1.6565040032882212 259928.68571077005 5683.83984375
1.656515426117071 256702.69447962186 5890.787109375
1.6565268475369161 250165.6690329484 6049.6396484375
1.6565382675483462 260241.51159914886 6384.55517578125
1.6565496861519498 250362.64216997314 6373.91357421875
1.6565611033483156 248736.217295007 6209.1259765625
1.6565725191380334 252900.8028718429 5982.55810546875
1.6565839335216919 250970.03072770347 5611.10888671875
1.6565953464998808 252754.86557231756 5425.4638671875
1.6566067580731891 260552.17620379318 5471.09912109375
1.6566181682422059 260546.33372452745 5514.80078125
1.656629577007521 259667.25832194643 5434.73876953125
1.6566409843697238 259650.29158700278 5395.73583984375
1.6566523903294035 267714.7784199739 5407.10302734375
1.656663794887149 261649.81879971825 5355.54541015625
1.6566751980435517 258182.43543916848 5357.36865234375
1.6566865997991997 255115.2012376812 5362.2978515625
1.6566980001546836 257938.69244429973 5356.9462890625
1.656709399110593 248391.69132923213 5374.0625
1.656720796667518 251429.4463125855 5343.779296875
1.6567321928260472 253671.29127925428 5325.14404296875
1.6567435875867715 255204.128643768 5307.59814453125
1.656754980950281 255793.49548772495 5263.447265625
1.656766372917166 246959.16763882045 5249.83349609375
1.6567777634880159 251413.84553911214 5232.31787109375
1.656789152663421 253096.87718318217 5176.28076171875
1.6568005404439725 261929.62438282373 5260.99462890625
1.6568119268302592 247796.80656686006 5267.0478515625
1.6568233118228728 257722.76903731402 5183.0859375
1.6568346954224027 256543.64741498462 5230.3505859375
1.6568460776294391 259883.97068448985 5291.08154296875
1.6568574584445743 256924.13905281885 5257.19873046875
1.656868837868397 251546.0330235934 5268.0654296875
1.656880215901499 258493.08104912844 5266.109375
1.6568915925444698 252935.872169722 5224.2431640625
1.6569029677979015 261849.43725969305 5306.1259765625
1.6569143416623833 255724.6776555201 5261.28662109375
1.656925714138508 260341.1589864592 5306.30322265625
1.6569370852268652 256876.64207639138 5292.7900390625
1.656948454928046 240889.329030229 5478.37109375
1.656959823242642 250442.89665819067 5406.541015625
1.6569711901712438 256325.36754971766 5383.8857421875
1.6569825557144424 259009.79237446448 5268.828125
1.656993919872829 264269.9576670665 5214.783203125
1.657005282646995 261980.29065644415 5183.56005859375
1.6570166440375316 267039.81066410325 5211.271484375
1.6570280040450305 261498.40060786475 5138.69873046875
1.657039362670083 265491.41516524367 5165.9365234375
1.6570507199132807 258827.0473912963 5215.79736328125
1.6570620757752141 255594.68107696058 5129.90087890625
1.6570734302564762 263622.3905979541 5066.88232421875
1.657084783357658 265100.7878644663 5137.76953125
1.657096135079351 254190.05956307997 5118.8828125
1.6571074854221468 261744.11814650052 5123.81982421875
1.657118834386638 257016.10051876065 5147.53662109375
1.657130181973416 262027.33608971146 5206.15869140625
1.6571415281830728 254505.15047327027 5147.08837890625
1.6571528730162002 250849.19979342862 5119.67724609375
1.6571642164733906 258418.5967031878 5157.1123046875
1.6571755585552352 254345.08502729406 5126.638671875
1.6571868992623278 253445.34439094405 5075.71240234375
1.6571982385952582 251638.12677858886 5075.654296875
1.6572095765546213 259398.20034156082 5108.3701171875
1.6572209131410074 262187.5864494842 5094.9716796875
1.65723224835501 257138.46731970517 5068.95751953125
1.6572435821972211 258565.23855866573 5138.08984375
1.6572549146682334 258424.52657928364 5127.82861328125
1.6572662457686391 255047.93480456498 5100.611328125
1.6572775754990312 256313.74512108785 5065.83056640625
1.6572889038600014 244619.37167364123 5037.3212890625
1.6573002308521434 254736.32098998586 5147.048828125
1.65731155647605 253616.6399857217 5063.4189453125
1.6573228807323137 251379.6752559746 5045.2939453125
1.6573342036215277 257284.63574378303 5121.18212890625
1.6573455251442841 259700.00440304377 5034.14697265625
1.6573568453011764 255812.8789953837 4946.3330078125
1.6573681640927982 256741.57349044055 5008.12744140625
1.6573794815197418 254786.8370026625 4991.736328125
1.6573907975826003 255600.19587332642 4917.32177734375
1.6574021122819675 259483.4421697541 4998.94970703125
1.657413425618437 253759.36626437816 4959.73486328125
1.6574247375926008 264934.53079364786 5008.94775390625
1.6574360482050534 259085.05298079108 5021.75732421875
1.657447357456388 257197.88142724836 4926.26318359375
1.6574586653471977 254321.58800732397 4973.15673828125
1.657469971878076 256928.73179022793 5008.1943359375
1.6574812770496175 257896.90585053834 4962.16064453125
1.6574925808624144 254757.40842796306 4996.259765625
1.6575038833170614 262900.39957153826 5055.0263671875
1.6575151844141525 261476.73165677715 5034.44140625
1.657526484154281 262444.66384360136 5095.05126953125
1.6575377825380413 265933.2198181253 5020.66259765625
1.6575490795660268 264766.60096386407 4997.99267578125
1.6575603752388308 259123.72683944818 5026.33837890625
1.6575716695570493 260620.53052268346 4985.90576171875
1.6575829625212752 265271.03795263823 5029.9873046875
1.6575942541321025 261930.21427691073 4987.65234375
1.6576055443901259 264616.86636844795 5002.38623046875
1.6576168332959396 259049.07722886966 4995.2099609375
1.6576281208501376 264732.5788727824 4944.11767578125
1.6576394070533151 267197.55925120314 4985.3837890625
1.657650691906066 261047.99773236693 4966.36279296875
1.6576619754089845 263279.4937017403 4957.388671875
1.6576732575626656 265770.9438390473 4892.6328125
1.6576845383677041 261805.33241171078 4901.03662109375
1.6576958178246943 272882.56601030065 5001.7646484375
1.6577070959342304 268664.3223631321 4967.7744140625
1.6577183726969087 267074.53265825997 4949.806640625
1.6577296481133226 258597.98599049557 4907.8984375
1.6577409221840682 256669.36634006712 4869.35986328125
