igrins/spectra/ux_sex_K_20190410_smoothed.ecsv
# %ECSV 1.0
# ---
# datatype:
# - {name: WAVELENGTH, unit: um, datatype: float64}
# - {name: FLUX, datatype: float64}
# - {name: ERROR, datatype: float64}
# schema: astropy-2.0
WAVELENGTH FLUX ERROR
[from data line 38443]
2.4326603687579373 76534.05706996974 4285.201171875
2.432676925942788 77473.45892234892 4401.548665364583
2.4326934811027363 77305.73754313559 4535.165690104166
2.4327100342380774 76005.80568407355 4726.522298177083
2.4327265853491045 73881.0297176653 4973.612955729166
2.432743134436112 77379.20184862986 5262.49658203125
2.432759681499388 77256.27109858727 5515.654296875
2.4327762265392243 77089.68214442377 5648.657877604166
2.4327927695559084 72619.46787578924 5618.6669921875
2.4328093105497275 72612.69728691071 5437.5009765625
2.432825849520966 74225.81753216573 5189.492513020833
2.4328423864699094 75942.88560025897 4924.9248046875
2.4328589213968392 75265.90160976624 4712.918131510416
2.4328754543020383 75663.31260911339 4567.59716796875
2.4328919851857855 76603.7324443385 4484.770670572916
2.43290851404836 76776.50291592423 4455.1787109375
2.4329250408900402 77181.12985082614 4464.023600260416
2.432941565711101 76517.7652310813 4458.111165364583
2.432958088511817 77792.54827414372 4472.535970052083
2.432974609292461 76805.44280677383 4492.760416666666
2.432991128053306 77199.65407561393 4539.918782552083
2.433007644794623 77539.42025564403 4579.568522135416
2.4330241595166786 77633.28658898835 4609.056803385416
2.4330406722197444 75281.10825558609 4674.03515625
2.4330571829040837 73824.33130421593 4743.247721354166
2.433073691569963 74273.8316663524 4882.928385416666
2.433090198217647 75045.06853710373 5070.852376302083
2.4331067028473963 74314.26395401653 5254.48388671875
2.4331232054594727 73515.77888339854 5422.8916015625
2.4331397060541358 75797.0813306938 5584.73583984375
2.4331562046316435 77974.82171624544 5836.927083333333
2.4331727011922544 80845.56236530702 6170.618326822916
2.433189195736223 80379.66314143603 6669.007486979166
2.433205688263802 82303.24150270835 7417.7392578125
2.4332221787752473 82525.51418392235 8581.06787109375
2.433238667270808 84823.40862201982 10400.201822916666
2.433255153750736 85035.60525282785 13455.0517578125
2.4332716382152793 82945.91386566106 18649.334635416664
2.4332881206646855 69039.96359022686 28003.528645833332
2.4333046010992008 53973.749442452994 43285.76171875
2.433321079519069 33629.28508140219 66580.74869791666
2.4333375559245347 80580.99854663266 84750.34895833333
2.4333540303158396 102036.53668243611 85815.66666666666
2.433370502693224 123033.36266124395 67706.16015625
2.433386973056927 87460.51728685002 44445.814453125
2.4334034414071883 78657.49980011463 28258.09765625
2.433419907744242 80037.22958535494 18851.38671875
2.433436372068325 81999.16652816816 13596.415690104166
2.4334528343796706 82727.61439506497 10350.078125
2.4334692946785106 77835.93984415433 8472.30029296875
2.433485752965078 76637.61508535463 7451.93310546875
2.4335022092396 76755.6425914114 6745.216145833332
2.4335186635023085 81090.29282109856 6245.236816406249
2.433535115753427 79072.76968798679 5872.40185546875
2.433551565993183 78969.91309571585 5648.629231770833
2.4335680142218004 77554.38186327231 5461.917154947916
2.4335844604395036 78691.26339571751 5297.82373046875
2.433600904646512 77409.28731663889 5130.269694010416
2.4336173468430466 78159.14933122238 5001.150065104166
2.433633787029328 78999.61216157916 4910.9140625
2.4336502252055716 81632.72103602858 4847.284342447916
2.4336666613719937 82285.52401392312 4788.09326171875
2.43368309552881 80242.7773187462 4726.908203125
2.433699527676234 76272.74082217552 4668.24267578125
2.4337159578144774 74005.4013089173 4630.9921875
2.433732385943751 74769.09454461926 4618.310872395833
2.4337488120642643 76860.03876150202 4602.324544270833
2.4337652361762263 79298.03706081209 4591.64306640625
2.433781658279841 80313.58802873325 4590.49853515625
2.4337980783753164 82011.48751669255 4585.42236328125
2.433814496462855 82149.15526037118 4557.862141927083
2.4338309125426605 84112.88063680903 4539.1943359375
2.4338473266149325 84176.36689865423 4541.979654947916
2.4338637386798725 83493.2832753928 4551.374186197916
2.433880148737679 82753.33457901882 4572.326009114583
2.4338965567885467 81824.3303194232 4567.466634114583
2.433912962832674 80878.28053685022 4579.28955078125
2.4339293668702555 79221.0426339538 4557.4716796875
2.4339457689014825 79021.90121548942 4559.0693359375
2.4339621689265476 79699.06847661595 4585.68115234375
2.433978566945641 82097.14274466637 4615.778483072916
2.433994962958952 84206.21191676834 4630.29833984375
2.4340113569666686 84679.25585866118 4642.092936197916
2.4340277489689757 82124.67557679146 4646.111002604166
2.4340441389660583 79492.07614832722 4654.293619791666
2.434060526958102 78253.19520773574 4656.92236328125
2.4340769129452875 78153.96919410635 4664.629231770833
2.4340932969277955 79521.29266343653 4695.663411458333
2.434109678905806 82369.67016029201 4714.610026041666
2.434126058879497 84743.81651195293 4742.356608072916
2.4341424368490454 83172.94726672163 4768.013834635416
2.434158812814626 82049.13540337322 4800.231282552083
2.434175186776414 80862.29892608114 4832.076985677083
2.43419155873458 81174.65412495084 4853.027506510416
2.4342079286892977 79211.68650509519 4832.236165364583
2.434224296640736 77287.82357590142 4810.29345703125
2.4342406625890636 76101.21182056825 4792.020833333333
2.434257026534447 76218.56032559999 4813.0771484375
2.4342733884770533 78527.20631954081 4845.845865885416
2.4342897484170463 82153.94434099869 4876.083984375
2.4343061063545894 81775.1894152982 4889.28466796875
2.434322462289845 77089.31665432658 4900.884602864583
2.4343388162229713 72408.11480483416 4910.3017578125
2.4343551681541307 70487.0685164881 4934.40234375
2.434371518083479 72497.6037123256 4936.92431640625
2.4343878660111726 73230.23650321014 4961.45556640625
2.4344042119373666 72385.23090032715 4970.291829427083
2.4344205558622147 72082.15579346381 4994.717447916666
2.4344368977858686 69591.615467725 4992.810384114583
2.4344532377084813 69752.41265155785 5035.067220052083
2.434469575630201 70061.62041177438 5118.31494140625
2.434485911551175 69127.21587894198 5190.176595052083
2.4345022454715513 71624.69640259641 5244.369791666666
2.4345185773914753 69072.85606858818 5268.884114583333
2.4345349073110913 71573.08428341587 5355.91259765625
2.4345512352305403 68941.32728057528 5421.1943359375
2.434567561149967 68175.06960130588 5515.9208984375
2.4345838850695096 67060.76968078958 5578.1083984375
2.434600206989306 67245.71985615464 5685.246744791666
2.4346165269094944 67968.81851204956 5748.86474609375
2.434632844830211 65044.02299623759 5826.216796875
2.4346491607515897 61656.13951464785 5921.459635416666
2.4346654746737646 58866.01175158773 6117.270833333333
2.434681786596867 60997.440860274 6405.630208333332
2.4346980965210285 65503.7307793909 6742.958333333333
2.4347144044463773 67044.43106442255 7319.936035156249
2.4347307103730405 69778.9437905965 8154.230143229166
2.434747014301146 70479.133740372 9463.115397135416
2.434763316230818 80604.79525993559 11222.677083333332
2.434779616162181 76440.23765372587 14286.911783854166
2.434795914095357 75853.81698064668 18791.651041666664
2.4348122100304663 64190.273030871525 24237.011067708332
2.4348285039676303 67280.98224690463 27317.656249999996
2.434844795906966 63846.9340650768 26985.649739583332
2.4348610858485906 74295.10278171662 23331.979166666664
2.4348773737926193 73375.77002667394 18957.066080729164
2.4348936597391666 75995.97283187952 15266.027018229164
2.434909943688347 71544.13300402835 12562.680989583332
2.4349262256402686 72233.22700194054 11050.237955729166
2.434942505595045 68624.04310879987 10141.458984375
2.434958783552782 65798.1636816084 9773.673502604166
2.4349750595135893 64442.84126974773 9684.488606770832
2.4349913334775724 65204.90584582771 9707.818033854166
2.435007605444835 62742.26672317578 9890.721028645832
2.4350238754154816 64006.37152171342 10239.642903645832
2.4350401433896134 65568.43440623715 10739.873046875
2.435056409367333 66961.26196165016 11360.211588541666
2.4350726733487367 60815.81323732693 12135.919596354166
2.4350889353339236 64532.87408309795 13234.651692708332
2.4351051953229907 59106.094857466196 14723.8125
2.4351214533160337 60010.802477713805 16998.512044270832
2.435137709313145 51320.88072922449 19876.214192708332
2.435153963314418 63894.45299222293 23839.376302083332
2.4351702153199444 51539.82100035089 29915.28645833333
2.4351864653298123 66099.38869783813 40649.99934895833
2.4352027133441108 57480.01879408419 59069.87109375
2.4352189593629268 105729.32419673295 83863.45963541666
2.4352352033863474 93036.4927950307 131542.90885416666
2.435251445414455 159174.92651046772 196916.7421875
2.435267685447333 -83142.83931453948 483838.0416666666
2.4352839234850645 -177591.2449096546 562716.5104166666
2.4353001595277277 -330409.2046051074 635966.5833333333
2.435316393575403 2934820.550948243 1841663.8749999998
2.4353326256281664 5683470.936392848 4925562.197916666
2.435348855686096 5792290.637623591 4368139.166666666
2.4353650837492644 3614280.889366256 3384259.5416666665
2.4353813098177475 344488.6420407032 319960.81249999994
2.435397533891615 -1251158.4987319075 632912.8854166666
2.4354137559709392 -3225289.271396451 129974.76562499999
2.4354299760557887 -2382381.9855642477 374778.234375
2.435446194146232 3784793.4732378507 2846162.875
2.435462410242336 2547091.962632747 1995139.8749999998
2.435478624344165 3131275.8585079676 2036407.2499999998
2.4354948364517828 1001904.2060784502 958151.2916666666
2.435511046565253 1201911.11096659 1600697.0833333333
2.4355272546846374 660306.0758873968 1499350.0
2.4355434608099937 169339.3532333899 1159338.7291666667
2.4355596649413824 4923.920911305111 528309.9895833333
2.4355758670788585 41842.386484505594 320158.6041666666
2.4355920672224807 150712.27352308913 201356.09635416666
2.4356082653723012 132203.09334029045 113502.69401041666
2.435624461528373 129714.08779169117 69224.95442708333
2.435640655690749 118180.06608180879 50334.57161458333
2.4356568478594784 107083.22273207502 39610.38671875
2.4356730380346105 86940.03720473633 32885.81770833333
2.435689226216193 78503.80041234223 26860.104166666664
2.435705412404274 78215.41614968312 22717.89453125
2.435721596598895 84722.89415679345 19973.91796875
2.4357377788001013 78025.48659528414 17568.884114583332
2.4357539590079353 73976.24681908722 15951.500651041666
2.435770137222438 72103.39795018248 14694.640299479164
2.4357863134436477 76279.10139342477 13847.690104166664
2.435802487671604 74301.3151952448 13099.347981770832
2.435818659906342 72974.26144332583 12506.178385416666
2.4358348301478974 75069.38715892134 11971.438802083332
2.4358509983963055 67236.68021491214 11523.925130208332
2.4358671646515977 70538.01645500062 11309.26171875
2.4358833289138055 68527.84455590422 11304.768880208332
2.4358994911829606 80739.32496517859 11499.125
2.4359156514590885 74775.15185851752 11678.525716145832
2.4359318097422182 69183.25977922585 12012.154622395832
2.4359479660323755 70227.59188221813 12420.849609375
2.4359641203295843 69968.1867575252 13114.753255208332
2.4359802726338677 77419.1021901691 14222.544596354166
2.4359964229452498 65195.716155276 15599.5185546875
2.4360125712637477 66311.34649919624 17607.317708333332
2.4360287175893824 58422.664802057385 20177.453125
2.4360448619221717 57709.46203531303 25449.235026041664
2.4360610042621307 50447.248558732 33297.83528645833
2.436077144609276 55344.443557233986 47144.02734375
2.4360932829636193 111451.3648125529 69966.64973958333
2.436109419325174 153701.80720282902 111499.91927083333
2.436125553693951 -68513.36470829803 207315.72135416666
2.4361416860699596 -347700.767932748 434474.6302083333
2.4361578164532083 9122010.780747674 4604331.145833333
2.4361739448437034 9432149.166196216 5351450.229166667
2.436190071241451 10115690.098870652 5432525.270833334
2.436206195646455 773723.6887349713 1326954.2604166665
2.436222318058719 824524.239992098 598683.9270833333
2.4362384384782416 446763.9507680264 318707.1510416666
2.4362545569050256 304499.5277375139 236906.54687499997
2.4362706733390684 168280.37107438664 124411.70052083331
2.4362867877803684 107548.61672725632 77881.8359375
2.4363029002289203 98803.39712371619 50556.64062499999
2.4363190106847195 93908.43647538622 35996.19921875
2.436335119147758 75134.02893068697 27805.850260416664
2.4363512256180297 70745.81661671025 22789.630859375
2.4363673300955235 76414.09155708253 18920.439127604164
2.436383432580229 82460.53853061837 16698.006510416664
2.436399533072135 79358.82026169356 15410.386393229166
2.436415631571226 77876.82424994068 14913.644531249998
2.4364317280774888 75270.24113647436 15018.997721354166
2.4364478225909063 83529.0284936346 15849.776692708332
2.4364639151114607 91518.12688974189 17700.03125
2.4364800056391336 88378.9046557158 20921.178385416664
2.4364960941739042 74394.35262704438 26950.332682291664
2.4365121807157513 66213.99977413847 38125.08333333333
2.4365282652646503 49493.81726811993 57703.84895833333
2.4365443478205786 82523.32981653935 100387.3046875
2.4365604283835096 -54013.461203308114 151803.6770833333
2.4365765069534167 32866.337198572466 184424.796875
2.43659258353027 3957.8481696113486 165266.6458333333
2.436608658114041 123427.40639921134 113771.70182291666
2.436624730704698 70729.83933182874 64658.19531249999
2.4366408013022087 75481.65162981786 36526.90234374999
2.436656869906538 102302.17408663602 23944.6240234375
2.4366729365176516 94777.35123028452 16658.447916666664
2.4366890011355133 90226.0920679474 13007.990234375
2.4367050637600847 83718.25519419485 10825.380533854166
2.436721124391325 80532.65792196542 9342.82373046875
2.4367371830291944 84306.99231683588 8348.98291015625
2.436753239673652 81068.39042521003 7590.544759114582
2.436769294324653 80486.03124170328 7140.187662760416
2.4367853469821523 75280.09609625433 6795.163574218749
2.4368013976461054 74475.70212278375 6547.902506510416
2.436817446316463 72327.46406726219 6293.961588541666
2.436833492993175 75350.69839172963 6120.04541015625
2.4368495376761956 77519.59697350691 6004.48388671875
2.4368655803654695 82106.68312036994 5918.47314453125
2.436881621060945 83276.40923729641 5787.959635416666
2.4368976597625664 86214.5885362472 5595.630045572916
2.4369136964702798 85376.13876016162 5461.1904296875
2.4369297311840277 80862.36250768334 5397.990885416666
2.436945763903751 79653.29940115032 5361.940592447916
2.4369617946293904 79568.78940960587 5312.37939453125
2.4369778233608845 81031.59062437071 5260.620442708333
2.4369938500981707 81693.91996614971 5226.845703125
2.4370098748411855 79890.2582892743 5215.624674479166
2.4370258975898635 79473.51236678768 5167.084798177083
2.4370419183441387 76943.97222881501 5170.928385416666
2.437057937103942 78459.18754577855 5184.736490885416
2.437073953869204 81605.94757480508 5227.377278645833
2.4370899686398566 81202.51730473121 5213.9091796875
2.4371059814158245 80704.72956019841 5174.810384114583
2.4371219921970355 78039.42724157922 5142.226888020833
2.437138000983416 79352.63106230929 5079.727701822916
2.4371540077748888 78720.58509124597 5030.96044921875
2.4371700125713764 76803.91675521614 4959.31201171875
2.4371860153728 73826.0898801595 4912.048014322916
2.4372020161790804 72869.19553069802 4864.220052083333
2.437218014990135 71803.11735840546 4823.148111979166
2.4372340118058813 72511.04160170456 4781.881673177083
2.4372500066262344 72537.83952916828 4748.647135416666
2.4372659994511094 73782.2546155372 4747.672688802083
2.43728199028042 70697.54287790525 4787.387858072916
2.437297979114076 70371.80303540613 4849.759765625
2.437313965951989 71289.165986236 4875.273111979166
2.437329950794068 76483.13547018569 4849.875813802083
2.4373459336402195 77496.72959314584 4779.71435546875
2.4373619144903516 77250.67062188829 4698.4658203125
2.437377893344367 74931.57412882493 4653.038899739583
2.4373938702021714 74510.92371632918 4627.05322265625
2.4374098450636645 75525.75731238024 4605.93701171875
2.4374258179287493 74162.3159454124 4586.8720703125
2.4374417887973236 74575.48810240674 4565.037760416666
