igrins/spectra/ux_sex_K_20190410.ecsv
# %ECSV 1.0
# ---
# datatype:
# - {name: WAVELENGTH, unit: um, datatype: float64}
# - {name: FLUX, datatype: float64}
# - {name: ERROR, datatype: float64}
# schema: astropy-2.0
WAVELENGTH FLUX ERROR
[from data line 887]
1.9860119788080026 130678.28215162833 3128.933837890625
1.9860248608146887 131139.3213612074 3140.414794921875
1.9860377411546322 131380.7849890089 3156.24560546875
1.986050619827846 130890.04925642091 3179.852294921875
1.986063496834344 130943.33042059175 3168.04296875
1.9860763721741392 130562.18930853362 3162.19384765625
1.9860892458472437 129857.60404634336 3155.068359375
1.9861021178536697 128236.52593560671 3117.37744140625
1.986114988193429 128719.58055922088 3099.590087890625
1.9861278568665337 129604.52730035086 3082.945068359375
1.9861407238729945 129571.88850618733 3080.59521484375
1.9861535892128226 127745.09110526275 3059.375244140625
1.9861664528860277 127017.0460001172 3052.3408203125
1.9861793148926217 127723.00162629285 3074.9658203125
1.9861921752326124 128421.23298488074 3068.920654296875
1.9862050339060102 127226.51219864187 3063.762451171875
1.986217890912824 126206.96271299128 3060.0126953125
1.9862307462530635 125433.83034903219 3073.993896484375
1.9862435999267363 124679.27946331732 3053.65234375
1.986256451933851 124148.594824953 3035.763916015625
1.9862693022744156 125269.50133693665 3074.253173828125
1.986282150948436 126065.78270230388 3128.73095703125
1.9862949979559212 126419.45309697316 3096.94873046875
1.9863078432968773 125951.14650267918 3074.971923828125
1.9863206869713097 126665.54978880615 3078.822021484375
1.9863335289792265 126065.36223349776 3072.2373046875
1.9863463693206322 124778.14875964826 3075.5380859375
1.9863592079955326 122572.21559851515 3060.01513671875
1.9863720450039324 122440.51244783694 3081.2919921875
1.9863848803458366 121020.65398875577 3128.22509765625
1.9863977140212492 119850.85928710052 3117.077392578125
1.9864105460301753 118233.86351109599 3072.171142578125
1.9864233763726178 117448.26834060521 3014.995849609375
1.9864362050485804 117590.38579788119 3024.532958984375
1.9864490320580652 117394.39729709542 3040.101806640625
1.9864618574010762 117357.71942816731 3029.833740234375
1.9864746810776155 116294.81769692572 3026.262451171875
1.9864875030876843 116119.91259397684 3034.24560546875
1.9865003234312852 116400.41270799021 3019.59033203125
1.9865131421084194 116049.16490121908 3015.51708984375
1.9865259591190876 114392.27128896532 3002.945068359375
1.9865387744632894 113544.08975153629 2994.15673828125
1.9865515881410274 112974.18266153074 3021.563720703125
1.9865644001523006 112729.73085902279 3065.0751953125
1.986577210497109 112057.94664040726 3095.905517578125
1.98659001917545 111004.95350348475 3115.339599609375
1.986602826187324 109586.31123122922 3161.7724609375
1.9866156315327312 109153.37944072536 3235.25146484375
1.9866284352116672 110624.5198088083 3240.619873046875
1.9866412372241313 111299.67609136265 3205.34033203125
1.9866540375701205 109605.85314301636 3161.872314453125
1.986666836249633 109339.1207469802 3121.014892578125
1.9866796332626646 111923.37677819087 3167.019775390625
1.9866924286092127 113640.8495037504 3236.3486328125
1.9867052222892736 112940.62133998424 3225.401611328125
1.9867180143028422 112167.39379970318 3256.431884765625
1.986730804649915 114036.76933570651 3350.578369140625
1.986743593330487 114654.02244858156 3431.011962890625
1.9867563803445538 113569.29770235893 3400.1806640625
1.986769165692108 113195.33624273317 3396.487060546875
1.9867819493731462 113607.11265177613 3439.20556640625
1.9867947313876606 114545.94103634154 3499.73388671875
1.9868075117356454 114827.19120202577 3598.420654296875
1.986820290417093 116137.3440417533 3694.71044921875
1.9868330674319976 117907.8860045 3867.46142578125
1.986845842780351 118701.51312124223 4103.09912109375
1.9868586164621453 117521.15627304724 4449.744140625
1.9868713884773719 116149.754530365 5000.13232421875
1.9868841588260235 114771.58509130027 6093.98779296875
1.9868969275080903 111924.82597546175 8122.01220703125
1.9869096945235634 107916.23491851636 12560.01953125
1.9869224598724329 96527.34915298267 22492.30859375
1.9869352235546895 78091.64462054064 46382.671875
1.9869479855703231 68337.37907473788 62561.265625
1.9869607459193226 73547.29298682179 43614.03515625
1.986973504601677 89567.30368199767 22879.5
1.9869862616173761 102914.2248573936 13668.1064453125
1.9869990169664071 107908.10869204163 9411.9599609375
1.987011770648759 113144.28072822877 7288.6669921875
1.9870245226644192 113188.50291357323 6261.86767578125
1.987037273013375 114249.43665569136 5957.27197265625
1.9870500216956133 114231.07617449336 5947.40576171875
1.9870627687111213 112311.66915811287 6429.599609375
1.9870755140598857 111117.89776296123 7575.77294921875
1.9870882577418918 108187.52562357741 10144.1005859375
1.9871009997571258 108157.63471074714 16036.75
1.987113740105572 109340.25306795814 28602.873046875
1.9871264787872178 108181.72296932878 44143.69140625
1.987139215802045 100716.19101016948 34161.62890625
1.9871519511500408 97507.92363285669 18625.560546875
1.9871646848311875 102537.25900658235 11303.01953125
1.9871774168454683 111207.49673820735 7496.5859375
1.9871901471928681 113581.9044246216 5724.9892578125
1.987202875873368 109991.83758532513 4832.83251953125
1.9872156028869536 108876.42813798669 4264.94287109375
1.9872283282336038 109343.6317216722 3971.97607421875
1.9872410519133035 110336.65900316846 3791.467041015625
1.987253773926032 110525.16642799224 3659.677978515625
1.9872664942717724 110301.90356878284 3492.484130859375
1.9872792129505046 109488.46556279696 3391.26220703125
1.9872919299622096 108485.03347331008 3352.434326171875
1.987304645306868 107655.8254714941 3372.95556640625
1.987317358984459 106687.39191552061 3327.7392578125
1.9873300709949628 104653.91241951648 3269.350830078125
1.9873427813383582 101508.55880453232 3194.077880859375
1.9873554900146246 101200.04744222968 3158.287109375
1.98736819702374 102937.39893049249 3129.283447265625
1.987380902365683 103092.74675326946 3081.36279296875
1.987393606040432 101649.28628980758 3089.578125
1.9874063080479638 99192.11196323993 3053.031494140625
1.9874190083882561 98184.24325364438 3041.392578125
1.987431707061286 98078.8686497143 3042.655029296875
1.9874444040670287 97936.49883016117 2986.9521484375
1.9874570994054617 98303.85625004281 2972.98486328125
1.9874697930765604 97157.9949612965 3001.52197265625
1.9874824850803015 95381.33477911145 2979.53857421875
1.9874951754166577 93269.39586397834 2948.89990234375
1.9875078640856063 93459.2312354526 2942.487548828125
1.9875205510871201 94198.26326263878 2946.228759765625
1.9875332364211746 95162.73768597591 2964.704345703125
1.9875459200877426 95536.5179808572 2957.1904296875
1.9875586020867981 96057.10102048278 2973.421142578125
1.9875712824183145 96085.04521231246 3042.702392578125
1.9875839610822639 95504.4754187488 3067.772216796875
1.9875966380786192 94806.52820593136 3067.1044921875
1.9876093134073525 94250.35308889057 3061.54345703125
1.9876219870684357 95437.83858497908 3066.22607421875
1.9876346590618403 96480.83191056547 3036.93310546875
1.987647329387536 96534.96226170816 2997.848876953125
1.9876599980454954 97330.47105497115 2958.498779296875
1.9876726650356895 98999.94635017958 2956.458984375
1.9876853303580864 100721.75193966053 2958.577880859375
1.9876979940126565 100931.65475247923 2971.2919921875
1.9877106559993694 100949.19608630138 2999.268798828125
1.9877233163181949 102706.29824147723 3013.64013671875
1.9877359749691004 104724.67923312867 3046.199462890625
1.987748631952055 105653.13964314252 3109.86328125
1.9877612872670267 107996.79069569943 3126.54736328125
1.987773940913983 109745.24952988818 3126.587890625
1.9877865928928913 112522.76477376962 3077.727294921875
1.9877992432037193 113825.00700456808 3046.123779296875
1.9878118918464331 114611.35152049684 3058.760986328125
1.987824538820999 115781.62017848919 3054.04736328125
1.9878371841273832 115926.23098502654 3080.67919921875
1.9878498277655519 116827.39436971844 3068.396728515625
1.9878624697354692 118390.00247029249 3079.28466796875
1.9878751100371008 119781.59347243184 3092.15771484375
1.9878877486704118 120639.77861540254 3119.4814453125
1.9879003856353659 121003.22844951846 3127.32421875
1.9879130209319271 121191.59725305956 3171.849609375
1.9879256545600592 121941.50044179417 3242.22314453125
1.9879382865197255 121941.6648736373 3394.879638671875
1.9879509168108895 122031.30098101197 3635.537353515625
1.9879635454335136 120423.07733595087 3748.293212890625
1.9879761723875586 118438.43397886044 3617.265380859375
1.987988797672988 118107.31609863316 3404.732666015625
1.9880014212897632 119283.18940512373 3295.69384765625
1.9880140432378448 121104.11486664333 3216.8662109375
1.9880266635171953 122372.27898106622 3159.287841796875
1.9880392821277726 123537.08224709434 3161.2763671875
1.9880518990695397 124681.99757148941 3148.3310546875
1.9880645143424553 125420.6743847527 3159.941162109375
1.9880771279464788 124318.682919202 3137.51171875
1.9880897398815698 121548.39339453171 3094.739501953125
1.9881023501476862 119476.54616873842 3088.374267578125
1.988114958744788 119437.62832948346 3092.400146484375
1.988127565672833 121026.83387865392 3101.497802734375
1.9881401709317787 122327.69015466796 3112.138427734375
1.9881527745215821 123013.84148198299 3141.13427734375
1.988165376442202 123683.21073991404 3154.811767578125
1.9881779766935943 124418.16322631668 3164.69580078125
1.9881905752757143 125967.9993175035 3230.453125
1.9882031721885207 126935.44033103283 3313.243896484375
1.9882157674319674 125573.3444325608 3377.2431640625
1.988228361006011 123467.1415527227 3338.85498046875
1.9882409529106058 122876.61626464521 3332.619384765625
1.9882535431457065 124063.24068230636 3284.439697265625
1.9882661317112686 125085.00402020919 3267.381591796875
1.9882787186072453 126117.4611121593 3254.15283203125
1.9882913038335908 127244.36977644941 3212.036376953125
1.9883038873902592 129951.45965219697 3179.3232421875
1.9883164692772024 130337.83828434693 3156.2080078125
1.9883290494943737 129640.74081546623 3126.301025390625
1.9883416280417245 127002.44508402505 3117.229248046875
1.9883542049192091 126857.26507294446 3101.08251953125
1.9883667801267781 127011.79663603683 3141.264404296875
1.9883793536643826 127465.90849210745 3163.927734375
1.9883919255319735 127120.27245117653 3219.9267578125
1.9884044957295028 128597.74073563342 3227.522216796875
1.9884170642569197 130732.22452792822 3233.624267578125
1.9884296311141745 132095.8980857544 3229.25341796875
1.9884421963012178 133510.1758874182 3224.928955078125
1.9884547598179978 133340.53718871847 3245.708740234375
1.9884673216644633 134191.75452631604 3171.644775390625
1.9884798818405638 133134.93099641183 3165.755859375
1.9884924403462483 132772.63386064954 3196.704833984375
1.9885049971814632 131825.47037493915 3178.263671875
1.9885175523461578 131626.00333540255 3175.296875
1.9885301058402778 131530.1008171535 3214.146240234375
1.9885426576637715 130946.59858450404 3228.345947265625
1.9885552078165851 132164.2843650533 3230.40869140625
1.9885677562986652 133621.41692057165 3280.962158203125
1.9885803031099576 134650.33009811738 3284.848876953125
1.988592848250407 133602.1070625065 3250.66650390625
1.98860539171996 133406.2576667778 3207.404296875
1.9886179335185614 134154.23162301263 3223.205322265625
1.9886304736461555 134756.2918159298 3209.541259765625
1.9886430121026861 133781.92248959918 3207.991943359375
1.988655548888097 132081.8724444535 3196.202880859375
1.9886680840023336 131961.5236828907 3207.266845703125
1.9886806174453382 133802.83095804002 3237.286376953125
1.9886931492170525 135618.4256364795 3243.13134765625
1.988705679317421 136685.0373090853 3244.720947265625
1.9887182077463847 136655.1405375267 3272.9365234375
1.9887307345038856 135768.17678104303 3302.13232421875
1.9887432595898658 134566.3115630803 3318.0146484375
1.9887557830042666 132822.34740375567 3295.819580078125
1.9887683047470281 132068.90471919795 3240.7119140625
1.988780824818091 131675.63361597958 3231.01318359375
1.9887933432173965 131350.25419182554 3221.189697265625
1.9888058599448828 130120.85808639204 3248.913818359375
1.988818375000491 129991.24008967083 3234.1953125
1.98883088838416 129783.83900981807 3248.275634765625
1.9888434000958273 130300.58701033624 3217.720703125
1.9888559101354335 128747.93484385956 3187.197998046875
1.9888684185029146 128745.34789274442 3223.435546875
1.9888809251982105 127972.19819386574 3277.956787109375
1.9888934302212569 128230.83116122948 3320.466796875
1.9889059335719919 127638.69689911701 3344.905029296875
1.9889184352503524 126922.67841216497 3322.488037109375
1.9889309352562747 125969.06903830818 3286.1884765625
1.9889434335896945 125960.9830871295 3267.078369140625
1.988955930250548 126817.19341697909 3249.508056640625
1.9889684252387707 127298.16188699382 3277.72216796875
1.9889809185542975 126151.27815021858 3247.177734375
1.9889934101970634 125575.32229489445 3216.4248046875
1.9890059001670024 126234.26070478365 3232.883056640625
1.9890183884640493 127361.2292725127 3301.986572265625
1.9890308750881367 128391.84149002492 3300.531494140625
1.9890433600391997 128314.94963134234 3344.875244140625
1.9890558433171701 127299.62749125325 3458.1767578125
1.98906832492198 125666.26853113882 3574.15966796875
1.9890808048535638 123730.84017505233 3596.397705078125
1.9890932831118522 125696.23807419377 3585.842529296875
1.9891057596967774 128983.0351484505 3989.883056640625
1.9891182346082703 131177.3715825715 4582.9541015625
1.9891307078462626 130379.9191402036 4757.12744140625
1.9891431794106842 129229.08896174695 4612.35791015625
1.9891556493014655 129772.960829896 4017.685791015625
1.9891681175185378 131138.70284805947 3473.014892578125
1.9891805840618295 131162.23514322005 3438.50390625
1.98919304893127 131304.52175679978 3419.513671875
1.9891935466966788 129718.71528000805 nan
1.9892055121267889 129829.06671837658 3421.385009765625
1.989208950501432 130638.69449938912 3436.180229119412
1.9892243522590003 131578.39051537277 3473.555677380355
1.9892397519699307 132571.88731991296 3426.113522530152
1.98925514963477 133816.93944350674 3466.8236135242414
1.9892705452540658 133885.45154549004 4053.555490015477
1.9892859388283635 134082.05045974313 4560.794758704684
1.9893013303582077 135247.22786671526 4503.416086672843
1.9893167198441453 136884.90950691584 3929.857715810251
1.9893321072867198 137933.68086605778 3442.6414628644357
1.989347492686477 136819.6473823692 3372.2545915674405
1.9893628760439601 137459.744017603 3372.965024508894
1.989378257359713 137753.58516882267 3411.2414739449664
1.989393636634278 137774.80714063923 3408.983901774856
1.989409013868199 137491.25560220052 3420.7175131683302
1.9894243890620182 137946.02415159805 3460.398780967946
1.9894397622162772 142710.54385058366 3445.589337873453
1.9894551333315178 147401.4332546995 3530.5742838677443
1.9894705024082813 149544.0153902293 3531.3623983547727
1.9894858694471087 147413.07414164828 3488.8786842324002
1.9895012344485385 144940.6162512516 3516.7676791441318
1.989516597413113 144936.98233125376 3549.117383185538
1.9895319583413706 145210.3644601151 3559.733459347045
1.9895473172338514 143965.1066560635 3587.0148471652888
1.989562674091093 143364.64261048404 3654.9434090628984
1.989578028913633 142974.1008273878 4078.349607528757
1.9895933817020115 143672.18090616574 4488.011846539418
1.9896087324567642 143313.6584733787 4494.8606907216035
1.9896240811784291 143767.34294369002 4136.989792435235
1.9896394278675424 143667.72222411467 3761.146038763095
1.989654772524641 142284.45007481574 3711.2945629478586
1.9896701151502596 139642.14808458847 3683.738033568061
1.9896854557449344 137196.89461338444 3713.327676503091
1.989700794309201 137037.4084113561 3747.685923690199
1.9897161308435933 137088.45180225171 3851.019473820132
1.9897314653486446 138202.05057473184 3941.0134192521987
1.9897467978248906 138226.35648239608 4105.277124153214
1.989762128272864 134773.09710259197 4373.84909359
1.9897774566930968 132666.29342764398 4802.293991053031
1.9897927830861226 130762.72034458023 5458.5245820951395
