igrins/spectra/ux_sex_H_20190410_smoothed.ecsv
# %ECSV 0.9
# ---
# datatype:
# - name: WAVELENGTH
#   unit: um
#   datatype: float64
# - name: FLUX
#   datatype: float64
# - name: ERROR
#   datatype: float64
# schema: astropy-2.0
WAVELENGTH FLUX ERROR
[from data line 34122]
1.8227102321376296 -16080.556378635461 -237306.64062499997
1.8227224996498774 1249302.3854657183 -404952.2447916666
1.822734765743311 1553662.0107285476 -545168.0625
1.8227470304187507 2000894.5996591616 -670972.3541666666
1.8227592936770198 6727663.492114034 -1534058.2708333333
1.8227715555189397 8310590.554353729 -1756250.1458333333
1.8227838159453331 8077109.185182792 -1688305.7708333333
1.8227960749570213 277999.866238059 1049572.8958333333
1.8228083325548283 -1777873.7481068298 1652134.2083333333
1.8228205887395776 -2273491.333896918 1883971.5156249998
1.8228328435120909 1289720.924988081 3007285.3489583335
1.822845096873193 735049.3665184842 2535909.7864583335
1.8228573488237076 1219160.4389905257 2915210.0
1.8228695993644586 -680856.8554801903 -330194.8333333333
1.8228818484962699 -375822.36328115896 75682.09375000001
1.822894096219967 -874466.6117391125 -267056.6770833334
1.8229063425363736 -622234.9918406114 265664.8177083333
1.8229185874463156 -188251.0323753508 204763.93229166666
1.8229308309506178 -105245.70796214323 127042.05729166666
1.8229430730501062 -88420.63552796579 125411.7578125
1.8229553137456067 57603.20981191081 112196.79947916666
1.8229675530379446 133388.5158663658 89170.68359375
1.8229797909279466 86196.34569569869 68724.98567708333
1.8229920274164397 19282.583177222637 51120.48567708333
1.8230042625042504 74339.59557586891 45737.053385416664
1.823016496192206 138122.54579671228 40648.729166666664
1.823028728481133 163040.6533743565 35453.216796875
1.8230409593718595 54670.53962018253 32021.567057291664
1.823053188865214 17961.43009856897 29203.45442708333
1.8230654169620235 113693.51704872676 27770.926432291664
1.823077643663117 231347.6932701765 26832.51497395833
1.823089868969323 265520.1772224137 27424.516276041664
1.823102092881469 191819.36789931625 26137.708984374996
1.8231143154003862 143265.14955581486 23107.007161458332
1.8231265365269025 160492.18633093702 22318.546223958332
1.8231387562618477 167581.07695967407 23333.12109375
1.823150974606052 177965.05311321514 23148.916015625
1.8231631915603457 113694.34783527053 22114.508463541664
1.8231754071255573 62933.383557902525 20959.08984375
1.82318762130252 59076.37884817247 20511.423177083332
1.8231998340920623 117062.39619715436 20050.306640625
1.8232120454950174 167798.7061929916 19680.382161458332
1.823224255512215 150976.31571331446 19343.617838541664
1.823236464144487 114402.01995695669 19326.081380208332
1.823248671392665 93106.96907819764 18432.28515625
1.8232608772575831 127879.82651228642 17959.12109375
1.8232730817400704 128656.329931206 17402.219401041664
1.8232852848409615 118960.65821344787 18536.767578125
1.8232974865610887 94047.90410692009 19492.776041666664
1.8233096869012853 121509.0694018441 19490.371744791664
1.8233218858623845 130840.37224231678 17423.254557291664
1.8233340834452199 146680.61932740686 16461.505859375
1.8233462796506252 132532.2151366984 16870.643229166664
1.8233584744794344 118658.31768258654 17455.533854166664
1.8233706679324824 135845.87263619126 17918.685546875
1.8233828600106021 149546.55514090048 18553.197916666664
1.8233950507146302 189894.71600709116 20333.612630208332
1.8234072400454011 182170.33095876043 21682.791015625
1.8234194280037501 135226.59004028144 21557.68359375
1.823431614590513 63394.44824154413 20548.715494791664
1.823443799806525 105360.07185689917 19140.513020833332
1.8234559836526225 176842.7529629047 18458.765625
1.8234681661296424 222739.1596265237 17798.717447916664
1.8234803472384202 182491.10730120013 17459.432942708332
1.823492526979793 176558.70270726056 17437.764973958332
1.8235047053545985 199170.47621050425 17625.069010416664
1.823516882363674 228479.97038450523 17129.961263020832
1.8235290580078563 243950.80515143074 16458.585286458332
1.823541232287984 277718.22038619884 16383.613932291664
1.8235534052048936 297157.00518648047 16709.754231770832
1.8235655767594257 284939.0027736079 17137.163411458332
1.8235777469524173 230065.77161723792 16339.267252604166
1.8235899157847084 168350.53023899533 15339.859700520832
1.8236020832571367 167382.31209898944 14803.416666666666
1.8236142493705423 220834.7606133476 15378.586263020832
1.8236264141257648 303882.1335140352 16479.0947265625
1.8236385775236439 307351.7980944694 16595.931315104164
1.8236507395650192 272144.4869797602 16163.501953124998
1.8236629002507319 253305.3867343826 15468.656575520832
1.8236750595816213 247707.65695359407 14752.697916666666
1.8236872175585301 214373.86960750775 13566.014973958332
1.823699374182298 154428.94323783464 13571.583333333332
1.8237115294537662 108323.13096925296 14577.895182291664
1.8237236833737769 127834.95735895708 15614.322591145832
1.823735835943172 114046.1759679146 15027.676432291664
1.8237479871627935 126546.65503453193 14881.720052083332
1.8237601370334828 172633.65087540014 15888.535807291664
1.8237722855560834 265083.4324812441 16986.899739583332
1.823784432731438 309965.20689330914 16870.9677734375
1.8237965785603896 261011.74756301017 15870.787434895832
1.8238087230437812 188577.64784433003 15145.360677083332
1.8238208661824564 168802.43825587886 14917.642578125
1.8238330079772602 177075.2156117531 15268.114583333332
1.823845148429035 154562.33052556188 15325.783203124998
1.8238572875386265 154540.13120112102 15566.287760416666
1.8238694253068777 173108.04914939706 16334.978515625
1.8238815617346353 205026.0042140398 17299.503580729164
1.8238936968227428 190171.05918170005 17714.426432291664
1.8239058305720466 165531.25581493657 17867.127604166664
1.8239179629833908 135378.68260096386 17628.428385416664
1.8239300940576233 109965.0979798636 16727.822591145832
1.823942223795589 94023.66306436842 16098.099283854166
1.8239543521981334 100595.9935226161 15273.310546874998
1.823966479266104 126776.80637184973 15403.326822916664
1.8239786050003486 124235.19151369677 14807.337565104166
1.8239907294017126 141396.6877025803 14774.687825520832
1.8240028524710437 164863.72633716796 14688.257161458332
1.8240149742091907 212637.83182014167 15233.8994140625
1.8240270946170003 195359.8821527405 15710.556966145832
1.8240392136953203 130180.50040522731 17142.111002604164
1.8240513314449998 128044.07695357673 18434.3720703125
1.8240634478668865 178899.75351912266 19929.923828125
1.8240755629618302 215106.69700426637 20034.100260416664
1.8240876767306795 211451.87082384195 18723.052083333332
1.8240997891742836 151203.10627779382 17463.6796875
1.824111900293492 144438.84799131373 16094.338216145832
1.8241240100891558 123019.34726208868 15832.177083333332
1.8241361185621228 163466.0341673359 16379.087890625
1.8241482257132453 181889.6953237621 16224.062174479164
1.8241603315433723 205697.24434154422 15865.608072916664
1.824172436053356 209001.16065414433 14625.110026041666
1.824184539244047 224625.20302402935 15118.753580729164
1.8241966411162962 165152.09513111308 16116.762044270832
1.8242087416709554 71058.92366061037 16553.8173828125
1.824220840908877 54561.22672861142 16729.251953125
1.8242329388309124 87436.96007770346 16349.673177083332
1.8242450354379136 180793.36088253098 17158.331380208332
1.8242571307307343 161378.43077180546 17679.251953125
1.8242692247102266 153840.68925487137 17947.184244791664
1.8242813173772434 121680.40527092776 17551.212239583332
1.824293408732638 147035.24698861435 17221.26171875
1.8243054987772647 134303.25572340415 16789.510416666664
1.8243175875119768 140171.0160161928 15892.764322916664
1.824329674937628 101178.0816774808 15300.666341145832
1.8243417610550738 110990.50692032337 15321.143229166666
1.8243538458651678 119521.12883077335 16170.820963541664
1.824365929368765 164508.36610200984 16608.226236979164
1.8243780115667203 185350.48082662898 17130.443359375
1.8243900924598901 143109.1091742649 17113.634765625
1.824402172049128 104858.70594937369 17231.104817708332
1.8244142503352918 70271.93281319016 16831.071614583332
1.824426327319236 90422.87059828106 17637.499348958332
1.8244384030018181 73632.98986935262 18309.588541666664
1.824450477383894 95636.97898375985 18071.920572916664
1.8244625504663212 110794.79663485078 16923.025390625
1.8244746222499555 145865.8812611595 16171.529296875
1.8244866927356562 106938.09083043283 16158.093424479166
1.8244987619242785 131223.218070576 15633.249674479166
1.8245108298166823 165060.76121808478 16067.4443359375
1.824522896413724 210379.43748012226 16876.260416666664
1.824534961716263 146283.14723771362 18048.328776041664
1.8245470257251586 68302.43046996261 17895.044270833332
1.8245590884412675 71402.43934623497 17852.318359375
1.8245711498654498 106787.41032524427 17997.740885416664
1.824583209998565 160070.30329003523 18457.657552083332
1.824595268841473 157579.2231503393 18277.610026041664
1.8246073263950333 182708.84393001432 18933.972005208332
1.8246193826601056 195176.4232497402 19804.19921875
1.82463143763755 192360.78085990375 19967.448567708332
1.8246434913282283 197776.22050480515 20117.575520833332
1.824655543733 211801.836399672 20369.452473958332
1.8246675948527278 196936.60963070008 20424.55859375
1.8246796446882705 165253.6764840957 19880.515625
1.8246916932404922 152850.95242019912 19364.857421875
1.824703740510253 205279.33766820875 20763.599609375
1.8247157864984171 314013.8847741421 23331.921875
1.8247278312058437 276213.808589486 23591.53841145833
1.824739874633398 221140.70418078112 24362.930989583332
1.8247519167819415 153672.13299060636 28862.572265625
1.8247639576523376 276481.2790550027 36223.712890625
1.82477599724545 328906.767082028 39527.37109375
1.8247880355621415 241523.7122884963 38811.1171875
1.8248000726032767 124233.23381329191 37146.4375
1.8248121083697193 42987.46256923475 40249.67317708333
1.8248241428623337 -13167.192374212966 48920.8125
1.8248361760819847 -205444.01511400196 83723.77473958333
1.8248482080295363 156107.61065582914 176518.8411458333
1.8248602387058541 913567.358717799 292063.5364583333
1.8248722681118033 830800.0610752392 -429719.12499999994
1.8248842962482505 1374252.2871709424 -707218.7604166666
1.8248963231160604 1575367.9081546622 -965744.3541666665
1.8249083487160989 5265864.412396826 -893423.8541666665
1.8249203730492334 4562949.040260145 -507012.4687499999
1.824932396116329 4760247.609829845 -610015.5416666665
1.8249444179182546 682754.2787473432 -157082.9583333333
1.8249564384558747 4404692.366003593 276397.12499999994
1.8249684577300587 3183479.155292447 768630.9999999999
1.8249804757416732 3764206.692742979 977974.2552083333
1.8249924924915861 345277.87858563813 409361.87499999994
1.8250045079806656 531542.0607193517 173852.9817708333
1.8250165222097807 393915.66820514534 138980.90104166666
1.8250285351797988 -282924.2205201932 84770.66666666666
1.825040546891589 -374591.934064316 69066.88541666666
1.825052557346021 -217203.2007445104 63873.209635416664
1.8250645665439638 -126318.86377538531 53373.319010416664
1.825076574486287 -14168.660527806933 49848.21614583333
1.8250885811738602 110966.89538844056 42632.48177083333
1.8251005866075538 215893.71821143292 36410.73372395833
1.8251125907882377 224516.87194411457 34447.494140625
1.825124593716783 170177.90181953332 33719.910807291664
1.82513659539406 181496.80607049188 32366.525390624996
1.8251485958209397 153952.86282675707 30346.08528645833
1.8251605949982936 162297.54110811336 26910.126953125
1.8251725929269944 155740.38119756666 26237.369791666664
1.8251845896079126 163832.3694530411 26087.154296875
1.8251965850419207 182309.25430713038 26125.287760416664
1.8252085792298904 194323.7046448501 26307.03450520833
1.8252205721726955 186986.63875554412 26453.630208333332
1.8252325638712077 180517.1676184421 25997.557291666664
1.8252445543263005 110814.97509804422 25865.284505208332
1.8252565435388475 107848.9023053076 26540.569661458332
1.825268531509722 86789.94016448945 30196.770833333332
1.825280518239798 143252.24117482203 40067.79036458333
1.8252925037299492 129307.84218412878 48577.75
1.82530448798105 139020.0696749237 58301.09375
1.8253164709939758 181281.22720622263 61792.580729166664
1.8253284527695999 353848.350172418 67233.37890625
1.8253404333087986 393045.205970268 64530.07161458333
1.8253524126124476 319684.4275375545 58728.15624999999
1.8253643906814205 104894.39796566992 49791.82421875
1.8253763675165948 116570.41681327292 42617.283854166664
1.8253883431188458 193144.40989639168 40293.39973958333
1.8254003174890507 316590.3363441889 43665.440104166664
1.8254122906280856 413521.10032889224 49180.73046875
1.825424262536827 346709.82017451804 48934.303385416664
1.8254362332161522 183614.8625535633 45435.78125
1.825448202666939 6116.3818868506205 45338.71223958333
1.8254601708900644 87906.27379555273 52718.71614583333
1.8254721378864058 147369.06916566068 58520.61458333333
1.8254841036568423 158790.22695874804 63931.600260416664
1.8254960682022519 335662.0635820967 63492.522135416664
1.8255080315235128 441824.6156968487 62948.99739583333
1.8255199936215036 474678.221594039 54540.65624999999
1.825531954497105 229634.60566703687 44655.887369791664
1.8255439141511944 171283.04310890072 36790.551432291664
1.8255558725846526 222013.23630323831 33961.54622395833
1.8255678297983586 243651.19072936775 38913.75520833333
1.8255797857931926 192805.90344296847 41569.24609375
1.825591740570036 66171.63158164453 43603.5234375
1.825603694129768 77690.25200877112 41772.307291666664
1.82561564647327 205872.55917365517 42669.61328125
1.825627597601423 250353.81708879882 40566.5546875
1.8256395475151086 209108.78386197332 42822.627604166664
1.8256514962152084 221315.328721946 43185.791666666664
1.8256634437026036 298905.14539854415 47502.33203125
1.8256753899781772 311603.4059559784 50802.53125
1.8256873350428102 213343.44291623592 53835.30208333333
1.8256992788973867 120716.62400918955 55498.55078125
1.825711221542788 20328.707038269276 58153.666666666664
1.825723162979899 6836.363928139792 62337.049479166664
1.8257351032096014 84438.52702312014 69813.1171875
1.8257470422327797 46052.78343009946 75178.06510416666
1.8257589800503173 -61984.373397206255 77467.38802083333
1.8257709166630984 -57344.85267520216 88550.36458333333
1.8257828520720074 143327.43730124 115909.55729166666
1.8257947862779285 479627.3003082071 125411.2890625
1.825806719281747 387456.80081139435 126249.33333333333
1.8258186510843475 155557.25950037802 134838.11979166666
1.825830581686616 -296460.01269914873 191935.0625
1.825842511089438 -210031.66501486307 199867.1927083333
1.8258544392936986 99804.61936095271 184244.22916666663
1.8258663663002843 454535.5157296545 128701.21614583331
1.8258782921100818 218550.03295518205 162242.4140625
1.825890216723977 567275.9733751747 258936.24218749997
1.8259021401428572 626834.1334070828 1310383.9531249998
1.8259140623676096 799286.9887505067 1357495.1979166665
1.8259259833991206 -1569961.3735307315 -266351.61458333326
1.8259379032382792 -1640250.3763545938 -1171467.7604166665
1.8259498218859724 -3608579.642364309 -409995.9791666666
1.8259617393430878 -1724734.1123565661 1224405.03125
1.8259736556105146 -1750989.8958286422 1153626.40625
1.8259855706891412 -10422298.414239183 2729990.9895833335
1.8259974845798563 -10256962.83228726 2921262.2083333335
1.8260093972835487 -10300108.426156608 2647708.96875
1.8260213088011084 849132.2710302828 -18314.885416666657
1.826033219133424 587707.7051710984 -723929.9895833333
1.8260451282813859 895720.7243583562 -944394.7291666665
1.8260570362458843 1572547.6001052996 -1230539.4583333333
1.8260689430278094 1477707.7004427244 -804810.6666666666
1.8260808486280526 1111348.1961883325 -395066.7057291666
1.8260927530475028 192420.0898245952 196227.19010416666
1.8261046562870527 241174.54426227062 240032.90885416666
1.8261165583475931 2103824.330993787 -87205.59375
1.8261284592300155 1991490.2542475779 -258668.28125
1.826140358935212 4666208.004571646 -1068813.6666666665
1.8261522574640745 4127273.4444323992 -940440.5625
1.8261641548174956 5164279.96698119 -1190639.8333333333
1.8261760509963674 2031693.2859083966 -674565.3333333333
1.8261879460015829 -101947.4704156724 -1140022.4375
