igrins/spectra/ux_sex_H_20190410.ecsv
# %ECSV 0.9
# ---
# datatype:
# - name: WAVELENGTH
#   unit: um
#   datatype: float64
# - name: FLUX
#   datatype: float64
# - name: ERROR
#   datatype: float64
# schema: astropy-2.0
WAVELENGTH FLUX ERROR
[from data line 30440]
1.7758124640660164 183274.67242357522 5215.783709203587
1.7758260230786127 186335.0854344677 1777.3452657782352
1.775839580130944 187794.24473057047 94.90480466240244
1.7758531352235294 190712.1221441091 5908.338149884301
1.7758666883568892 186477.25213023933 1693.379972823565
1.7758802395315438 188049.4607042134 840.9732313457915
1.7758937887480135 194122.37926294855 2033.9871821842821
1.77590733600682 193611.469895553 489.24065292563864
1.7759208813084824 186398.2752728655 2400.3826234235785
1.7759344246535245 186714.18511624288 708.1938591133206
1.7759479660424653 185620.9992357547 530.0107846197226
1.7759615054758282 183918.63533188708 2769.7901003358893
1.7759750429541348 183175.73066260462 272.9668563309844
1.7759885784779073 193016.87289811304 5369.2122688923055
1.776002112047668 185760.85287664045 4341.721733484538
1.776015643663939 179580.69410788562 3067.8338177785035
1.7760291733272442 180632.9067255127 824.0009721832329
1.7760427010381068 188609.68489983125 7378.397922306184
1.7760562267970494 188952.55390844087 9544.075227791342
1.7760697506045968 188895.75770478958 2180.6908604822092
1.776083272461272 186405.80222346008 2663.097011966388
1.7760967923675994 210760.27867556384 1958.9057207065086
1.776110310324103 197778.40119863575 66.69465584914414
1.7761238263313084 192215.56858509895 334.52138973885656
1.77613734038974 187876.09041681327 5094.420226229261
1.776150852499923 186385.45281379455 5392.292592011227
1.776164362662382 193109.81145445257 6548.03954629073
1.7761778708776432 196086.06749214052 6959.66568814062
1.776191377146233 192248.28590956793 11173.89616674279
1.7762048814686766 216239.996309549 533.3738099138862
1.7762183838455008 178984.35543804863 1044.9543684896732
1.7762318842772322 192788.44847251422 2828.0525341667635
1.7762453827643967 117986.87086285936 72002.64512219725
1.776258879307523 131900.26232807047 47799.421453607465
1.7762723739071364 197040.07155329786 15621.315756666456
1.7762858665637662 177616.23518583496 814.7939089827898
1.7762993572779395 197903.61765764677 1675.1092332623714
1.7763128460501838 200368.98975373906 7726.154449012151
1.7763263328810286 202757.22011573467 687.6654599083099
1.776339817771001 201808.6369229639 3652.1165092425986
1.7763533007206305 210068.10856784685 2777.868339888264
1.7763667817304458 212766.84417026993 7774.258691063193
1.776380260800976 209777.49365672606 4872.67784405106
1.7763937379327512 213230.45675956 1965.0091824635117
1.776407213126301 216936.63649882225 1550.5908984788557
1.7764206863821546 213840.0490052618 1560.5963580319956
1.7764341577008422 221851.02428749448 2572.132307006551
1.776447627082895 206918.81684316733 595.0862532151913
1.7764610945288437 204586.84654740005 1545.9947438592908
1.7764745600392187 212261.8744045007 441.8536552971851
1.7764880236145506 207368.29598638183 1395.3193974656383
1.7765014852553722 208924.85616518123 5033.189339023514
1.7765149449622137 204422.26767024474 631.4186606865799
1.7765284027356085 197910.72703786413 2976.744888748566
1.7765418585760873 199963.9984094302 1357.6647274931026
1.7765553124841826 198574.87937861457 2455.0964972906113
1.7765687644604278 200140.82262969646 4598.581392014054
1.7765822145053554 192969.61731716915 7686.481272016817
1.7765956626194985 190803.04987101196 5699.270446328833
1.77660910880339 184223.61899028512 4452.759293979985
1.776622553057564 187176.45245662687 6801.354703709827
1.776635995382554 190959.6766156919 1349.8691949595993
1.7766494357788942 183032.6299211628 5147.5821444369685
1.7766628742471193 186446.08054354374 4865.9464910677025
1.7766763107877628 186757.6168274827 2963.1726255547637
1.77668974540136 180092.71864757797 3126.357854175523
1.776703178088446 189483.46913750863 3328.6760268305416
1.7767166088495556 189157.26164917074 881.5501303861579
1.7767300376852253 185112.43141432278 2176.066479130318
1.7767434645959894 181045.7497404275 3016.8677120491857
1.7767568895823853 188112.8832322749 3587.245297980516
1.7767703126449488 190174.0657685215 3804.1457065643704
1.7767837337842156 190733.08422615068 2594.314151823327
1.776797153000723 195539.8636973195 3634.0059798131606
1.7768105702950079 189741.81183138455 2854.1988578561404
1.776823985667607 187063.1904256082 4402.455071923871
1.776837399119059 191463.44823043668 9297.853050891623
1.7768508106499001 190428.16797885115 6601.615958991161
1.7768642202606686 199643.79439886904 10006.042822226043
1.7768776279519032 201940.49930012593 6903.553588541663
1.776891033724142 203130.02964944215 2917.710899844589
1.776904437577923 212192.53713992864 229.8918092435023
1.7769178395137866 199196.92063140398 4755.657647972967
1.77693123953227 198096.78177573576 6223.947848114934
1.7769446376339137 203887.2568351272 9684.233338031829
1.7769580338192574 197295.16669178204 7849.10526624606
1.776971428088841 194074.13642256986 5549.682332306787
1.7769848204432028 186542.3494023738 3779.5003990944642
1.7769982108828852 186227.79957296402 2616.6568814253096
1.7770115994084283 188185.77587153568 2633.872236446047
1.7770249860203722 184640.89710419963 6015.723082369323
1.7770383707192587 175355.6255128011 3061.7115321639267
1.7770517535056283 167438.4456650121 1964.9583017664847
1.7770651343800232 184133.80827447123 5259.4115666232765
1.7770785133429852 178800.46214813442 5112.4160547521205
1.7770918903950557 178158.24992590767 5067.283211778509
1.7771052655367772 171281.16050128543 7487.486494597825
1.7771186387686924 178403.99746677393 721.8481593483019
1.7771320100913441 176776.07936806986 4240.486481263694
1.7771453795052747 178283.07188436223 62.23752632927559
1.777158747011028 183452.64761162185 1121.7371819517089
1.7771721126091469 180053.25771742273 4313.350341115904
1.7771854763001755 185192.53515145395 6094.211711980286
1.777198838084658 180844.62989203175 2988.1295904074163
1.7772121979631377 181729.9960265213 3450.0880055796006
1.7772255559361596 178069.66343553708 1421.2354540273982
1.7772389120042684 177197.43338237723 649.7245627750312
1.777252266168009 178360.00491920195 2192.972945620237
1.7772656184279259 176671.59232217958 3578.3170789610795
1.7772789687845656 179955.67542091137 1610.4694320702872
1.7772923172384727 184398.3122285617 2685.667650090278
1.7773056637901936 189761.24081456885 2816.478307677477
1.7773190084402741 183826.67300657768 509.05999914188976
1.7773323511892611 180314.03728310802 519.5840682853778
1.7773456920377004 178967.85819837343 3289.556427141265
1.7773590309861393 174997.92987760168 7668.739645837475
1.777372368035125 181227.12742460685 5701.250608304674
1.777385703185204 181379.7519010644 7065.756495067344
1.7773990364369252 186680.6562782338 10364.971251338276
1.7774123677908356 190507.9303667996 4536.490789604018
1.777425697247483 188522.85245578765 2013.432032053022
1.777439024807416 187194.74791207566 6547.6875562727455
1.7774523504711826 187764.54735112973 13141.708313622446
1.7774656742393322 194589.50665727048 10618.98018150059
1.7774789961124142 188263.4030296747 9019.14138868332
1.777492316090977 193164.73148731142 5791.921746185034
1.77750563417557 191375.4891718975 8439.426176557365
1.7775189503667435 176168.38626685218 4357.534210047071
1.777532264665047 187389.3930863955 3101.3527940242925
1.7775455770710316 184148.35051595248 3466.1217314764617
1.7775588875852462 191415.2131909953 8463.175820961773
1.7775721962082427 200264.36739915467 166.53990423893435
1.7775855029405718 198293.0463092162 11591.752876833907
1.7775988077827842 196586.27130046688 11982.87532337587
1.7776121107354321 193068.7799743065 6907.436422919902
1.7776254117990666 202842.5042629502 10264.367914477594
1.7776387109742395 197179.52156078417 7148.05603581778
1.7776520082615033 204278.78010069695 7351.47160271433
1.77766530366141 194531.23671695893 7591.953320645289
1.7776785971745124 203809.77702288353 1443.457279919268
1.7776918888013646 202039.02472600713 7020.186158577295
1.7777051785425169 206427.4399559813 9791.956128269612
1.7777184663985246 205261.58568454988 6310.374210980941
1.7777317523699412 204100.25554419262 366.98815770245943
1.7777450364573197 207239.7677152406 9220.885822041611
1.7777583186612154 202189.47198777148 13526.080689691707
1.777771598982182 205127.7618540449 6881.416970944945
1.7777848774207732 196014.15841526212 1784.836453759216
1.7777981539775447 197457.46819165468 3960.5955727708424
1.7778114286530518 197548.84558924113 10448.423714899052
1.7778247014478483 192948.44411152112 9742.971227279031
1.7778379723624917 195703.50505050557 5572.620877798972
1.777851241397537 194878.6486221093 8076.457611549647
1.7778645085535394 196675.94017377764 6407.157363599869
1.7778777738310558 200897.65520988332 12005.206498301692
1.7778910372306422 201690.48839350996 3879.6301960375245
1.7779042987528557 209608.65380754785 4572.416938087464
1.7779175583982538 204122.6146989576 7729.728669341255
1.777930816167393 200360.97349689904 4695.313558812
1.7779440720608308 201958.38307806043 4385.41003727016
1.7779573260791253 199045.82675190203 4599.035974371765
1.7779705782228337 208901.53148821805 1018.8399620573157
1.7779838284925145 202500.60977031724 3930.545653693301
1.7779970768887265 197335.12768283146 8863.953558289084
1.7780103234120281 196058.06877062574 2702.150062304138
1.7780235680629775 193892.07099992468 6943.244301813302
1.7780368108421354 223036.2412261075 6019.736376969812
1.7780500517500593 205989.326292009 5106.390495214585
1.7780632907873104 199621.68806818523 2857.448950271081
1.778076527954447 201332.03103043433 5182.2255950541385
1.7780897632520314 191261.41526875627 3758.858788534802
1.7781029966806212 192150.5055861599 11302.336878326285
1.7781162282407794 192260.9610601045 11448.340967747912
1.7781294579330653 191574.2926832698 2198.3071401793827
1.7781426857580402 191848.97076259897 3976.9516329023427
1.7781559117162664 188755.62221179242 6634.34915183444
1.7781691358083043 187638.78225829158 7000.88442010702
1.778182358034716 190587.26363592208 6927.587025045255
1.7781955783960637 195842.88174006803 5042.980067542014
1.7782087968929097 192979.55117202122 5167.174204946062
1.7782220135258158 192697.2628214611 5783.554113789208
1.7782352282953453 189599.88553798525 6367.237774775838
1.7782484412020623 190007.76299845715 1639.7150748395482
1.7782616522465282 197773.7769386145 3040.04406108427
1.7782748614293071 186482.72406443983 5350.531466184553
1.7782880687509635 181542.35063780582 5853.161633579746
1.7783012742120596 187014.02681371124 11351.578293747683
1.7783144778131614 184274.01695460893 5766.24095651787
1.7783276795548326 201776.1598911296 8846.43319738109
1.7783408794376379 194943.2596836426 1154.223481107248
1.7783540774621418 177884.79319671818 7497.036253165776
1.7783672736289102 179516.5058790076 10101.53302162942
1.7783804679385076 185999.7683031901 28401.111938113885
1.7783936603915012 194647.35345202466 21322.947300797554
1.7784068509884554 191873.44897250828 3860.331879122606
1.778420039729937 183941.5559100091 1827.4111916544437
1.7784332266165115 183922.45505238685 2767.700745280885
1.7784464116487468 175189.75972413423 3083.559773958931
1.7784595948272086 183437.40649652467 5126.559921821438
1.778472776152465 176198.5291638799 2327.601458391991
1.7784859556250827 178999.12727847532 2790.336264659819
1.7784991332456297 175483.35325215227 401.9490714336106
1.778512309014674 168564.8785691061 3759.543466088985
1.7785254829327821 173290.50715253645 857.6343434983008
1.7785386550005235 167489.47476915325 6203.6513073351225
1.7785518252184673 171939.79366941343 8911.372127658422
1.7785649935871808 180871.0424573208 933.3305947943967
1.7785781601072341 185864.86933031847 3530.1999527994462
1.7785913247791967 180173.9451140821 6267.733724194747
1.778604487603637 186760.54987971208 9619.56863289765
1.7786176485811254 186933.6895856149 5297.880510743557
1.7786308077122317 184902.97930453758 1350.8913227726864
1.778643964997527 183208.13367366494 6378.372224193938
1.7786571204375803 188741.23830452954 4471.22542552854
1.7786702740329634 182588.7497986368 8517.053136778848
1.7786834257842465 177495.10096006017 2047.3400616725487
1.7786965756920015 201058.0867148339 5586.563837416575
1.7787097237567997 201797.9432194185 1812.885216113885
1.7787228699792115 202105.07998725004 2354.1067949478493
1.7787360143598108 193834.64589845212 5085.299100225025
1.7787491568991682 191389.62649964434 12356.371093660598
1.7787622975978572 229501.8045794954 15537.89116544846
1.7787754364564494 266064.83339057135 11346.852026671299
1.7787885734755193 203332.12319825063 97298.08100225656
1.7788017086556382 268742.7010954152 37070.8700524805
1.7788148419973802 174440.54514179498 94809.66196364666
1.7788279735013193 -361169.6199199985 291037.22671765066
1.7788411031680287 438899.1458293878 32906.273639087354
1.7788542309980828 386596.6051477947 122390.538354609
1.7788673569920557 234071.04448557593 130105.73851389727
1.7788804811505223 173960.64592503078 33660.34485066497
1.7788936034740574 221178.34518722372 1135.3863562761785
1.7789067239632357 211747.91033340723 3058.4189237531427
1.7789198426186332 185629.4430884654 5246.119139324977
1.778932959440824 189821.59225057432 7759.590403725902
1.7789460744303858 201323.0810441939 556.7331408752476
1.778959187587893 195355.8437412916 8315.055753367955
1.7789722989139227 190306.94468701744 10998.288594340605
1.778985408409051 193178.95475756488 10250.02629750718
1.7789985160738544 187617.82113911677 1750.9659160512658
1.7790116219089114 193760.0951516593 803.2632395297361
1.7790247259147973 189709.40769992917 2320.450771264894
1.77903782809209 183329.72176558463 285.06354924787024
1.7790509284413685 185192.25899492914 6775.217013662877
1.7790640269632094 183404.5460667124 8564.799519762404
1.7790771236581917 188685.9225616448 791.8098692573819
1.779090218526893 186437.30171664947 11469.490553228392
1.7791033115698927 186381.30159068888 9392.583737707399
1.7791164027877686 175595.50444241532 1698.3254130247415
1.779129492181102 169911.74783258536 2207.0495670316136
1.7791425797504699 184361.8820082515 14546.458909773803
1.7791556654964535 175483.02287493245 4452.316101064801
1.7791687494196318 170933.07977318193 5076.924333443973
1.7791818315205854 175735.06512071347 1663.1763961941163
1.7791949117998944 185392.15353361555 2356.888178435959
1.7792079902581397 190137.270976365 7806.550588033256
1.7792210668959023 179169.21519635196 9217.64723079505
1.7792341417137627 201706.55420631287 11349.156112308805
1.7792472147123022 211541.39855361098 16666.34072885785
1.7792602858921027 190467.7917568614 9593.477520448825
1.779273355253747 191774.03666443267 4991.940299331412
1.779286422797815 185290.38674022423 9169.26050652088
1.7792994885248898 197358.1758175911 981.7107549476369
1.7793125524355546 196186.62813995618 213.08955306603946
1.7793256145303922 193327.75864433486 2155.421966192669
1.779338674809985 185095.23217033112 4498.915373442585
1.779351733274916 196673.76923056133 9358.39421771437
1.7793647899257699 205263.6406894787 314.84004109132024
1.7793778447631285 200744.51353921497 3997.535607196715
1.779390897787578 201547.1210231367 5358.461529727701
1.7794039489997016 199812.35224047172 5428.055726002385
1.7794169984000832 194533.43088231017 2265.6557170639453
1.779430045989308 196921.92948890044 10215.257347670988
1.779443091767961 196235.80229279725 5117.5462410972295
1.7794561357366274 193977.67998083116 4872.96121900412
1.7794691778958927 201079.9284740405 3478.3513712671097
1.7794822182463423 192984.25303235554 3944.675058760788
1.7794952567885618 199961.39892358534 4084.1114390622342
1.779508293523138 208765.26219953972 4964.5486539176145
1.779521328450657 204082.6068418642 4225.62700089022
1.779534361571706 202186.4247888983 563.8802265744844
1.7795473928868717 201433.50151760312 1265.7080403518714
1.7795604223967398 203466.7248216386 3679.646771766365
1.779573450101899 197829.7370790421 4208.769849784733
1.779586476002937 197227.30981224444 2687.413564312861
1.7795995001004414 188988.39574745676 833.5283733955862
