igrins/spectra/ux_sex_H_20190410_smoothed.ecsv
# %ECSV 0.9
# ---
# datatype:
# - name: WAVELENGTH
#   unit: um
#   datatype: float64
# - name: FLUX
#   datatype: float64
# - name: ERROR
#   datatype: float64
# schema: astropy-2.0
WAVELENGTH FLUX ERROR
[from data line 6880]
1.501731512731697 283553.47766608186 5016.437696425241
1.501742724883808 285359.42441351945 4062.357493947844
1.5017539354347194 282670.54355689324 6052.422413977138
1.5017651443849724 278405.86223306623 6089.451525085455
1.50177635173511 271811.25244814623 6644.835976578557
1.501787557485673 265955.3907540161 4161.144847882433
1.5017987616372026 262692.76917767973 5493.458212017737
1.5018099641902418 269109.48532169074 4970.496621400618
1.501821165145332 277930.70962467487 6598.323143397627
1.501832364503014 280402.13049183856 4917.194603057338
1.5018435622638309 270973.5743276387 5124.506795816847
1.5018547584283233 262841.8415633857 5435.332328290013
1.5018659529970337 263970.06593218737 8907.485802803465
1.5018771459705036 271111.96683155774 8218.95564672282
1.5018883373492742 272257.9295843782 7649.847204365155
1.5018995271338882 272077.89755469095 4398.962710056331
1.5019107153248867 274367.1205275935 5012.249109472035
1.5019219019228116 279800.4176270622 3853.39219435625
1.5019330869282044 283937.3190677851 4340.479589063835
1.501944270341607 284654.2014913394 3616.380183411095
1.5019554521635619 286289.4580561784 5755.3272043197885
1.5019666323946097 284739.8191572587 8079.752009047332
1.5019778110352926 284977.0802422947 9576.84274329281
1.501988988086152 283976.6047905991 7197.772198123658
1.5020001635477307 279429.1266930686 3369.044156658513
1.5020113374205688 279555.73395381554 1516.7146675308752
1.5020225097052105 280140.7069167179 2861.8980911061067
1.5020336804021945 279940.49257320166 2168.252258397716
1.5020448495120646 275181.26171070174 2543.5653465277583
1.5020560170353627 274477.4605383746 1895.030163247594
1.5020671829726286 278938.0722840862 3196.755228867338
1.5020783473244061 275102.43812105735 3181.1200971650446
1.5020895100912364 260291.8992398886 7656.7835482924
1.5021006712736606 256937.2890347754 8693.969124175632
1.5021118308722208 260106.13297120162 11784.654847609956
1.5021229888874592 272781.75819134054 6757.427017466188
1.5021341453199168 273279.4670559772 5055.880963457314
1.502145300170136 274927.23549050314 3195.935334965222
1.5021564534386584 273331.0452632137 3256.0002849572156
1.5021676051260258 270866.7266148072 2416.046999251139
1.5021787552327799 267335.0532552042 3183.8925733062506
1.5021899037594622 258539.25150821672 5399.774359781527
1.502201050706614 252569.55915646176 9063.10237554925
1.5022121960747783 250993.0608581593 12066.927052412111
1.5022233398644964 257475.44045491386 9491.679944080757
1.5022344820763096 263040.1434613952 5878.159119447406
1.5022456227107608 264190.8109738518 1031.6161680237196
1.50225676176839 263959.6317042581 1655.8504000936848
1.5022678992497405 260914.8258655858 1808.4483239385831
1.5022790351553534 263083.48099925846 3293.9710916067725
1.5022901694857707 267700.7931153757 2567.1482440311856
1.502301302241534 275360.0007385207 2774.234477998385
1.5023124334231854 277245.2986765359 3262.5239039670405
1.5023235630312657 277482.3276642632 3882.9246523960487
1.502334691066318 276661.19355047925 4761.624581142683
1.502345817528883 277580.0237217073 2734.2495718651417
1.5023569424195036 276651.46155039314 2526.57923701555
1.50236806573872 273625.5125026325 2999.118130355883
1.5023791874870753 269797.31079533347 2739.964579054922
1.5023903076651108 267680.5320408343 4744.04659110725
1.5024014262733685 268974.545697056 2942.1588779160147
1.5024125433123898 270044.7259170903 3261.7319785564946
1.502423658782717 270214.811183507 2069.7584591736227
1.5024347726848912 269819.667928366 3137.1704668707466
1.5024458850194549 269018.8966610405 3680.7418155794016
1.5024569957869491 269674.21550749056 5190.999227846301
1.5024681049879165 269600.90535254695 4163.734483578914
1.5024792126228979 271492.62105904316 3664.9705169177587
1.5024903186924363 271570.4850418821 3591.1390079260736
1.5025014231970724 269976.5754869769 7028.197344568793
1.5025125261373482 269220.38619360863 6389.324595445961
1.502523627513806 271529.1150825731 8636.89005181235
1.5025347273269865 275661.1937342646 7405.595254668808
1.502545825577433 279687.0901140062 9862.05668442063
1.5025569222656865 278206.8043370028 7769.398497998133
1.5025680173922884 275859.64702149207 5563.713819101924
1.5025791109577813 270466.5319750565 3255.448670968011
1.5025902029627063 269863.934833401 354.0980249090279
1.5026012934076056 268259.98835518304 3628.384214198735
1.5026123822930206 267386.8857551272 3909.241729092966
1.5026234696194938 264931.6635737864 4403.287655175397
1.5026345553875669 265123.5179822905 1581.8284694323957
1.5026456395977807 268104.2529980837 2313.2062290782574
1.5026567222506781 269376.9111973083 3108.613720141717
1.5026678033468004 266719.0138996631 4302.618176560176
1.5026788828866893 260949.4436111191 8281.896872668338
1.502689960870887 261448.2517946226 9465.384445371006
1.5027010372999352 265874.43069181655 9840.146762482089
1.5027121121743758 266939.02537890454 5734.505145075333
1.5027231854947498 265791.5696509271 4913.478343708992
1.5027342572615996 274375.64865093306 6762.511332676486
1.5027453274754674 285624.0301603114 8480.252985374264
1.5027563961368944 290149.5430788638 15010.184573264467
1.502767463246423 278020.78694725636 13704.423570377661
1.502778528804594 257580.57808774943 11631.84623375991
1.5027895928119501 249013.6931648606 5380.174550460801
1.502800655269033 247041.54079419273 3743.763645088243
1.5028117161763843 255754.633873332 5724.645177715454
1.5028227755345458 257254.50392072662 5550.945004651735
1.5028338333440596 257569.73884651807 4723.578344559085
1.5028448896054671 261578.00261032587 2600.920271168071
1.5028559443193104 267872.3876089225 1529.625483418688
1.5028669974861315 266167.0624029906 2078.2583741103513
1.502878049106472 260525.89947443845 2287.6024526837264
1.502889099180873 252893.6755070804 3755.313599697327
1.5029001477098776 255930.70418050105 3693.5692811411654
1.5029111946940268 256575.90581531503 3513.548197654113
1.5029222401338629 259428.8444860441 1760.1495201116936
1.5029332840299272 259070.45089871247 1390.5967773837867
1.5029443263827622 257883.262608375 3756.6771970744094
1.502955367192909 253212.33974428533 5058.491820480638
1.5029664064609094 250374.82876733353 7224.443348545339
1.5029774441873058 248570.82604889397 4842.023897304357
1.5029884803726399 252508.0935677383 5581.68478718016
1.5029995150174538 254661.65042339527 3395.6734618127452
1.5030105481222882 259018.78562421264 8190.746899376154
1.503021579687686 260628.80475746782 6931.658700546443
1.5030326097141888 260060.439234644 6817.3253555359815
1.5030436382023384 260356.40017506012 5190.46362899048
1.5030546651526766 256924.86624891136 6050.0590878819585
1.5030656905657445 255079.70636509894 6215.72582890559
1.5030767144420858 252331.41227531672 3283.312290718392
1.5030877367822402 251089.7837612477 1286.40112107643
1.5030987575867514 252496.9900925649 7014.090641174536
1.5031097768561597 256787.46246203437 9679.485816064771
1.5031207945910074 256511.18491657742 10513.294398681444
1.5031318107918372 255760.93854243125 6598.6573260503155
1.50314282545919 254458.38379743128 3860.1285880561018
1.5031538385936074 255608.52215916786 3422.6295578345002
1.5031648501956323 259508.48800522005 2982.626660911865
1.503175860265806 258155.56631879197 8482.873859023206
1.5031868688046703 260460.653413527 9369.48765934672
1.5031978758127666 260845.37086585897 8309.966955331847
1.503208881290638 264216.6502528569 3984.7266684720953
1.503219885238825 266586.0781661047 3617.246366747619
1.5032308876578704 263812.88475856796 7063.955326760003
1.503241888548315 260106.84755781273 5564.813160371797
1.503252887910702 258456.39314430015 5300.979347835124
1.5032638857455725 255137.4921502467 1753.2804283382218
1.5032748820534676 248939.7070297447 2422.2367178493
1.5032858768349304 245772.5951446647 6776.929473298911
1.5032968700905027 247426.37983285869 9826.996279515417
1.5033078618207263 254403.32556986646 11455.564156178738
1.503318852026142 254382.81261191124 8344.790487060081
1.5033298407072924 255545.62741403744 6586.597668452521
1.5033408278647193 256487.76701581004 5034.129409668016
1.5033518134989656 258993.44240060833 3906.0248369116525
1.503362797610571 258981.6520225549 2908.881118338679
1.5033737802000788 258280.12961929946 3796.5673151589735
1.5033847612680302 254994.97385485083 3879.375048486978
1.5033957408149685 253595.95779113038 3193.8203678555074
1.5034067188414333 250749.47692377763 3393.20846403522
1.503417695347968 248092.03265885124 3336.0365910403657
1.503428670335115 242419.5792087849 3504.767670377766
1.5034396438034139 240833.11565175137 3136.012255923153
1.503450615753409 242758.05783468613 3962.759336114409
1.5034615861856406 246929.26261262642 5313.087852825188
1.5034725551006514 248948.86242001294 4377.27823894752
1.5034835224989824 247570.7700551586 4579.782806689456
1.5034944883811765 247726.3022856745 2935.961835714189
1.503505452747775 246759.72245635398 5750.621659465527
1.50351641559932 249261.49781824838 4633.200992342932
1.503527376936353 243807.56675407133 10204.580944867648
1.503538336759416 232859.4412708873 8726.788894468327
1.5035492950690508 220275.5002544722 10918.634436871904
1.5035602518657996 221722.65393791208 10328.074368689087
1.5035712071502045 231263.73930190626 13620.938833809534
1.503582160922807 238835.33535377408 11913.579644776006
1.5035931131841482 238858.0433658258 11695.186489797603
1.5036040639347712 241617.87483783165 8222.885444643027
1.5036150131752182 246056.68648910482 9192.229700999082
1.5036259609060294 251945.97282069008 8258.507547871775
1.5036369071277476 254545.8894653481 10890.362304244538
1.5036478518409147 257002.13564128152 10713.577000478364
1.503658795046073 256270.66071463347 11077.214965610543
1.5036697367437637 253533.93908865168 6640.213657980414
1.5036806769345288 256050.7366181326 4581.5970424488505
1.5036916156189104 259772.31516018373 3875.7979781354866
1.5037025527974504 260223.2994291055 8549.460883542615
1.5037134884706902 261365.20694343702 11502.233700175035
1.5037244226391724 266256.0317458148 11352.131852957154
1.5037353553034387 273376.8831691289 6779.503068728763
1.5037462864640305 275431.96432020544 6910.369531685681
1.5037572161214903 273163.96843917144 4227.596457847611
1.5037681442763593 271236.1316246952 5078.2212915416885
1.5037790709291805 270898.01512175676 3468.003827693744
1.5037899960804948 274490.4038591191 4032.7157975802425
1.5038009197308444 279516.1220012703 3786.1449736539644
1.503811841880771 278167.09981359955 6904.820857773748
1.5038227625308171 273570.2926101325 17526.585986507827
1.503833681681524 269679.5102018657 29352.9246509335
1.503844599333434 270004.66143956693 41665.29615094687
1.5038555154870885 274167.40250964597 41753.05431681125
1.5038664301430296 279365.8365865286 35225.79904934811
1.5038773433017996 274747.6851653041 22602.257796147296
1.5038882549639399 272674.1351579916 14110.568178912567
1.5038991651299927 269050.1938391803 9443.540302725523
1.5039100738004998 275714.02483993064 6535.811068942655
1.5039209809760028 275653.62321222277 3901.7933033558274
1.5039318866570446 278174.9701285205 2779.4482542232763
1.503942790844166 283249.4080028317 6871.089709970311
1.5039536935379092 290061.9886874253 6586.085945266672
1.5039645947388167 289958.0254452289 6817.778637858294
1.5039754944474295 285200.99869315285 3269.042636003368
1.5039863926642902 275576.8579820384 20198.79285486829
1.5039972893899405 270861.9462104095 29196.196042536005
1.504008184624922 276158.52606316586 34999.63353131723
1.5040190783697773 284160.7729551152 21532.27419869577
1.504029970625048 282000.8693672755 21115.82125731477
1.504040861391275 276299.0370493663 14332.970292523592
1.5040517506690019 271791.89823539567 11550.73232844903
1.5040626384587699 274774.8326728458 6160.195843089701
1.5040735247611208 271418.4329100433 7406.310667527093
1.5040844095765962 273039.7741769318 10745.504104774223
1.5040952929057385 271520.54587256256 12990.044887783079
1.5041061747490898 271903.2196586462 16212.661975235455
1.5041170551071918 269089.575057024 14774.990371847422
1.504127933980586 271090.8401434838 11344.658961912062
1.5041388113698146 269689.27336050407 6798.115837822787
1.50414968727542 269137.27566968626 3792.33005013082
1.5041605616979439 268129.24565153255 3313.6116111493384
1.504171434637928 269843.00471791415 4774.0048300417
1.504182306095914 270456.6013699528 11420.5722256874
1.504193176072444 273169.0489175006 15710.204137369408
1.5042040445680602 275983.49886634777 17529.966389269717
1.5042149115833048 283672.13743073086 19107.25053034677
1.5042257771187184 281362.9343158313 12839.321108675575
1.5042366411748451 276436.5054749639 9693.89949950971
1.5042475037522243 261016.46006072767 5363.811224831867
1.5042583648513999 256327.14802237024 5942.8409897686815
1.5042692244729134 252345.8159583925 10786.979028582264
1.5042800826173057 253859.11395852827 7658.201690549693
1.50429093928512 251555.2026240077 10420.71097505117
1.5043017944768975 253165.87627359794 8603.67248332647
1.5043126481931803 255943.95665207828 8150.087740182833
1.5043235004345106 259172.64683857618 5507.124558733629
1.5043343512014302 256657.66396744974 6684.666843740486
1.5043452004944813 256068.21741341776 8629.642751644818
1.504356048314205 252573.34306558917 16171.44288841467
1.5043668946611444 256732.25513897534 13379.309194565289
1.5043777395358406 250116.39710214105 14019.263418271676
1.5043885829388355 246619.8488747974 13757.39256485138
1.5043994248706714 246221.6619324031 22048.750762929303
1.5044102653318898 257096.08796709444 19027.31024957284
1.5044211043230333 268605.03365034267 11593.29401006388
1.5044319418446437 277934.684478994 5102.856811160686
1.5044427778972627 278808.6747043193 7120.390914093254
1.5044536124814323 277450.32266877 6902.3780620059715
1.5044644455976948 273182.9538958999 4404.651303570607
1.5044752772465915 272059.1087025246 3867.219726344044
1.504486107428665 266609.2344379844 5300.688340272005
1.5044969361444565 258005.89080046216 7222.416331081467
1.5045077633945088 259521.8205869632 9975.044132088187
1.5045185891793635 268562.1928300829 9219.0703073119
1.5045294134995624 278724.8646471384 6409.459979492647
1.5045402363556468 281409.7851497377 4286.8977857980935
1.5045510577481607 281306.7265975696 3478.9079038514187
1.5045618776776442 278477.7713821071 4074.1269867862566
1.5045726961446402 276615.09546352975 3135.000769657907
1.50458351314969 269953.41710058425 2943.0423929784756
1.5045943286933354 267116.96349318937 3006.471717677792
1.5046051427761198 264143.9131326174 3697.794548191517
1.5046159553985836 265805.5562589102 9641.69759296519
1.5046267665612696 269136.8549553334 9521.427740399628
1.5046375762647195 267390.09925689094 12266.788397301287
1.5046483845094751 268288.0242004165 11312.993867098834
1.504659191296079 267666.19782856025 17250.048916886568
1.5046699966250725 266475.2001562291 16360.79046461674
1.5046808004969976 260563.52413116305 11196.539304257038
1.5046916029123965 257639.55466294347 8676.575796194424
1.5047024038718113 258575.66429535218 10168.41549134958
1.5047132033757835 265281.98566447943 12831.779720136336
1.5047240014248557 268767.513863254 13719.657027263856
1.5047347980195696 270296.24683784024 15537.304117122596
1.504745593160467 268911.44388369616 14144.769912286618
1.5047563868480902 262630.3614837486 9421.452190565162
1.5047671790829802 262088.78997771762 9754.357664514582
1.5047779698656805 258933.1223365388 16330.805763730395
1.5047887591967322 258488.74577893043 26552.45844208423
1.5047995470766773 250714.15857053656 29116.5243466751
1.5048103335060579 250812.90625041025 24040.855052545317
1.504821118485416 255697.40898688696 16392.22211244165
1.5048319020152938 262717.2557526928 7649.392143937136
1.5048426840962326 268388.8412932834 5667.069018317261
1.504853464728775 270303.8923328043 3415.9369255480683
1.5048642439134625 268172.62039421045 6717.721388954191
1.5048750216508378 260247.0708773993 6442.065214929169
