igrins/spectra/ux_sex_H_20190410.ecsv
# %ECSV 1.0
# ---
# datatype:
# - {name: WAVELENGTH, unit: um, datatype: float64}
# - {name: FLUX, datatype: float64}
# - {name: ERROR, datatype: float64}
# schema: astropy-2.0
WAVELENGTH FLUX ERROR
[from data line 22651]
1.7536108395138927 217147.27169972638 4874.63330078125
1.753622605523267 218484.32060919065 5035.2109375
1.7536343701827641 219478.4936743962 5175.36279296875
1.7536461334930686 220748.5462604058 5295.40576171875
1.7536578954548645 221193.2517945346 5303.541015625
1.7536696560688356 219921.62593159033 5228.0458984375
1.7536814153356675 217890.70369236538 5169.150390625
1.7536931732560448 215799.90445591038 5142.6953125
1.7537049298306524 216795.73418136925 4822.2060546875
1.7537166850601755 215621.74503126755 4743.716796875
1.7537284389452996 214980.92225692119 4648.123046875
1.7537401914867103 213547.1743527567 4712.583984375
1.7537519426850945 214192.86394133308 4741.81591796875
1.7537636925411375 214370.46229233016 4732.921875
1.7537754410555255 213753.1217595932 4735.744140625
1.753787188228945 213283.3211380536 4775.72900390625
1.7537989340620834 212408.65261079714 4770.796875
1.7538106785556273 209635.82869771315 4756.443359375
1.7538224217102636 208922.39279276645 4778.712890625
1.7538341635266803 209257.88033734314 4785.70703125
1.7538459040055643 209218.93381433413 4793.2041015625
1.7538576431476038 207150.84462890273 4800.36572265625
1.7538693809534869 204506.45952901195 4763.22509765625
1.7538811174239013 202073.81677959388 4715.978515625
1.753892852559536 199254.43542167317 4656.37744140625
1.7539045863610794 199234.0061174378 4696.6123046875
1.7539163188292206 199975.22045737624 4728.4599609375
1.753928049964648 199891.29999293678 4687.61669921875
1.7539397797680518 198547.41183062195 4641.162109375
1.753951508240121 198092.5083520207 4645.40771484375
1.7539632353815453 199848.94454310238 4654.443359375
1.7539749611930142 201650.21497932423 4691.77197265625
1.7539866856752186 205288.95189514055 4690.12841796875
1.7539984088288478 205995.74714283022 4634.3857421875
1.754010130654594 204218.19282838993 4601.37646484375
1.7540218511531462 200935.71610312245 4711.326171875
1.754033570325196 201793.23281225155 4661.26611328125
1.7540452881714348 203269.25837120635 4691.2080078125
1.754057004692554 202230.65643118258 4703.8935546875
1.7540687198892446 200681.0687085348 4664.103515625
1.7540804337621996 199578.75572058844 4693.53662109375
1.754092146312109 203403.2578805861 4653.6845703125
1.754103857539667 202909.9704382983 4721.25830078125
1.7541155674455653 200439.80810031283 4747.6845703125
1.7541272760304956 199429.61092334636 4768.4970703125
1.7541389832951524 202619.67637559195 4998.40087890625
1.7541506892402277 208454.91068454864 5097.78564453125
1.7541623938664146 212005.82666392587 5025.611328125
1.7541740971744075 211344.77192852052 5102.3876953125
1.754185799164899 210007.09709854674 4968.3896484375
1.7541974998385839 208912.2376500987 4864.52490234375
1.754209199196156 208906.08695582725 4794.3232421875
1.7542208972383093 209381.87993460335 4744.775390625
1.7542325939657382 205034.2718052438 4691.59130859375
1.7542442893791388 201580.1461472207 4622.3779296875
1.7542559834792042 199943.44551523434 4626.05078125
1.7542676762666307 202283.28947120602 4679.75244140625
1.7542793677421127 204555.19802745795 4646.2841796875
1.754291057906347 204890.95202162507 4673.5302734375
1.754302746760029 203705.1813865155 4655.77490234375
1.754314434303854 203293.55103197612 4630.98388671875
1.7543261205385192 203089.5844500831 4735.3056640625
1.75433780546472 203320.8195867292 4980.2919921875
1.7543494890831537 202162.82043954128 5081.21875
1.7543611713945169 201660.77436117188 5143.0986328125
1.7543728523995066 199771.63215868408 5237.07470703125
1.75438453209882 199377.38244526295 5096.48583984375
1.7543962104931552 198255.25356179112 4987.390625
1.7544078875832092 197982.958555474 4797.37255859375
1.7544195633696793 197455.69182299613 4580.22216796875
1.754431237853265 195000.02159759589 4582.6181640625
1.7544429110346638 194249.31567571472 4625.04052734375
1.7544545829145743 194371.4494735405 4567.478515625
1.7544662534936952 198140.94731069694 4545.96875
1.7544779227727254 200356.51316364223 4600.60986328125
1.7544895907523643 203258.43891485888 4621.36376953125
1.754501257433311 204085.36532216024 4608.5771484375
1.754512922816265 202699.92387929518 4600.02197265625
1.7545245869019268 201903.11090559108 4679.341796875
1.754536249690995 202491.98845680532 4702.6328125
1.7545479111841706 204567.31866900015 4603.2890625
1.7545595713821545 205287.21043594676 4571.89306640625
1.7545712302856462 205997.87613775846 4635.75244140625
1.7545828878953476 207048.04991532722 4631.40283203125
1.7545945442119588 207519.48232585914 4599.03173828125
1.7546061992361814 206760.3134819253 4599.33544921875
1.7546178529687169 207547.78945174208 4614.025390625
1.7546295054102672 207428.8380293377 4642.9130859375
1.7546411565615332 206877.28405119863 4605.47265625
1.7546528064232187 204898.13490017125 4613.96826171875
1.7546644549960242 204805.2223332579 4584.99609375
1.7546761022806532 204312.72111800665 4632.07275390625
1.7546877482778087 204124.31031705718 4583.36572265625
1.7546993929881927 204484.34160837106 4541.9375
1.7547110364125085 205423.31180615423 4636.97509765625
1.7547226785514598 206693.35947964108 4631.94775390625
1.7547343194057503 206750.74340873992 4624.88720703125
1.754745958976083 205974.42347848642 4637.31689453125
1.7547575972631628 203692.28488240123 4560.4306640625
1.754769234267693 201661.91281277448 4539.0947265625
1.7547808699903786 201346.04065641027 4556.23583984375
1.7547925044319241 203178.11686630675 4614.77294921875
1.754804137593034 205319.68633608508 4619.7021484375
1.7548157694744138 205853.2391787909 4564.607421875
1.754827400076768 204616.08710122708 4627.20458984375
1.754839029400803 202626.64292275097 4611.685546875
1.7548506574472236 203432.93596218043 4629.1875
1.754862284216736 201714.03915274583 4650.52880859375
1.7548739097100459 202628.10592981102 4638.8603515625
1.7548855339278604 201083.27127859503 4711.4794921875
1.7548971568708853 203045.9298892729 4714.2490234375
1.7549087785398279 198702.6855057248 4723.70654296875
1.7549203989353936 195721.8683097116 4689.30615234375
1.7549320180582917 193733.50252688688 4666.07958984375
1.754943635909228 194154.75079181974 4657.37353515625
1.754955252488911 195440.7623848524 4646.57421875
1.754966867798047 196298.6275137356 4640.57080078125
1.7549784818373453 200038.55310322793 4698.33447265625
1.7549900946075137 200679.38473156135 4747.84521484375
1.7550017061092609 201090.81614373333 4844.54736328125
1.7550133163432944 199662.80974874157 5037.49658203125
1.755024925310324 198741.65461276687 5127.7421875
1.7550365330110584 197449.37594770011 5313.65087890625
1.7550481394462067 197903.71892074117 5489.0732421875
1.7550597446164786 197147.84253099997 5602.47998046875
1.7550713485225837 199133.4119029111 5675.96923828125
1.7550829511652317 197012.7850077625 5960.76611328125
1.7550945525451322 200509.7374341993 6332.41357421875
1.7551061526629963 198498.5037048791 7292.65185546875
1.7551177515195346 192285.12720583202 8882.4619140625
1.7551293491154565 176917.0068445694 11116.8603515625
1.7551409454514737 170538.21792189087 15905.4873046875
1.7551525405282973 172613.33253710007 21258.982421875
1.7551641343466393 172080.84969360547 20925.201171875
1.7551757269072101 177594.17097487825 15923.4814453125
1.7551873182107216 180969.37550565347 11522.470703125
1.7551989082578865 193897.7040038126 8755.0693359375
1.7552104970494162 192729.9376350593 7233.884765625
1.7552220845860236 196027.27590726173 6283.0888671875
1.7552336708684206 199942.38364417455 5699.9677734375
1.7552452558973204 203252.57502914534 5413.17822265625
1.7552568396734365 202823.86416950932 5140.744140625
1.7552684221974808 200121.5733936528 5023.6845703125
1.7552800034701674 199346.71639901938 4954.84521484375
1.755291583492211 198615.19095466746 4767.23291015625
1.7553031622643236 198843.21877491055 4759.34814453125
1.7553147397872206 199894.3678205491 4667.4443359375
1.7553263160616155 200077.58606902213 4686.66552734375
1.755337891088223 199123.41272271474 4688.16796875
1.7553494648677574 199559.2743898512 4649.52880859375
1.7553610374009343 202602.01922022697 4578.390625
1.755372608688469 203815.49528571716 4567.390625
1.7553841787310756 202229.51876197945 4520.826171875
1.7553957475294704 201190.2638698945 4539.5068359375
1.755407315084369 202094.10270647533 4598.81005859375
1.7554188813964873 204381.50731773896 4591.06396484375
1.7554304464665413 204731.9866487281 4602.5458984375
1.755442010295248 203379.98907252587 4576.41064453125
1.7554535728833227 203007.66738236818 4583.71875
1.7554651342314835 199482.2267286527 4568.494140625
1.7554766943404467 201256.59130353772 4557.4091796875
1.7554882532109297 200749.44910176945 4620.5009765625
1.7554998108436497 203716.24952977052 4608.69287109375
1.755511367239324 205912.87560972618 4628.59912109375
1.7555229223986717 208633.38483929788 4712.82763671875
1.7555344763224097 209504.05849858595 4705.2939453125
1.7555460290112563 208414.22048713744 4702.21875
1.7555575804659305 208419.66671616625 4764.43896484375
1.7555691306871501 209123.50837992996 4790.40234375
1.755580679675635 211139.48868195422 4731.91259765625
1.7555922274321034 209958.1281454076 4660.2978515625
1.7556037739572752 209052.96022867697 4636.36962890625
1.7556153192518695 207920.2860042224 4687.7470703125
1.7556268633166063 208335.3213729109 4661.0615234375
1.7556384061522052 207676.24855461257 4613.44677734375
1.755649947759387 206316.0170622931 4578.74755859375
1.7556614881388715 205804.08245333808 4621.23779296875
1.755673027291379 205374.75337654832 4562.8876953125
1.7556845652176307 204467.41868568625 4543.54541015625
1.7556961019183472 204913.98439197981 4556.6630859375
1.7557076373942502 208900.89881353866 4546.96533203125
1.7557191716460612 211560.43801347725 4571.130859375
1.7557307046745008 210123.65387942654 4546.384765625
1.7557422364802917 206565.81088183605 4528.244140625
1.7557537670641556 203657.17367609835 4516.64404296875
1.7557652964268147 204219.56686560216 4523.6064453125
1.7557768245689913 203055.46221242985 4500.11962890625
1.7557883514914092 203138.7103092994 4522.96875
1.7557998771947894 203703.51022867102 4539.2861328125
1.7558114016798563 204422.8325124692 4500.1884765625
1.7558229249473327 203373.59766109014 4485.70751953125
1.7558344469979419 201998.9036137003 4461.0107421875
1.7558459678324085 202413.4381385232 4473.67919921875
1.755857487451455 202334.68520534257 4528.85009765625
1.7558690058558066 204008.03918857535 4437.2314453125
1.7558805230461874 205627.66192995297 4484.94482421875
1.7558920390233217 205798.40065197318 4454.94677734375
1.7559035537879346 204943.21343713356 4411.3427734375
1.7559150673407509 203306.10097215243 4427.828125
1.7559265796824957 206336.04755252352 4493.6787109375
1.7559380908138944 208661.94673034965 4430.57568359375
1.7559496007356727 212653.61642447984 4418.2578125
1.7559611094485559 213911.58598888377 4451.49951171875
1.7559726169532706 214700.67991528483 4486.9609375
1.7559841232505429 213578.75991346824 4471.404296875
1.7559956283410991 212435.06701583907 4510.78955078125
1.7560071322256658 212118.24046408973 4458.462890625
1.75601863490497 212113.1467439818 4485.44140625
1.756030136379739 211398.48823541665 4525.16796875
1.7560416366506992 211035.9274519668 4475.701171875
1.756053135718579 210709.98747449453 4435.71533203125
1.7560646335841053 208793.6034321044 4419.47607421875
1.756076130248007 206423.21066341808 4453.9736328125
1.7560876257110116 203396.52615051443 4438.74755859375
1.7560991199738472 203835.6452551234 4399.10107421875
1.7561106130372421 202674.8373161975 4429.80810546875
1.7561221049019262 202239.95334760685 4427.98681640625
1.7561335955686275 203909.56632390252 4446.81103515625
1.7561450850380753 204954.9315630188 4444.72314453125
1.7561565733109996 206125.97263006127 4441.056640625
1.756168060388129 204601.35646969563 4463.31201171875
1.756179546270194 205271.48461482304 4466.6826171875
1.7561910309579247 206431.47368516037 4490.65478515625
1.7562025144520497 209099.43446339236 4548.98681640625
1.7562139967533015 211822.8986075147 4525.6337890625
1.7562254778624098 212213.10311589055 4557.13232421875
1.7562369577801056 212188.16336950526 4480.994140625
1.7562484365071196 209671.59904793042 4463.1064453125
1.7562599140441837 206977.8364345137 4484.32275390625
1.7562713903920286 203423.90847882637 4480.052734375
1.7562828655513862 203016.34499993955 4486.71728515625
1.7562943395229889 205813.76406652512 4532.5185546875
1.7563058123075688 209517.6308546766 4547.54345703125
1.7563172839058578 210472.34699257516 4609.21630859375
1.756328754318588 211912.80537528754 4493.55078125
1.7563402235464924 210612.63397334912 4591.55078125
1.7563516915903046 209530.2827059796 4499.900390625
1.7563631584507569 206338.8656677354 4511.01953125
1.7563746241285836 206565.64081519286 4493.72021484375
1.756386088624517 208308.81906634563 4576.1318359375
1.7563975519392923 211690.16834176995 4505.90673828125
1.7564090140736421 210410.80286853056 4581.951171875
1.7564204750283017 206840.63704950555 4545.0791015625
1.7564319348040045 202910.12188013253 4591.5556640625
1.7564433934014863 202402.52529403422 4533.84814453125
1.756454850821481 203669.23458479787 4590.5966796875
1.7564663070647237 203903.81042877492 4581.10693359375
1.75647776213195 201801.21013317927 4584.65478515625
1.7564892160238954 199603.23907861873 4515.81298828125
1.7565006687412954 195192.7785318985 4512.27685546875
1.7565121202848857 194947.9455650758 4441.216796875
1.7565235706554025 194304.36778764523 4468.40625
1.7565350198535825 195631.4454237026 4483.29443359375
1.7565464678801612 193794.74595191426 4489.9072265625
1.7565579147358765 194165.6632500157 4539.154296875
1.7565693604214645 194413.6036532875 4552.37939453125
1.7565808049376623 194165.38077596182 4580.82373046875
1.7565922482852083 194526.97855068473 4558.66015625
1.7566036904648388 193350.4975621307 4586.69921875
1.7566151314772926 194556.82414832505 4497.5380859375
1.756626571323307 195226.73785518046 4574.4033203125
1.7566380100036196 197132.12836752704 4647.521484375
1.7566494475189705 196165.65736332207 4675.099609375
1.7566608838700963 193376.8288729772 4708.55224609375
1.756672319057738 192765.16308226713 4683.7119140625
1.7566837530826325 191023.20768500832 4670.30712890625
1.7566951859455207 191445.40422556427 4672.498046875
1.7567066176471409 189874.42404817019 4773.96142578125
1.7567180481882332 193280.07177111393 4881.30908203125
1.7567294775695372 194607.36671469855 5006.171875
1.7567409057917935 194200.50781348703 5283.44091796875
1.7567523328557428 192325.9136187529 5577.93408203125
1.7567637587621237 187670.9570306262 6144.30078125
1.7567751835116787 186826.67366299132 7099.3740234375
1.7567866071051481 188391.63901340775 8716.81640625
1.7567980295432728 190776.69984264462 10772.4638671875
1.7568094508267946 188069.92576328022 13240.73046875
1.7568208709564548 191606.39563868043 13648.8291015625
1.7568322899329956 191377.37873024849 11600.5439453125
1.7568437077571573 196454.96356010565 9273.1298828125
1.7568551244296844 190389.59446199023 7508.384765625
1.7568665399513177 193077.74694707376 6289.28369140625
1.7568779543228004 194497.21394046547 5672.7529296875
1.756889367544875 197618.39129501264 5243.44287109375
1.7568987135963643 198009.43459760663 nan
1.756900779618285 198781.1104578322 5074.55810546875
1.7569121905437732 199231.01637769566 4997.7958984375
1.7569124014236939 200485.41484029812 4996.004492450482
1.7569260872610177 200391.4486118477 4888.989448207402
1.7569397711088035 200626.724077921 4848.045072533599
1.75695345296752 199730.05948740774 4833.061424083552
1.7569671328376362 200834.27914458737 4810.62827449929
1.756980810719622 202270.1571860794 4852.163554603777
1.7569944866139464 203835.5602196795 4740.101932229539
1.7570081605210783 201485.1443962455 4689.238227839001
1.7570218324414886 199107.00825509796 4645.2997445391065
1.7570355023756472 198844.8325688842 4629.019962815352
1.7570491703240234 199542.70242615882 4584.508841401083
