igrins/spectra/ux_sex_K_20190410.ecsv
# %ECSV 0.9
# ---
# datatype:
# - {name: WAVELENGTH, unit: um, datatype: float64}
# - {name: FLUX, datatype: float64}
# - {name: ERROR, datatype: float64}
# schema: astropy-2.0
WAVELENGTH FLUX ERROR
[from data line 11013]
2.015663680078873 135758.55305955932 7172.320837954076
2.0156786943563794 144667.3619095542 7365.5769463043225
2.015693706693758 142980.03923944623 41804.78989716198
2.0157087170914667 129643.50088082088 27718.31033456944
2.015723725549964 22190.900608656128 4269.223951118067
2.015738732069705 -44689.61986190593 61013.930967180655
2.0157537366511478 -267224.64173905924 125641.81862691429
2.015768739294749 -295765.2223753772 379424.4511530582
2.0157837400009617 -986592.2184035431 127133.75723455702
2.0157987387702434 -541692.4669408944 570823.1367716374
2.015813735603048 617414.2816493021 1486898.1883738625
2.0158287304998304 361338.5717571549 101189.4442745702
2.0158437234610442 197363.29963676957 100339.18087746238
2.0158587144871434 32410.71694727456 22363.59147412693
2.0158737035785808 112359.63780169978 13308.899464245002
2.0158886907358093 116082.9905658044 11634.854637338665
2.0159036759592803 141478.89129806636 18613.69754152191
2.0159186592494467 116616.4930740746 15856.614163694856
2.0159336406067596 121301.24511655034 9245.099812672914
2.0159486200316703 108705.0055821659 32169.518110022957
2.015963597524628 109274.9133235872 28089.122290206953
2.015978573086085 122281.71505449816 15099.447556787094
2.015993546716489 113893.5741277466 17340.214198049434
2.01600851841629 120001.06455884206 13943.283238906564
2.016023488185937 120429.49249083071 7642.137497885074
2.016038456025879 117461.27939529055 5945.645495149083
2.0160534219365633 125895.34860684545 260.2155928084991
2.0160683859184365 130540.4696405918 5423.5475140120025
2.0160833479719473 122680.10080740848 2803.0652374473257
2.0160983080975416 116358.07440230886 829.9764530868748
2.016113266295666 118510.76154820304 1618.0143623640322
2.0161282225667656 119129.02319067645 2040.6940445554205
2.016143176911287 114506.68383475304 5215.381579101844
2.016158129329675 118731.26426598169 3372.9584106191064
2.0161730798223734 122609.74230952765 2001.0159036270582
2.0161880283898252 119288.78863799296 190.49227978358257
2.016202975032478 120521.0368204456 4254.686425229882
2.0162179197507712 113308.95076982262 4855.531216029871
2.016232862545149 106717.67298114709 3515.038485874171
2.016247803416055 106747.78157431132 7342.601356270614
2.0162627423639288 119893.86786341088 5333.1852199510095
2.016277679389214 119345.07880041037 5775.85068347019
2.0162926144923508 112725.98191372346 8178.536978594223
2.01630754767378 104963.43394072719 3130.259254884692
2.016322478933942 111431.79482378735 8304.263927571481
2.016337408273276 117686.26763560044 7887.602001300008
2.016352335692223 116413.39640363869 6381.700038168593
2.016367261191221 125025.85538524158 2366.9021744018864
2.016382184770708 122939.16919982574 4016.6167774103383
2.016397106431122 116618.85164657107 2078.926976654421
2.0164120261729024 116866.84806468502 9143.571310592688
2.0164269439964855 110476.88487253874 11012.87681606784
2.0164418599023075 117335.75898313124 3778.1046553096376
2.016456773890806 115760.16842322079 16303.249924981077
2.016471685962416 96452.34693691954 3339.826536952226
2.0164865961175735 60650.56817358903 27693.09479030154
2.016501504356713 64789.45818541089 102850.45512983209
2.0165164106802704 206845.29074581404 220155.9385521606
2.01653131508868 287073.71905373066 264781.8322782642
2.0165462175823743 -126602.4659615332 83951.29337954584
2.0165611181617873 -607435.4552807359 662384.5391595713
2.016576016827353 240454.36296942382 119307.05171121765
2.0165909135795017 117014.4158195292 32916.669292496765
2.0166058084186678 137347.2848203176 26786.79556137251
2.0166207013452815 131620.80811057036 79710.83883189334
2.016635592359776 113411.16448668696 30073.43154090229
2.016650481462579 137361.56716783252 1604.7599037696752
2.0166653686541234 135873.47536585617 6964.370881490379
2.016680253934839 131708.5897935341 3572.138370521718
2.016695137305155 121693.69123501587 6702.317807455156
2.0167100187655 112804.77561370555 1464.8193819942305
2.0167248983163035 126133.7573923454 19477.379390147995
2.0167397759579937 118131.3905613018 462.76641313216646
2.0167546516909973 129003.93665156917 3126.431934121069
2.016769525515743 130765.15828705824 2723.342423467956
2.0167843974326574 121231.43455192533 7073.094738047167
2.0167992674421673 127318.56856596073 5805.236084123252
2.0168141355446982 130804.49981588291 239.91809504141708
2.016829001740676 125323.21416925322 4773.076247022143
2.0168438660305266 106938.83691655911 281.0428588211746
2.016858728414675 123744.9338785521 2870.1489582354207
2.016873588893544 119987.86070411369 1803.2638445655984
2.0168884474675584 99712.83258052391 4266.041855911749
2.0169033041371436 116434.9966722332 4126.498591708741
2.0169181589027194 114594.48835868906 2094.4717355059906
2.016933011764711 109052.70788341181 14633.728515625
2.0169478627235398 108006.22462192854 14107.1728515625
2.016962711779628 110725.03483247063 14120.3740234375
2.0169775589333963 108988.72773181989 13460.0234375
2.0169924041852667 126189.04734453713 11230.033203125
2.0170072475356595 127561.38382768862 9424.8291015625
2.017022088984994 126259.1562983378 8156.18310546875
2.0170369285336904 117418.86039139584 7373.44140625
2.0170517661821683 112773.84181477198 7009.22119140625
2.0170666019308467 113684.39310088861 6689.3642578125
2.017081435780143 126861.74364818411 6812.75390625
2.0170962677304765 125023.32645487135 7082.724609375
2.017111097782264 120749.69280128834 7197.62646484375
2.0171259259359227 119996.69442256312 7349.24658203125
2.017140752191869 111258.07750362525 7876.69140625
2.01715557655052 113245.35959029179 8811.583984375
2.017170399012291 121331.6326569313 10095.4013671875
2.017185219577598 116581.82510602583 11860.75
2.017200038246855 121160.77943397366 14340.830078125
2.0172148550204767 132801.45699603955 19648.263671875
2.0172296698988785 112775.35848956976 31097.853515625
2.017244482882472 137089.7823998678 59516.609375
2.0172592939716725 39258.49003529204 116025.5390625
2.017274103166893 -90367.81845772648 205194.921875
2.017288910468544 -106207.54656376441 307035.625
2.0173037158770386 -387328.9353622811 446956.375
2.0173185193927883 -298215.7433379413 380441.59375
2.0173333210162046 7974.843329972489 353753.625
2.0173481207476978 54365.668377150316 184341.46875
2.0173629185876774 71523.33540966224 105473.2734375
2.0173777145365546 123000.62082779995 56545.72265625
2.017392508594739 106685.22152113492 32253.08984375
2.017407300762638 96661.47685184838 19618.705078125
2.0174220910406606 117662.90311787606 14226.421875
2.017436879429217 107903.05377232944 11167.1083984375
2.0174516659287125 103628.98965497084 9395.8994140625
2.017466450539555 115423.5564609116 8328.10546875
2.0174812332621523 108635.79878684804 7693.61669921875
2.0174960140969094 114475.45111555669 7210.3125
2.0175107930442335 108308.99632039107 7012.57568359375
2.01752557010453 120971.92944953876 7062.11083984375
2.0175403452782024 124187.12666274264 6988.8486328125
2.0175551185656575 123441.10427318943 7556.13134765625
2.0175698899672994 124962.44558979817 8384.8388671875
2.017584659483531 121818.14116591997 9211.455078125
2.017599427114756 129355.98208429331 9462.14453125
2.017614192861377 135023.05349482325 8682.220703125
2.0176289567237977 133496.62034512305 7274.642578125
2.0176437187024194 126767.62753812034 6237.40380859375
2.0176584787976455 130832.55802993385 5709.78466796875
2.017673237009874 118608.06758556905 5499.23974609375
2.017687993339508 119538.89529764489 5341.572265625
2.0177027477869482 128907.94718694684 5328.27734375
2.017717500352594 126345.98525890734 5618.67431640625
2.0177322510368434 132847.62691639707 5897.90087890625
2.0177469998400985 132029.71510645392 5953.64404296875
2.017761746762756 128092.52525624802 5909.18798828125
2.0177764918052152 119548.17969416102 5694.6943359375
2.017791234967873 121278.5098286712 5554.47412109375
2.017805976251128 122762.87600715218 5558.34912109375
2.0178207156553767 126378.96843395811 5652.62451171875
2.0178354531810148 123738.67765031643 5765.3154296875
2.01785018882844 127887.99495997126 5864.22265625
2.0178649225980467 124523.57892204601 6197.9541015625
2.0178796544902307 118876.06621698245 6754.22412109375
2.0178943845053867 110754.38943392973 7770.41015625
2.0179091126439097 104564.9407111498 9584.572265625
2.017923838906194 115441.23732052444 12200.49609375
2.017938563292631 129613.04121588549 13372.318359375
2.0179532858036167 118688.31881367917 12579.6591796875
2.0179680064395416 99493.8645571804 11830.9482421875
2.0179827252007994 114509.25461284313 12017.05859375
2.017997442087781 133456.0453069468 13609.18359375
2.0180121571008782 137868.3959783927 17516.64453125
2.0180268702404827 114158.01658152195 25509.3046875
2.0180415815069837 121786.98019547315 45486.2890625
2.0180562909007724 279333.0598222958 81492.703125
2.018070998422238 232945.75118407817 152052.734375
2.018085704071771 225696.28828052382 295048.25
2.0181004078497584 152272.6135410663 360558.21875
2.0181151097565895 76957.4676893375 392108.96875
2.0181298097926526 54982.20256412201 183891.65625
2.018144507958335 89936.19645895391 105380.8359375
2.0181592042540237 98077.96388377887 49165.1171875
2.0181738986801054 84260.20525829314 26718.830078125
2.0181885912369673 127908.50491335313 17690.0546875
2.018203281924994 119389.18469943087 13142.603515625
2.0182179707445718 135541.5110243793 10582.5205078125
2.018232657696085 129457.04523634585 9096.990234375
2.018247342779919 127445.55599740979 8622.8662109375
2.018262025996458 123688.90617575713 8847.73046875
2.0182767073460837 114894.33260832193 9865.0400390625
2.0182913868291816 122898.11354253741 10619.427734375
2.0183060644461346 125827.5684516238 10109.9296875
2.0183207401973235 124262.19919326165 8467.3154296875
2.018335414083132 130935.50822248316 7119.42333984375
2.0183500861039403 137654.95353064506 6111.08935546875
2.018364756260131 138292.76682726011 5629.60400390625
2.0183794245520836 138108.05135062267 5360.197265625
2.018394090980179 129546.5595638083 5137.91650390625
2.018408755544797 129983.78895632902 5002.4453125
2.018423418246317 139001.68842895929 4982.595703125
2.018438079085118 142107.8436507995 4940.04248046875
2.0184527380615784 140537.0745018719 4939.728515625
2.0184673951760757 137121.2672863326 4982.1142578125
2.0184820504289895 133029.49638667927 5023.6220703125
2.0184967038206953 131477.20511571734 4932.28759765625
2.0185113553515714 133978.97273130398 5006.1201171875
2.0185260050219935 140436.95637941634 5052.40771484375
2.018540652832337 144892.92865032982 5071.25
2.0185552987829785 138809.96078817683 5183.03662109375
2.018569942874293 128628.38981647878 5481.642578125
2.018584585106655 127074.82978386563 6134.77099609375
2.018599225480438 127179.73679878975 7310.1689453125
2.018613863996018 122299.26538597318 8878.5361328125
2.018628500653766 130286.81142967203 9639.0400390625
2.0186431354540573 127460.64791736315 8806.8583984375
2.0186577683972624 127676.2388943367 7248.6328125
2.018672399483755 124075.59038427968 6204.36865234375
2.018687028713906 125427.7102891009 5695.6220703125
2.0187016560880866 121953.25184132406 5571.5234375
2.018716281606668 133138.145487316 5754.50927734375
2.0187309052700213 122412.09420500782 5905.48291015625
2.0187455270785155 115188.33015315396 6202.00439453125
2.0187601470325203 117068.8886540856 6700.55810546875
2.0187747651324064 125972.8046941564 7408.89990234375
2.0187893813785394 113781.14510860793 8669.0126953125
2.018803995771291 112136.10350930378 11116.509765625
2.018818608311027 110956.98193596648 15284.2861328125
2.018833218998115 92232.23035472963 23225.97265625
2.0188478278329223 53445.78020556474 41292.37890625
2.0188624348158157 -2570.4063211452017 82422.9375
2.018877039947162 54329.88737309091 176843.265625
2.0188916432273256 723863.4598453696 340643.0625
2.0189062446566726 77319.56907095619 196409.40625
2.0189208442355673 29557.67173903443 109532.8125
2.0189354419643752 73628.17197583486 64181.4609375
2.018950037843459 107112.83858264677 37251.4453125
2.018964631873182 113328.81373380669 23337.767578125
2.018979224053911 113845.69836021286 18642.86328125
2.018993814386004 143931.7687925407 16222.640625
2.0190084028698254 140944.99506030593 14327.126953125
2.0190229895057374 125361.91228900931 11510.783203125
2.019037574294101 125346.31884587606 8856.388671875
2.0190521572352775 134259.06109946885 7020.08935546875
2.0190667383296264 137890.0411875362 5936.37451171875
2.0190813175775095 138578.66212670866 5549.00048828125
2.019095894979286 134191.3554630506 5171.50341796875
2.0191104705353142 131950.4856871265 4986.17236328125
2.0191250442459543 129463.39098303602 4849.796875
2.019139616111564 125159.17423083757 4729.2353515625
2.0191541861325017 121749.29170215159 4614.3330078125
2.0191687543091246 127923.23510574493 4726.33544921875
2.01918332064179 130992.12326139018 5061.09228515625
2.0191978851308545 122386.17461895046 5208.47216796875
2.0192124477766753 125127.80350990048 5317.2939453125
2.019227008579607 126428.19478198327 5116.04150390625
2.0192415675400066 126415.48179960382 4911.88037109375
2.0192561246582272 122962.51738265606 5407.24072265625
2.0192706799346247 134479.82651228618 7233.638671875
2.019285233369553 134630.18146556287 9488.26171875
2.019299784963366 126393.77805264729 11715.099609375
2.0193143347164164 129794.74020923766 13918.5390625
2.019328882629057 131778.00925786656 14635.2666015625
2.019343428701642 117994.05181820232 12821.7880859375
2.0193579729345212 114265.92518024344 9770.3564453125
2.0193725153280475 124494.23940911435 7257.2294921875
2.0193870558825715 126162.75607191287 5460.13720703125
2.019401594598445 122123.88772858406 4890.67529296875
2.019416131476017 124181.95501757898 4766.095703125
2.019430666515637 121438.70474270312 4544.3037109375
2.019445199717656 124232.52863305787 4463.0810546875
2.0194597310824225 122592.26237543822 4522.3876953125
2.019474260610284 126109.85431474676 4604.396484375
2.0194887883015906 125650.04782638524 4680.5849609375
2.0195033141566885 126493.5541808561 4661.50634765625
2.0195178381759256 135152.87889351102 4766.35595703125
2.0195323603596496 132782.34664886145 4946.32275390625
2.0195468807082047 132044.75998882632 5072.63916015625
2.019561399221939 126170.80907668358 5280.00244140625
2.0195759159011977 124055.07825513757 5671.43212890625
2.0195904307463253 123283.29300394119 6466.3720703125
2.019604943757667 125002.52476566068 7659.271484375
2.019619454935567 127191.55385134438 9439.6796875
2.0196339642803696 121605.99677782854 13374.7666015625
2.0196484717924172 110932.16724953773 21689.650390625
2.0196629774720543 131582.8936591677 41873.3203125
2.0196774813196217 183164.9302427411 87844.8359375
2.019691983335463 -8654.904172056042 167984.328125
2.01970648351992 100055.18396912816 249453.78125
2.0197209818733337 254779.5355607767 162209.46875
2.019735478396044 69566.95510145731 86142.640625
2.019749973088393 126363.18997811146 37478.90625
2.0197644659507192 120729.45033416884 19269.529296875
2.019778956983363 123171.46065274061 12150.94921875
2.019793446186664 122142.96051958688 8736.3271484375
2.01980793356096 130477.42115141272 7048.74853515625
2.01982241910659 132446.9467351709 6010.72607421875
2.019836902823892 125179.45965021662 5368.2861328125
2.019851384713202 130276.16160007122 4955.9541015625
2.0198658647748586 129727.93328722283 4718.79443359375
2.0198803430091985 132242.04657927752 4635.384765625
2.0198948194165562 129972.31592164903 4513.56494140625
2.01990929399727 132982.11948018003 4462.83837890625
2.019923766751673 138071.51890328762 4429.63330078125
2.0199382376801007 133217.511856551 4504.81689453125
2.019952706782888 134632.2310394268 4638.28173828125
2.0199671740603686 135453.10041095965 4895.4775390625
2.019981639512876 131255.67684737768 5154.3828125
2.019996103140744 136219.96365700997 5552.736328125
2.0200105649443043 137710.82744046685 5733.82763671875
2.0200250249238905 124515.66991682173 5986.05029296875
2.020039483079833 127839.63049490562 6715.59033203125
