igrins/spectra/ux_sex_H_20190410.ecsv
# %ECSV 1.0
# ---
# datatype:
# - {name: WAVELENGTH, unit: um, datatype: float64}
# - {name: FLUX, datatype: float64}
# - {name: ERROR, datatype: float64}
# schema: astropy-2.0
WAVELENGTH FLUX ERROR
[from data line 7347]
1.5726958238773998 242066.2894240282 6752.34521484375
1.5727065570868255 245609.39097148835 6425.236328125
1.5727172889985106 246600.5501382631 6295.49951171875
1.5727280196130433 245580.37493896423 6154.7470703125
1.5727387489310127 243444.68026511965 6201.90478515625
1.5727494769530075 244083.53933011938 6247.388671875
1.572760203679617 244928.22673971066 6293.91943359375
1.5727709291114298 245740.18786781532 6250.21484375
1.5727816532490342 247411.32967990387 6214.91748046875
1.5727923760930194 247064.76089169062 6229.51806640625
1.5728030976439735 249517.96515480196 6190.3828125
1.5728138179024866 248775.4329760783 6118.02197265625
1.5728245368691454 251898.6133741258 6225.8134765625
1.5728352545445399 252867.32107524137 6236.08203125
1.5728459709292575 256168.87054386002 6152.97021484375
1.572856686023887 255102.90182137326 6115.09912109375
1.5728673998290166 256655.0202443373 6110.91650390625
1.5728781123452351 257742.0108660924 6116.0869140625
1.5728888235731298 257988.80861682972 6155.22705078125
1.5728995335132907 253788.85552409693 6105.669921875
1.5729102421663033 250054.9333590887 6215.81298828125
1.5729209495327579 252643.59817162872 6202.87109375
1.5729316556132418 255917.07206451622 6250.27783203125
1.572942360408343 259773.94669143803 6346.228515625
1.572953063918649 259019.52159498035 6591.728515625
1.572963766144748 258591.40101034226 7113.4638671875
1.5729744670872285 255784.12306447834 8021.83544921875
1.572985166746677 252248.0467441016 8855.4755859375
1.5729958651236824 250771.23961567172 8881.7763671875
1.573006562218832 251992.48196680896 8335.5224609375
1.5730172580327133 254994.5822505775 7323.61767578125
1.5730279525659143 254609.07200311328 6586.12451171875
1.5730386458190224 251953.53208423336 6298.3916015625
1.5730493377926242 250968.09087763418 6201.44140625
1.5730600284873084 255760.20917716308 6166.70556640625
1.5730707179036614 257968.38493275637 6328.97021484375
1.5730814060422713 257323.85682563245 6421.458984375
1.573092092903725 253394.08948307636 6429.515625
1.5731027784886096 251010.30662325252 6458.8369140625
1.5731134627975123 249842.345261839 6371.224609375
1.5731241458310208 249294.47758843628 6138.3515625
1.573134827589722 255174.56529682252 6022.06103515625
1.5731455080742018 260509.0474484699 6049.86767578125
1.5731561872850488 262733.6625094194 6036.19140625
1.5731668652228488 259242.38324371842 5932.20166015625
1.5731775418881893 258526.17802834726 5919.07958984375
1.5731882172816563 255393.0731902599 5936.42822265625
1.5731988914038377 254844.7357526669 5930.82373046875
1.5732095642553194 253322.35635494452 6000.609375
1.5732202358366887 254627.90096595907 5945.36865234375
1.5732309061485317 254838.7756160174 5963.40185546875
1.5732415751914353 257687.91805574214 5984.56494140625
1.5732522429659856 259367.6727710871 5971.39404296875
1.5732629094727697 260480.23190549604 6116.22412109375
1.5732735747123732 258127.34187831765 6180.99951171875
1.5732842386853831 258327.69963015305 6474.734375
1.5732949013923858 258723.69734172564 6983.23388671875
1.5733055628339665 257796.105950531 7766.2529296875
1.5733162230107127 257702.01203126434 8455.2021484375
1.57332688192321 255641.95614454837 8799.0322265625
1.5733375395720446 260435.8158023177 8490.1943359375
1.5733481959578028 261533.64759458628 7788.89404296875
1.5733588510810697 262197.8587536083 6807.3642578125
1.573369504942432 260383.98936259127 6248.69384765625
1.5733801575424755 261623.07475283876 6111.27197265625
1.5733908088817863 264111.823644486 6048.1689453125
1.57340145896095 265123.85018945276 6024.69140625
1.5734121077805518 265869.0399258862 5978.6552734375
1.5734227553411781 267270.6160435246 5956.9248046875
1.5734334016434148 267479.17338427267 5912.5224609375
1.5734440466878465 266269.7347753105 5958.56201171875
1.5734546904750597 263778.91199359077 6026.33935546875
1.5734653330056392 262551.0174543735 6116.02490234375
1.5734759742801707 264584.5999726917 6139.95849609375
1.57348661429924 268735.47997751506 6113.04736328125
1.573497253063432 269785.11674728576 5972.27197265625
1.5735078905733322 266624.1490195399 5880.619140625
1.573518526829525 263308.92018552625 5808.7783203125
1.5735291618325973 265630.8342724228 5866.923828125
1.5735397955831327 264102.3478764816 5907.81201171875
1.5735504280817172 266366.27270542237 5793.4873046875
1.573561059328935 266614.9783018993 5850.666015625
1.5735716893253717 267798.5974691478 5808.9404296875
1.5735823180716126 264522.9230945084 5810.85888671875
1.5735929455682416 260783.4922596881 5870.0234375
1.5736035718158443 262245.06215986476 5821.89892578125
1.5736141968150048 261827.9522443431 5897.3984375
1.5736248205663088 262346.93161326996 5943.57861328125
1.57363544307034 259500.16651106664 6048.71875
1.5736460643276837 258790.87846888744 6367.60009765625
1.5736566843389246 258610.0467741716 7076.98046875
1.5736673031046464 260309.17851909494 7721.02880859375
1.573677920625434 260678.82903962478 8131.20849609375
1.5736885369018723 253437.5208150863 7868.3056640625
1.5736991519345453 250706.03698331089 6963.33154296875
1.5737097657240369 249639.2228079495 6320.9052734375
1.5737203782709321 254063.32839147843 5968.873046875
1.5737309895758143 253093.23402447515 5896.93212890625
1.5737415996392687 253733.5470348835 5798.44921875
1.573752208461879 253333.22220845777 5746.0126953125
1.5737628160442287 255993.7796077995 5750.94091796875
1.5737734223869024 259687.48265427165 5746.7626953125
1.5737840274904842 263256.9367567764 5998.138671875
1.5737946313555577 264594.7176216703 6238.294921875
1.5738052339827064 262838.8184230517 6455.41796875
1.573815835372515 261305.5664757026 6468.93701171875
1.5738264355255671 261324.55141397967 6134.2236328125
1.5738370344424457 260345.85013361505 5830.9765625
1.573847632123735 262626.80642232246 5675.18310546875
1.573858228570019 264827.33563330304 5645.162109375
1.57386882378188 267095.93331524724 5672.52783203125
1.573879417759903 263389.40202103637 5690.9462890625
1.57389001050467 261514.15768432405 5595.55224609375
1.5739006020167656 262004.41087852616 5638.02587890625
1.5739111922967732 266041.58071448957 5750.6240234375
1.573921781345275 267718.650269588 5980.40478515625
1.5739323691628553 267783.9459278496 6105.23974609375
1.5739429557500968 267788.70206751605 6207.9541015625
1.5739535411075822 266945.2983756386 6143.47119140625
1.5739641252358958 264675.787040259 5953.2099609375
1.57397470813562 263402.55365149066 5837.65673828125
1.5739852898073372 261232.83381756378 5804.7119140625
1.5739958702516315 260076.72029631 5962.6240234375
1.5740064494690853 258809.11394241615 6249.26025390625
1.5740170274602814 260003.79105696653 6863.16259765625
1.5740276042258023 263567.6784422958 7451.55322265625
1.5740381797662315 260095.7512423115 7517.5048828125
1.5740487540821506 257772.5605229602 6979.5
1.5740593271741432 254196.73304836653 6408.8828125
1.5740698990427915 257469.264749684 5948.3916015625
1.5740804696886788 255836.9547236341 5715.6279296875
1.5740910391123863 253568.49281959858 5672.1416015625
1.5741016073144973 250764.26345024115 5581.74462890625
1.5741121742955941 251121.67788247883 5518.12744140625
1.574122740056258 254742.29568790452 5520.20703125
1.5741333045970731 258089.37952174325 5589.6083984375
1.5741438679186204 259647.67770845187 5627.14404296875
1.5741544300214831 260123.32612958993 5541.4609375
1.574164990906242 263241.07942503126 5551.6572265625
1.5741755505734805 266600.6627540322 5642.2333984375
1.574186109023779 264103.4312836884 5564.03125
1.5741966662577211 260614.3736110521 5600.5205078125
1.5742072222758878 259941.6753106623 5648.3515625
1.5742177770788615 263815.15352604986 5678.431640625
1.5742283306672233 263397.36743657367 5645.30712890625
1.5742388830415566 266286.26381180005 5621.36181640625
1.5742494342024407 264496.68698296516 5666.2763671875
1.5742599841504592 268223.1343036937 5600.2939453125
1.5742705328861928 264082.2638412285 5585.79541015625
1.574281080410224 265044.58546078845 5594.79296875
1.5742916267231335 262979.41951461136 5640.63671875
1.5743021718255026 263673.5779484523 5659.75830078125
1.5743127157179133 263565.2174252476 5603.578125
1.5743232584009472 261907.89753384833 5597.1064453125
1.5743337998751847 261097.7671508406 5643.70556640625
1.5743443401412078 262235.11975582386 5677.21630859375
1.5743548791995974 262302.95180354716 5835.89404296875
1.5743654170509342 261930.67987564788 6031.9951171875
1.5743759536958009 260281.43949722004 6443.91748046875
1.574386489134777 259180.15807808365 6850.97900390625
1.5743970233684441 258992.7196544028 6970.33837890625
1.5744075563973832 259638.24848300227 6694.1416015625
1.5744180882221754 263226.38895586354 6340.1162109375
1.574428618843401 261019.07496560703 5933.1865234375
1.5744391482616409 259684.4995509536 5701.11083984375
1.5744496764774765 261311.16706581227 5612.6689453125
1.5744602034914879 264712.72890869883 5668.7509765625
1.5744707293042561 266131.7942742887 5582.91064453125
1.574481253916361 263525.55299850076 5555.0546875
1.5744917773283842 266790.9358036389 5577.771484375
1.574502299540906 270686.3799480739 5638.01220703125
1.5745128205545063 272512.3096800726 5636.07177734375
1.5745233403697654 270334.78793962667 5606.13330078125
1.5745338589872642 269109.5489878487 5659.61181640625
1.5745443764075833 271864.40184067533 5627.22119140625
1.5745548926313018 272597.93764849857 5673.09130859375
1.5745654076590008 270486.53242574516 5662.04296875
1.5745759214912602 268668.11663296935 5645.79833984375
1.57458643412866 268917.27750338917 5616.2783203125
1.5745969455717808 270704.40769888705 5618.00244140625
1.5746074558212022 270348.826123824 5606.37255859375
1.5746179648775036 272508.30483855604 5535.6162109375
1.5746284727412656 273111.0629366947 5513.3740234375
1.574638979413068 272294.5376627578 5567.00927734375
1.5746494848934904 270440.3071351299 5759.68017578125
1.5746599891831123 269580.36050512176 5932.9462890625
1.574670492282514 272429.17625009443 6068.01416015625
1.5746809941922748 272920.48093022 6107.1181640625
1.5746914949129747 272466.02864079864 5878.841796875
1.574701994445192 269559.04274347425 5704.44091796875
1.5747124927895073 269106.7733229271 5603.01171875
1.5747229899465005 270317.9240677652 5609.12646484375
1.5747334859167494 269688.04499760544 5745.451171875
1.5747439807008343 271898.9877297905 5960.80419921875
1.574754474299335 271035.3935724301 6236.333984375
1.5747649667128294 271641.022776621 6365.95703125
1.5747754579418973 267914.47079799295 6299.2119140625
1.5747859479871182 266840.91670199553 5994.4208984375
1.5747964368490712 263964.7789861569 5704.0751953125
1.5748069245283345 264166.1406366909 5581.10693359375
1.574817411025488 263311.434387768 5576.04296875
1.57482789634111 265098.6676428388 5551.5537109375
1.57483838047578 264021.5973947793 5523.07421875
1.5748488634300757 263629.3408493324 5448.2587890625
1.574859345204577 263975.1168349284 5443.0126953125
1.5748698257998626 265178.24034390174 5440.46533203125
1.5748803052165103 266924.51514089556 5489.22119140625
1.5748907834550994 268327.64046391856 5501.44580078125
1.574901260516208 266881.80037646205 5496.4267578125
1.5749117364004155 265861.63618746004 5440.58349609375
1.5749222111082992 264922.5892608973 5382.5048828125
1.5749326846404381 268241.3319515846 5417.0771484375
1.5749431569974108 271762.36488097964 5358.3916015625
1.5749536281797951 272113.5504575536 5415.0732421875
1.5749640981881696 270063.8390289267 5454.337890625
1.574974567023113 265809.010801992 5412.5703125
1.5749850346852023 264901.86129261396 5381.51318359375
1.5749955011750165 261945.29940422537 5378.3935546875
1.5750059664931333 263010.96550849895 5382.50732421875
1.575016430640131 263997.7421677988 5345.3291015625
1.5750268936165868 266055.12154347386 5345.6533203125
1.5750373554230797 265377.35941802047 5299.57568359375
1.5750478160601868 265138.93938719685 5408.22119140625
1.575058275528486 265463.6098781555 5437.1064453125
1.5750687338285554 265836.58605497854 5342.505859375
1.5750791909609725 266418.22790409776 5374.5478515625
1.575089646926315 270147.227999202 5446.64892578125
1.5751001017251598 268776.08674616896 5431.26318359375
1.5751105553580858 264807.42330817494 5454.8173828125
1.5751210078256694 260009.90754955215 5544.326171875
1.5751314591284886 263230.32085232495 5564.87841796875
1.5751419092671206 266287.741652813 5666.5966796875
1.5751523582421432 268305.7305832645 5947.62890625
1.5751628060541325 263465.1901619965 6127.3193359375
1.575173252703667 263365.71102818556 6180.685546875
1.5751836981913236 264328.7352492759 6167.80908203125
1.5751941425176785 267694.6868205087 5917.90966796875
1.5752045856833106 266970.8625555887 5584.580078125
1.575215027688795 265644.8841896922 5381.498046875
1.5752254685347098 264276.2998243576 5361.888671875
1.575235908221632 264232.39604820847 5331.53173828125
1.5752463467501379 266271.62427347293 5325.298828125
1.5752567841208047 268949.46775318764 5335.388671875
1.5752672203342093 267571.1879455419 5311.87158203125
1.5752776553909282 263770.91415103496 5275.09130859375
1.5752880892915384 260130.28309858 5327.16259765625
1.5752985220366162 260131.48345134794 5298.6904296875
1.575308953626738 259560.955702601 5276.07666015625
1.575319384062481 261090.4783542395 5269.8818359375
1.575329813344421 264012.37463350425 5255.10302734375
1.5753402414731346 264273.48687229987 5321.50634765625
1.5753506684491982 263018.613725865 5281.40234375
1.5753610942731888 259787.4233767647 5297.119140625
1.5753715189456816 258889.16890758413 5263.61181640625
1.5753819424672542 257025.65897774894 5228.19384765625
1.5753923648384809 257639.31126422263 5164.9423828125
1.5754027860599396 258453.50825025525 5254.962890625
1.575413206132205 261764.27070726166 5239.88330078125
1.5754236250558538 260067.20733485126 5256.79443359375
1.5754340428314626 259732.23880846528 5309.833984375
1.575444459459606 256780.598609054 5306.85693359375
1.5754548749408603 257906.80319133255 5301.28466796875
1.5754652892758017 257811.62399429522 5320.53271484375
1.575475702465006 260909.89698910143 5321.9423828125
1.5754861145090486 263110.13747869944 5326.4169921875
1.5754965254085054 262740.3000578391 5379.6005859375
1.5755069351639515 260861.335173972 5285.67724609375
1.5755173437759633 259646.1869346567 5272.04443359375
1.5755277512451153 260063.37056621205 5255.962890625
1.575538157571984 262427.6930662331 5212.37646484375
1.5755485627571442 260277.40182528566 5209.4521484375
1.5755589668011714 260006.65550774254 5186.41064453125
1.5755693697046407 258173.46249941114 5147.5029296875
1.5755797714681279 257640.8705082819 5206.72900390625
1.5755901720922074 257786.50034596852 5196.5234375
1.5756005715774553 256085.17366352965 5183.37060546875
1.5756077101760624 259520.9027307806 nan
1.575610969924446 262198.12180376437 5170.61767578125
1.575619993375091 261463.30796397288 5170.520875682462
1.5756322747053044 260692.8849452032 5138.707000624128
1.5756445541673336 259202.71624105264 5211.940571912607
1.575656831761808 258149.16219405402 5256.5277623973825
1.5756691074893585 257844.79322342284 5222.533620086733
1.5756813813506156 258162.73880498912 5276.258856603191
1.5756936533462083 259134.1187869296 5375.239679660252
1.5757059234767667 260684.21094115806 5561.133362267637
1.575718191742922 261179.75799605114 5686.101182118559
1.5757304581453029 262220.5912568764 5596.2577247919535
1.5757427226845397 261991.99048848602 5498.427425850669
1.5757549853612622 264374.7232611076 5303.885867258909
1.5757672461761005 266817.72527426423 5171.89893709389
1.575779505129684 266526.46713836 5180.737207824769
1.5757917622226427 263141.57426678506 5093.883856392276
1.575804017455606 261279.35859171237 5129.846167503257
1.5758162708292036 260161.7895969328 5199.938831314796
1.5758285223440658 260029.79996953058 5186.848214558631
1.5758407720008216 259315.33923167328 5178.364914047726
1.5758530198001002 260296.36048191736 5186.597149975189
1.5758652657425312 260628.34890712716 5143.844623692931
