igrins/spectra/ux_sex_H_20190410.ecsv
# %ECSV 1.0
# ---
# datatype:
# - {name: WAVELENGTH, unit: um, datatype: float64}
# - {name: FLUX, datatype: float64}
# - {name: ERROR, datatype: float64}
# schema: astropy-2.0
WAVELENGTH FLUX ERROR
[from data line 10579]
1.6094868646376614 264327.44937397505 5866.730218297085
1.609498446077745 266814.3753437599 5896.365947824769
1.6095100259569404 266328.3915022282 5932.807690221518
1.6095216042758442 264567.23423040716 5965.398017631693
1.6095331810350528 260350.45205736888 6055.439387524473
1.6095447562351635 259810.61521354836 6391.006469433798
1.6095563298767717 263909.8377092369 7038.2291434170775
1.609567901960475 267948.68303609284 8157.090918050046
1.609579472486869 270062.17697725794 8859.232002656794
1.6095910414565517 264106.3689912742 8667.690279544182
1.6096026088701183 263078.62966420146 7529.067544477703
1.609614174728166 266046.2515238892 6703.52999544462
1.6096257390312911 274059.79295808275 6288.965275233924
1.60963730178009 274083.84620813036 6064.941526944558
1.6096488629751595 270406.13790106756 6035.07231044888
1.6096604226170956 265659.37544121366 5935.327237665963
1.6096719807064952 265571.47889771056 5849.83163036262
1.6096835372439549 264401.95698467747 5809.215745671058
1.6096950922300701 262311.8588421463 5802.739065084493
1.6097066456654383 261276.94031757695 5846.600007834715
1.6097181975506551 260904.45657804026 5899.393558014835
1.6097297478863184 263225.16702352 6023.744073802005
1.6097412966730222 264457.3812617103 6131.359027851887
1.6097528439113655 265235.5421568969 6192.60727889326
1.609764389601942 265605.3447933316 6101.2124458708495
1.6097759337453503 264748.4630500643 5952.3922769064475
1.6097874763421856 265774.8110757207 5916.904114370349
1.6097990173930443 264348.2884931553 5863.67642296803
1.6098105568985228 261613.46528741834 5854.570731959662
1.6098220948592175 257743.44721256907 5781.853464824744
1.6098336312757247 256435.21548842543 5734.196563323409
1.6098451661486406 255926.70061582862 5791.92726435475
1.609856699478561 257328.37597438635 5751.58935065785
1.6098682312660828 259337.44589702692 5778.522037184566
1.6098797615118017 260303.001100163 5844.5032488865945
1.6098912902163143 259361.14888216127 5862.587185451794
1.609902817380217 256606.27013902515 5867.648554195933
1.6099143430041054 255952.78514849662 5845.81574529944
1.6099258670885757 253884.691982277 5888.311895122308
1.609937389634225 253442.8340015696 5915.310100050904
1.6099489106416478 253747.13051531473 5905.65854214852
1.609960430111442 252723.16724974054 5971.583736483036
1.609971948044202 251850.757065068 6012.939176817542
1.6099834644405258 251049.47256021918 6099.223641412323
1.609994979301008 252995.70667779952 6115.8852190009575
1.6100064926262452 252649.55739041974 6071.659870091764
1.6100180044168337 250137.09093676833 6336.860728357094
1.6100295146733685 251540.43265605345 7034.316946100068
1.6100410233964475 250687.45052305018 8129.234882835832
1.6100525305866649 249108.353071175 8855.576286900307
1.6100640362446184 245092.68231791488 8387.987968387184
1.610075540370902 245938.029099319 7330.147245134727
1.6100870429661132 250368.71324460654 6631.8206369186855
1.610098544030848 254477.12009654642 6226.627135725886
1.610110043565702 254565.3060782997 6104.285301330244
1.6101215415712709 253184.26354683354 6079.673940006602
1.61013303804815 250021.59411730221 6093.219710575983
1.6101445329969375 248527.58163514524 5982.497878689838
1.6101560264182266 249744.77044800416 5944.844676777893
1.6101675183126154 252927.62172820588 5978.92297015914
1.6101790086806984 253418.12241251042 6016.754809340719
1.610190497523072 252792.456383583 5994.374698278402
1.6102019848403322 249175.59255679458 5993.253326224622
1.6102134706330742 247822.15303479746 5974.471148071176
1.610224954901895 247103.49515336278 6055.872719192764
1.6102364376473894 249632.21366063273 6135.951672500779
1.6102479188701535 251266.6517934559 6141.3480884820965
1.6102593985707834 251054.89748049952 6055.091841894863
1.610270876749874 249609.75345625318 6127.71698710422
1.6102823534080224 248495.6452679279 6127.253075409605
1.6102938285458228 246872.35757066513 6136.4447405625
1.6103053021638731 246244.69150624194 6159.4947082878625
1.6103167742627669 247559.47716818104 6246.339688242386
1.6103282448431004 249669.73966390235 6158.15144006718
1.6103397139054705 250391.08192149125 6105.479041219783
1.6103511814504716 255073.99987669528 6067.504177074465
1.6103626474786998 257120.2816698824 6180.446881975223
1.6103741119907509 255926.12428899467 6144.914572969441
1.6103855749872202 252572.9937380755 6058.030493423659
1.610397036468704 249097.29611554224 6152.783180345008
1.6104084964357976 250238.4463737377 6201.224035242806
1.6104199548890963 246688.9039511105 6208.5886693464345
1.610431411829196 248006.0437417184 6232.743368591991
1.6104428672566926 248360.5896522495 6337.702891048474
1.6104543211721807 251103.65781871715 6435.863542560654
1.6104657735762569 253120.7996831514 6365.668355941319
1.6104772244695165 255094.0064724469 6385.340531831408
1.6104886738525546 252943.28554965518 6647.116934053804
1.610500121725967 249000.82912491937 7048.298847331198
1.610511568090349 244478.9354403532 7819.742123432144
1.6105230129462969 247164.48071649513 8766.226878108375
1.6105344562944046 248732.62306835508 9182.065843495027
1.6105458981352698 250734.5147890852 8677.535094572302
1.6105573384694862 246721.60807970117 7723.89935322755
1.6105687772976502 246344.43539971963 7159.337863832382
1.6105802146203565 244739.13945766783 6839.462677471428
1.6105916504382005 247374.5624644899 6748.427819510529
1.610603084751779 247623.31581416383 6741.522661507392
1.6106145175616855 247973.42848563346 6698.924333585589
1.6106259488685166 247110.71989788508 6719.829568042001
1.6106373786728672 247455.4342378238 6673.001887565604
1.6106488069753329 248645.5231273245 6726.483285164292
1.6106602337765088 250603.99955849288 6836.18595772902
1.6106716590769905 251791.00594574006 6870.645377572626
1.6106830828773728 253997.0408371818 7007.548005746827
1.6106945051782517 254306.3333712163 7004.189431973319
1.610705925980222 250912.35322222405 6982.456792139165
1.6107173452838799 248404.06414586373 7010.376527189433
1.6107287630898188 247336.0778881906 6978.01489460444
1.6107401793986362 250303.26847554278 6992.0145169431535
1.6107515942109256 253093.68590481687 7072.365801102214
1.6107630075272827 258493.8233187785 7029.166842915367
1.6107744193483031 261843.7565091422 7172.017148833172
1.6107858296745818 264129.37965765246 7279.213908236843
1.6107972385067142 263594.53247736837 7268.390769500713
1.610808645845295 260154.06722083545 7349.248454574031
1.6108200516909195 259872.0784674526 7246.941871795806
1.6108314560441834 257651.51682463373 7283.701877829689
1.6108428589056811 261053.83081276398 7332.223589822481
1.6108542602760079 264069.83849171345 7479.364345572716
1.6108656601557594 268788.60650816694 7449.929288112918
1.61087705854553 270035.82394126535 7527.424186245886
1.610888455445915 267265.27164696675 7547.018162021459
1.6108998508575105 263247.5394048104 7477.212207274233
1.6109112447809097 262572.0698495854 7496.28728256849
1.6109226372167091 260388.1221186375 7576.64399786161
1.6109340281655034 259522.73521783578 7562.113057457575
1.6109454176278872 259938.4198299428 7580.741741486009
1.6109568056044556 262000.83522794838 7713.173617043636
1.6109681920958043 263219.9785620995 7713.588292042456
1.6109795771025273 265535.90879949066 7907.918301401284
1.61099096062522 263709.2076450333 8602.46753919359
1.6110023426644777 264680.2574372149 9328.60886438034
1.611013723220895 261767.72274767648 10060.242383047118
1.6110251022950666 260153.73283778114 10043.74357824797
1.611036479887588 253693.09121225955 9408.188564096092
1.611047855999054 252518.57039355038 8582.08002972108
1.6110592306300588 254653.86473606044 7978.71689207667
1.6110706037811975 258477.33742440108 7757.932041941331
1.6110819754530656 258434.17940242827 7574.207303530438
1.6110933456462582 258153.00905869348 7679.023245696087
1.6111047143613686 260585.5063434559 7591.083461397686
1.6111160815989933 258537.40849078912 7501.9523822265355
1.611127447359726 256379.04456738505 7431.599059569755
1.6111388116441618 252048.85082769615 7324.485811430588
1.611150174452895 252126.4033649993 7327.304764037846
1.611161535786522 251252.04596682865 7370.734774835247
1.6111728956456368 250965.31733675557 7272.75624555724
1.6111842540308323 250402.3268381045 7265.16394243376
1.6111956109427064 254389.0417526947 7277.474524356415
1.6112069663818513 256084.39905486774 7383.372225846797
1.6112183203488628 258160.2867541707 7402.881171337303
1.6112296728443352 251616.24262590046 7451.801507211556
1.611241023868864 250468.59217479374 7512.655869022452
1.6112523734230426 247299.3058941125 7341.730320410278
1.6112637215074672 252415.46809945104 7409.801265975738
1.6112750681227308 253546.87456699295 7409.3044999585445
1.6112864132694293 255840.81374332536 7359.245767036159
1.611297756948157 253276.46458335442 7299.807349037226
1.611309099159508 252205.244275284 7437.556140031168
1.6113204399040775 249588.88054037755 7418.144288272018
1.6113317791824597 250968.44595374033 7395.17679148992
1.6113431169952497 250970.79021302954 7416.934325915352
1.611354453343041 252162.6362417452 7286.8219348317425
1.6113657882264292 255197.07340004493 7284.8564752293205
1.6113771216460082 260832.6678066418 7415.016759972595
1.611388453602373 266981.2772250187 7385.140595882219
1.6113997840961178 264062.5651555424 7504.767742530989
1.6114111131278372 262172.48109533987 7419.619315598028
1.6114224406981255 261569.70775440117 7467.757537889619
1.6114337668075776 264181.9792678521 7570.031485842937
1.6114450914567875 265307.990688663 7374.1983466907695
1.6114564146463501 263422.3256682512 7556.72349894295
1.6114677363768588 265242.6700120928 nan
1.6114790566489094 nan nan
1.6114903754630954 nan nan
1.6115016928200114 258382.00626210737 nan
1.611513008720252 256643.5753258844 9415.115234375
1.6115243231644107 255693.9346955526 9125.4599609375
1.611535636153084 255771.92416469724 8357.6962890625
1.6115469476868634 253944.935800654 8056.72412109375
1.6115582577663448 255025.80329684162 7617.2568359375
1.6115695663921223 254752.69148413726 7497.21337890625
1.611580873564791 256476.28556370432 7371.75244140625
1.6115921792849437 256425.4158198104 7321.07568359375
1.6116034835531754 254569.865232908 7428.7587890625
1.6116147863700803 257722.33847179855 7291.20361328125
1.611626087736253 259036.17545904889 7357.02978515625
1.6116373876522867 265016.30834375904 7404.82568359375
1.6116486861187769 262813.38697388774 7326.70458984375
1.611659983136317 260464.4856210175 7356.748046875
1.6116712787055014 250852.45456280417 7389.2470703125
1.6116825728269244 248824.14190149563 7314.00439453125
1.61169386550118 250983.5757624006 7248.74755859375
1.6117051567288627 253537.73053366382 7226.96533203125
1.6117164465105658 252354.20653459334 7083.3935546875
1.6117277348468844 247006.3967604093 7211.88623046875
1.6117390217384124 246505.83607914735 7295.77392578125
1.611750307185743 248425.47268575695 7239.58642578125
1.611761591189472 248141.6835222251 7166.791015625
1.6117728737501922 251655.35286148265 7211.20751953125
1.6117841548684972 251193.13265619532 7215.9365234375
1.6117954345449825 251367.7663351983 7059.90576171875
1.6118067127802413 245593.69859864505 7080.71728515625
1.6118179895748677 239571.39607636063 7059.7646484375
1.6118292649294559 236914.25234385865 7243.29150390625
1.6118405388445995 238792.05816080412 7425.705078125
1.6118518113208933 239796.92993882357 7589.46923828125
1.6118630823589302 242039.84468976164 7862.31982421875
1.6118743519593055 238119.54218745918 7971.673828125
1.611885620122612 242852.11441513436 7749.76904296875
1.6118968868494434 242148.18845624675 7526.83154296875
1.6119081521403944 242917.04632303576 7248.158203125
1.6119194159960588 236169.9912805562 7039.77294921875
1.6119306784170315 235560.45941149635 6852.80419921875
1.6119419394039043 239418.46768943913 6863.41796875
1.611953198957272 245680.94285048184 6966.51806640625
1.6119644570777285 248583.4422937177 7140.84033203125
1.6119757137658686 250344.58005309614 7254.21875
1.6119869690222848 248355.4477639972 7586.435546875
1.6119982228475709 248274.0298868391 7984.140625
1.6120094752423213 251970.72185698256 8177.1376953125
1.6120207262071296 257628.03500821884 8326.28515625
1.61203197574259 259411.72510807822 8147.15576171875
1.6120432238492959 254668.57032174605 7730.01171875
1.6120544705278408 254264.01536388567 7291.5
1.6120657157788185 256308.32283060512 7178.75830078125
1.6120769596028233 260679.4854985497 6935.5283203125
1.6120882020004481 259567.3619042388 6866.06884765625
1.612099442972287 261222.72456826712 6818.05615234375
1.6121106825189344 263882.22465273406 6883.21240234375
1.612121920640983 267923.9929237743 6990.5576171875
1.6121331573390263 268838.3654903959 6909.40625
1.6121443926136594 264785.9185774528 6959.07666015625
1.6121556264654742 263348.3573082317 6692.46484375
1.6121668588950653 260417.0323141762 6662.9658203125
1.612178089903026 261920.9479859081 6657.36181640625
1.61218931948995 260935.60297614674 6749.7763671875
1.6122005476564312 260780.59113315 6674.1640625
1.6122117744030626 262628.0433202648 6639.0224609375
1.6122229997304385 262694.6846932618 6764.2216796875
1.6122342236391511 265561.06674800033 6777.13134765625
1.6122454461297955 261121.3923279604 6711.8154296875
1.6122566672029643 259294.81343911067 6645.76513671875
1.6122678868592513 257307.27100351936 6602.02392578125
1.6122791050992498 256027.25126167684 6568.03955078125
1.6122903219235536 257229.88701264228 6446.96630859375
1.6123015373327558 255567.5839278046 6532.806640625
1.61231275132745 254962.35347249394 6545.08056640625
1.61232396390823 253366.8508020404 6548.125
1.612335175075689 256650.54872399586 6482.931640625
1.6123463848304198 256309.54826005193 6647.6552734375
1.612357593173017 255017.9360250492 6538.5810546875
1.6123688001040732 250290.44252699858 6531.5498046875
1.6123800056241815 251701.6849561997 6594.21484375
1.6123912097339361 253287.2876753328 6514.21630859375
1.6124024124339293 251364.840371589 6554.9384765625
1.612413613724756 247462.04829550578 6520.34814453125
1.6124248136070085 243119.4496125961 6415.5673828125
1.6124360120812797 241652.40037724836 6486.44091796875
1.6124472091481636 241018.75766464387 6462.54150390625
1.6124584048082538 240795.45805924264 6441.74755859375
1.6124695990621425 241428.40956320043 6445.44091796875
1.6124807919104236 241164.48769050138 6481.61474609375
1.6124919833536906 239276.7661912389 6537.39208984375
1.612503173392536 237002.46558165023 6822.9765625
1.612514362027554 237918.67709965238 7205.8447265625
1.612525549259337 243403.17046219466 7473.14208984375
1.6125367350884787 247106.98599239095 7336.7236328125
1.6125479195155723 250556.32666198516 7035.46337890625
1.6125591025412105 246872.9142854269 6742.54833984375
1.6125702841659861 244273.6220200929 6488.2001953125
1.6125814643904934 239895.46575636236 6369.4248046875
1.612592643215325 242182.63437972177 6377.7275390625
1.6126038206410742 242233.95013903064 6392.6357421875
1.6126149966683336 244153.6570433419 6350.1875
1.6126261712976973 247822.7741234308 6449.81787109375
1.6126373445297568 251265.29143279523 6363.23681640625
1.6126485163651063 251796.55455836438 6382.38134765625
1.612659686804339 247038.57142431225 6439.01318359375
1.6126708558480476 247106.3284704337 6515.666015625
1.612682023496825 245441.1844523873 6552.38427734375
1.612693189751264 245900.0429138763 6488.5
1.6127043546119582 248171.80286519908 6524.20068359375
1.6127155180795 250887.27368661237 6634.267578125
1.6127266801544828 252226.53539193748 6712.31494140625
1.6127378408375002 248654.5350950131 6831.35986328125
1.6127490001291434 248698.71038035594 6922.46337890625
1.6127601580300068 248267.06298740947 6951.0380859375
1.612771314540683 250365.06412107567 7140.3515625
1.6127824696617648 252372.83490462217 8314.8779296875
1.612793623393845 246540.9526609758 13286.677734375
1.6128047757375161 249146.79272689627 20868.873046875
1.6128159266933721 239546.7709644219 25003.65625
1.612827076262005 245782.02557052398 27915.416015625
