igrins/spectra/ux_sex_H_20190410_smoothed.ecsv
# %ECSV 0.9
# ---
# datatype:
# - name: WAVELENGTH
#   unit: um
#   datatype: float64
# - name: FLUX
#   datatype: float64
# - name: ERROR
#   datatype: float64
# schema: astropy-2.0
WAVELENGTH FLUX ERROR
[from data line 13261]
1.5717678482560875 269226.4368590379 7351.446614583333
1.5717786952803574 267078.47139490134 7288.166666666666
1.5717895409560403 264350.37603467936 7208.922688802083
1.571800385283729 261175.07711072167 7151.205891927083
1.5718112282640175 258001.44676597835 7108.560709635416
1.5718220698974996 258840.04146084844 7112.792154947916
1.5718329101847675 260205.26894007524 7139.520345052083
1.571843749126415 262140.05521120477 7162.756998697916
1.5718545867230347 260708.73353184742 7124.635416666666
1.57186542297522 260157.3580841227 7067.358723958332
1.571876257883564 264255.41455814766 7012.56298828125
1.5718870914486602 266450.74784399336 7026.493164062499
1.5718979236711006 265798.4214377377 7048.72265625
1.5719087545514783 265838.3220413755 7124.34423828125
1.5719195840903863 268017.0226463061 7227.007975260416
1.5719304122884177 270627.8072119821 7403.292154947916
1.5719412391461647 267573.62630009954 7487.565917968749
1.5719520646642204 264520.77215275646 7498.726725260416
1.571962888843177 262512.73708637885 7420.78564453125
1.5719737116836272 259623.76589664508 7503.351074218749
1.5719845331861642 258055.23485416145 7963.256673177083
1.5719953533513795 259684.50673059226 8771.461100260416
1.5720061721798657 263939.805409594 9588.289713541666
1.5720169896722158 262229.44502447784 9912.1591796875
1.5720278058290218 257936.8902159324 9505.013671875
1.572038620650876 255576.6316896649 8694.648111979166
1.5720494341383702 259508.6886221565 7872.798014322916
1.5720602462920974 262329.0839828123 7376.3720703125
1.572071057112649 263774.4538071888 7132.771647135416
1.5720818666006169 264821.90632374154 6998.112630208333
1.5720926747565942 268724.6227882241 6962.333821614582
1.5721034815811719 268461.7541237805 6952.055501302082
1.5721142870749418 266620.2021343156 7009.005045572916
1.5721250912384968 265686.10448835575 7051.549479166666
1.572135894072428 267397.6216214156 7100.43115234375
1.5721466955773273 274199.9010941518 7099.009765624999
1.572157495753786 276619.2988542673 7001.670247395833
1.5721682946023965 275716.4640089031 6887.657552083333
1.57217909212375 270808.7415790544 6785.205729166666
1.572189888318438 270146.4156843632 6774.781087239582
1.572200683187052 272276.1370746383 6799.771158854166
1.5722114767301836 273648.5720633234 6822.732584635416
1.5722222689484244 273391.6817817258 6839.682779947916
1.5722330598423655 273100.1410128224 6824.255208333333
1.5722438494125985 269905.8184606078 6820.728515624999
1.5722546376597144 271763.46943084395 6847.727376302083
1.572265424584304 270971.1947726074 6859.85107421875
1.572276210186959 275512.0349518924 6957.253906249999
1.5722869944682705 273577.4282543737 7107.84521484375
1.5722977774288291 272036.20704794314 7439.742024739583
1.572308559069226 270695.5356816222 8085.861979166666
1.5723193393900525 266795.96791847143 8908.2294921875
1.5723301183918996 265510.9551665067 9506.285807291666
1.5723408960753573 265991.92205399845 9442.202473958332
1.5723516724410174 268334.99823488784 8762.044759114582
1.5723624474894697 267575.2262745856 7935.420084635416
1.5723732212213057 267122.87288450846 7335.828287760416
1.5723839936371156 265640.8255389837 7060.1767578125
1.5723947647374896 269835.21106340684 6988.38720703125
1.5724055345230195 267781.02724458923 6940.134602864582
1.5724163029942944 267181.1311999207 6895.242187499999
1.5724270701519059 264389.2648839302 6904.745279947916
1.572437835996443 261392.08991144833 6961.767252604166
1.572448600528498 258038.75668137823 7039.285807291666
1.5724593637486597 256184.64710005937 7066.562174479166
1.572470125657518 254463.13932302827 7001.123697916666
1.5724808862556647 256596.7629821819 6920.627278645833
1.5724916455436888 255701.59908313543 6834.933430989582
1.5725024035221808 255245.49268573945 6774.608561197916
1.57251316019173 254970.58941827127 6723.264160156249
1.572523915552927 256183.27013943865 6644.882649739583
1.5725346696063613 258016.72840942623 6628.823404947916
1.5725454223526238 255148.68459174322 6596.436360677083
1.5725561737923037 250027.1486437822 6571.54150390625
1.5725669239259905 246776.0446862264 6494.193033854166
1.5725776727542742 243856.42287555354 6427.469401041666
1.5725884202777447 246290.82097883328 6423.750325520833
1.5725991664969912 242866.6264696555 6450.864420572916
1.572609911412603 241960.96055818387 6589.111328124999
1.5726206550251702 239822.24827142182 6856.326660156249
1.5726313973352826 242577.3820128846 7459.294596354166
1.572642138343529 245225.73500582855 8286.339518229166
1.572652878050499 247464.76344450057 8988.6240234375
1.5726636164567818 245167.49256487648 9062.649739583332
1.5726743535629668 242637.8920653605 8478.0341796875
1.5726850893696427 239728.73278414097 7598.246907552083
1.5726958238773998 242066.2894240282 6898.543782552083
1.5727065570868255 245609.39097148835 6491.027018229166
1.5727172889985106 246600.5501382631 6291.827636718749
1.5727280196130433 245580.37493896423 6217.383789062499
1.5727387489310127 243444.68026511965 6201.346842447916
1.5727494769530075 244083.53933011938 6247.737630208333
1.572760203679617 244928.22673971066 6263.840983072916
1.5727709291114298 245740.18786781532 6253.017252604166
1.5727816532490342 247411.32967990387 6231.550130208332
1.5727923760930194 247064.76089169062 6211.606119791666
1.5728030976439735 249517.96515480196 6179.307617187499
1.5728138179024866 248775.4329760783 6178.07275390625
1.5728245368691454 251898.6133741258 6193.305826822916
1.5728352545445399 252867.32107524137 6204.955240885416
1.5728459709292575 256168.87054386002 6168.050455729166
1.572856686023887 255102.90182137326 6126.32861328125
1.5728673998290166 256655.0202443373 6114.0341796875
1.5728781123452351 257742.0108660924 6127.41015625
1.5728888235731298 257988.80861682972 6125.661295572916
1.5728995335132907 253788.85552409693 6158.9033203125
1.5729102421663033 250054.9333590887 6174.78466796875
1.5729209495327579 252643.59817162872 6222.9873046875
1.5729316556132418 255917.07206451622 6266.459147135416
1.572942360408343 259773.94669143803 6396.078287760416
1.572953063918649 259019.52159498035 6683.806966145833
1.572963766144748 258591.40101034226 7242.342610677083
1.5729744670872285 255784.12306447834 7996.924967447916
1.572985166746677 252248.0467441016 8586.362467447916
1.5729958651236824 250771.23961567172 8690.9248046875
1.573006562218832 251992.48196680896 8180.305501302083
1.5730172580327133 254994.5822505775 7415.088216145833
1.5730279525659143 254609.07200311328 6736.044596354166
1.5730386458190224 251953.53208423336 6361.98583984375
1.5730493377926242 250968.09087763418 6222.179524739582
1.5730600284873084 255760.20917716308 6232.372395833333
1.5730707179036614 257968.38493275637 6305.711588541666
1.5730814060422713 257323.85682563245 6393.31494140625
1.573092092903725 253394.08948307636 6436.603841145833
1.5731027784886096 251010.30662325252 6419.859049479166
1.5731134627975123 249842.345261839 6322.804361979166
1.5731241458310208 249294.47758843628 6177.21240234375
1.573134827589722 255174.56529682252 6070.093424479166
1.5731455080742018 260509.0474484699 6036.0400390625
1.5731561872850488 262733.6625094194 6006.0869140625
1.5731668652228488 259242.38324371842 5962.490885416666
1.5731775418881893 258526.17802834726 5929.236490885416
1.5731882172816563 255393.0731902599 5928.777180989583
1.5731988914038377 254844.7357526669 5955.953776041666
1.5732095642553194 253322.35635494452 5958.933919270833
1.5732202358366887 254627.90096595907 5969.793294270833
1.5732309061485317 254838.7756160174 5964.445149739583
1.5732415751914353 257687.91805574214 5973.120279947916
1.5732522429659856 259367.6727710871 6024.06103515625
1.5732629094727697 260480.23190549604 6089.539225260416
1.5732735747123732 258127.34187831765 6257.3193359375
1.5732842386853831 258327.69963015305 6546.322591145833
1.5732949013923858 258723.69734172564 7074.740397135416
1.5733055628339665 257796.105950531 7734.896321614583
1.5733162230107127 257702.01203126434 8340.162434895832
1.57332688192321 255641.95614454837 8581.476236979166
1.5733375395720446 260435.8158023177 8359.37353515625
1.5733481959578028 261533.64759458628 7695.484212239583
1.5733588510810697 262197.8587536083 6948.3173828125
1.573369504942432 260383.98936259127 6389.110026041666
1.5733801575424755 261623.07475283876 6136.044921875
1.5733908088817863 264111.823644486 6061.37744140625
1.57340145896095 265123.85018945276 6017.171875
1.5734121077805518 265869.0399258862 5986.757161458333
1.5734227553411781 267270.6160435246 5949.367513020833
1.5734334016434148 267479.17338427267 5942.669759114583
1.5734440466878465 266269.7347753105 5965.807942708333
1.5734546904750597 263778.91199359077 6033.64208984375
1.5734653330056392 262551.0174543735 6094.107584635416
1.5734759742801707 264584.5999726917 6123.01025390625
1.57348661429924 268735.47997751506 6075.092610677083
1.573497253063432 269785.11674728576 5988.646158854166
1.5735078905733322 266624.1490195399 5887.22314453125
1.573518526829525 263308.92018552625 5852.107096354166
1.5735291618325973 265630.8342724228 5861.17138671875
1.5735397955831327 264102.3478764816 5856.074381510416
1.5735504280817172 266366.27270542237 5850.655110677083
1.573561059328935 266614.9783018993 5817.697916666666
1.5735716893253717 267798.5974691478 5823.488444010416
1.5735823180716126 264522.9230945084 5829.94091796875
1.5735929455682416 260783.4922596881 5834.260416666666
1.5736035718158443 262245.06215986476 5863.10693359375
1.5736141968150048 261827.9522443431 5887.625325520833
1.5736248205663088 262346.93161326996 5963.23193359375
1.57363544307034 259500.16651106664 6119.9658203125
1.5736460643276837 258790.87846888744 6497.766438802083
1.5736566843389246 258610.0467741716 7055.203125
1.5736673031046464 260309.17851909494 7643.072591145833
1.573677920625434 260678.82903962478 7906.84765625
1.5736885369018723 253437.5208150863 7654.281901041666
1.5736991519345453 250706.03698331089 7050.847493489582
1.5737097657240369 249639.2228079495 6417.703287760416
1.5737203782709321 254063.32839147843 6062.23681640625
1.5737309895758143 253093.23402447515 5888.084798177083
1.5737415996392687 253733.5470348835 5813.798014322916
1.573752208461879 253333.22220845777 5765.13427734375
1.5737628160442287 255993.7796077995 5747.905436197916
1.5737734223869024 259687.48265427165 5831.947428385416
1.5737840274904842 263256.9367567764 5994.398763020833
1.5737946313555577 264594.7176216703 6230.6171875
1.5738052339827064 262838.8184230517 6387.549967447916
1.573815835372515 261305.5664757026 6352.859537760416
1.5738264355255671 261324.55141397967 6144.71240234375
1.5738370344424457 260345.85013361505 5880.127766927083
1.573847632123735 262626.80642232246 5717.107259114583
1.573858228570019 264827.33563330304 5664.291015625
1.57386882378188 267095.93331524724 5669.54541015625
1.573879417759903 263389.40202103637 5653.0087890625
1.57389001050467 261514.15768432405 5641.508138020833
1.5739006020167656 262004.41087852616 5661.400716145833
1.5739111922967732 266041.58071448957 5789.684895833333
1.573921781345275 267718.650269588 5945.4228515625
1.5739323691628553 267783.9459278496 6097.8662109375
1.5739429557500968 267788.70206751605 6152.2216796875
1.5739535411075822 266945.2983756386 6101.545084635416
1.5739641252358958 264675.787040259 5978.112630208333
1.57397470813562 263402.55365149066 5865.19287109375
1.5739852898073372 261232.83381756378 5868.330891927083
1.5739958702516315 260076.72029631 6005.532063802083
1.5740064494690853 258809.11394241615 6358.348958333332
1.5740170274602814 260003.79105696653 6854.65869140625
1.5740276042258023 263567.6784422958 7277.406901041666
1.5740381797662315 260095.7512423115 7316.18603515625
1.5740487540821506 257772.5605229602 6968.629231770833
1.5740593271741432 254196.73304836653 6445.591471354166
1.5740698990427915 257469.264749684 6024.300781249999
1.5740804696886788 255836.9547236341 5778.720377604166
1.5740910391123863 253568.49281959858 5656.504720052083
1.5741016073144973 250764.26345024115 5590.671223958333
1.5741121742955941 251121.67788247883 5540.0263671875
1.574122740056258 254742.29568790452 5542.647623697916
1.5741333045970731 258089.37952174325 5578.986490885416
1.5741438679186204 259647.67770845187 5586.071126302083
1.5741544300214831 260123.32612958993 5573.420735677083
1.574164990906242 263241.07942503126 5578.450520833333
1.5741755505734805 266600.6627540322 5585.973958333333
1.574186109023779 264103.4312836884 5602.26171875
1.5741966662577211 260614.3736110521 5604.301106770833
1.5742072222758878 259941.6753106623 5642.4345703125
1.5742177770788615 263815.15352604986 5657.363444010416
1.5742283306672233 263397.36743657367 5648.366861979166
1.5742388830415566 266286.26381180005 5644.315104166666
1.5742494342024407 264496.68698296516 5629.310709635416
1.5742599841504592 268223.1343036937 5617.455240885416
1.5742705328861928 264082.2638412285 5593.62744140625
1.574281080410224 265044.58546078845 5607.075032552083
1.5742916267231335 262979.41951461136 5631.729329427083
1.5743021718255026 263673.5779484523 5634.65771484375
1.5743127157179133 263565.2174252476 5620.147623697916
1.5743232584009472 261907.89753384833 5614.796712239583
1.5743337998751847 261097.7671508406 5639.3427734375
1.5743443401412078 262235.11975582386 5718.938639322916
1.5743548791995974 262302.95180354716 5848.368489583333
1.5743654170509342 261930.67987564788 6103.935546875
1.5743759536958009 260281.43949722004 6442.297200520833
1.574386489134777 259180.15807808365 6755.078287760416
1.5743970233684441 258992.7196544028 6838.486328125
1.5744075563973832 259638.24848300227 6668.19873046875
1.5744180882221754 263226.38895586354 6322.481445312499
1.574428618843401 261019.07496560703 5991.47119140625
1.5744391482616409 259684.4995509536 5748.98876953125
1.5744496764774765 261311.16706581227 5660.843587239583
1.5744602034914879 264712.72890869883 5621.443522135416
1.5744707293042561 266131.7942742887 5602.23876953125
1.574481253916361 263525.55299850076 5571.912272135416
1.5744917773283842 266790.9358036389 5590.279459635416
1.574502299540906 270686.3799480739 5617.28515625
1.5745128205545063 272512.3096800726 5626.739095052083
1.5745233403697654 270334.78793962667 5633.93896484375
1.5745338589872642 269109.5489878487 5630.98876953125
1.5745443764075833 271864.40184067533 5653.30810546875
1.5745548926313018 272597.93764849857 5654.118489583333
1.5745654076590008 270486.53242574516 5660.310872395833
1.5745759214912602 268668.11663296935 5641.373209635416
1.57458643412866 268917.27750338917 5626.693033854166
1.5745969455717808 270704.40769888705 5613.551106770833
1.5746074558212022 270348.826123824 5586.663736979166
1.5746179648775036 272508.30483855604 5551.78759765625
1.5746284727412656 273111.0629366947 5538.66650390625
1.574638979413068 272294.5376627578 5613.3544921875
1.5746494848934904 270440.3071351299 5753.2119140625
1.5746599891831123 269580.36050512176 5920.213541666666
1.574670492282514 272429.17625009443 6036.026204427083
1.5746809941922748 272920.48093022 6017.991373697916
1.5746914949129747 272466.02864079864 5896.80029296875
1.574701994445192 269559.04274347425 5728.764811197916
1.5747124927895073 269106.7733229271 5638.859700520833
1.5747229899465005 270317.9240677652 5652.52978515625
1.5747334859167494 269688.04499760544 5771.7939453125
1.5747439807008343 271898.9877297905 5980.863118489583
1.574754474299335 271035.3935724301 6187.698404947916
1.5747649667128294 271641.022776621 6300.5009765625
1.5747754579418973 267914.47079799295 6219.86328125
1.5747859479871182 266840.91670199553 5999.236002604166
1.5747964368490712 263964.7789861569 5759.86767578125
1.5748069245283345 264166.1406366909 5620.408365885416
1.574817411025488 263311.434387768 5569.56787109375
1.57482789634111 265098.6676428388 5550.2236328125
1.57483838047578 264021.5973947793 5507.62890625
1.5748488634300757 263629.3408493324 5471.448567708333
1.574859345204577 263975.1168349284 5443.912272135416
1.5748698257998626 265178.24034390174 5457.56640625
