igrins/spectra/ux_sex_H_20190410.ecsv
# %ECSV 1.0
# ---
# datatype:
# - {name: WAVELENGTH, unit: um, datatype: float64}
# - {name: FLUX, datatype: float64}
# - {name: ERROR, datatype: float64}
# schema: astropy-2.0
WAVELENGTH FLUX ERROR
[from data line 13521]
1.6434876239297416 255886.5606913872 4752.43701171875
1.643498735455864 257444.62644186744 4695.796875
1.643509845676481 256030.6100806048 4804.396484375
1.6435209545921865 256025.6971334102 4908.0791015625
1.6435320622035752 253000.63284594938 4915.6123046875
1.643543168511242 253026.88513425062 4864.81689453125
1.6435542735157802 253108.02819052787 4945.63818359375
1.643565377217785 251030.53973476012 4930.52392578125
1.6435764796178503 250463.73611775998 4741.224609375
1.6435875807165712 250270.59019648624 4658.46484375
1.6435986805145413 254006.94106395487 4701.55419921875
1.6436097790123558 254664.08927835862 4743.62548828125
1.6436208762106097 255439.4352177104 4757.27587890625
1.6436319721098969 252958.45471008634 4701.39892578125
1.6436430667108115 250719.2987025485 4667.7197265625
1.643654160013949 248696.41895204206 4660.4541015625
1.6436652520199044 250364.34077040356 4763.166015625
1.6436763427292718 249354.11296943118 4730.70263671875
1.6436874321426458 246181.48086479737 4748.3828125
1.6436985202606218 243766.0830444762 4683.5126953125
1.6437096070837942 244736.58521361146 4642.96142578125
1.643720692612758 246120.59404349167 4674.7021484375
1.6437317768481077 244367.09040006553 4727.27685546875
1.643742859790439 242763.4143306336 4666.521484375
1.6437539414403464 242302.56551933248 4671.5107421875
1.6437650217984243 244152.2944748228 4664.0693359375
1.6437761008652685 246632.53850233456 4618.5205078125
1.6437871786414733 249230.2775050935 4653.45263671875
1.643798255127635 253062.71548365089 4658.03564453125
1.6438093303243475 254379.887152581 4737.25830078125
1.6438204042322069 255059.35038007013 4713.48291015625
1.643831476851807 253568.74370299713 4674.61767578125
1.6438425481837446 252905.1596139661 4693.5595703125
1.6438536182286134 253734.45474538492 4706.86328125
1.6438646869870097 253569.88780846694 4940.73046875
1.6438757544595282 254300.2788764148 5036.89404296875
1.6438868206467643 251406.23351894924 5133.23974609375
1.6438978855493138 248869.2610766101 5151.9091796875
1.6439089491677716 247377.516059081 5058.20166015625
1.6439200115027335 248520.98418052882 4910.7958984375
1.6439310725547946 247331.28193511843 4875.01171875
1.6439421323245504 244284.98116928816 4870.83251953125
1.6439531908125962 242836.67170656464 4906.31884765625
1.6439642480195285 245243.16648509708 4871.62451171875
1.6439753039459413 246171.9378315804 4896.58154296875
1.6439863585924315 245750.57406486297 4831.49609375
1.6439974119595946 246148.37872616266 4849.0224609375
1.6440084640480248 248629.54760097602 5003.4140625
1.6440195148583199 247569.88594165415 5092.3671875
1.6440305643910742 242109.4283007549 5154.23779296875
1.6440416126468835 236684.97820882068 5099.908203125
1.644052659626344 236461.64202021871 5029.548828125
1.6440637053300522 238535.43628209614 4926.19140625
1.6440747497586017 240225.6770564337 4843.24755859375
1.644085792912591 240422.1295429861 4873.12548828125
1.6440968347926137 241383.7687045748 4954.87451171875
1.644107875399268 241648.9612493939 5024.33642578125
1.644118914733148 242990.07461946068 4972.19140625
1.6441299527948507 243653.71132391808 5054.4384765625
1.6441409895849715 247268.58286358553 5199.2099609375
1.6441520251041069 244403.36444124213 5934.583984375
1.6441630593528527 241950.51847647264 8570.6103515625
1.6441740923318051 238683.34799914534 11485.3681640625
1.6441851240415606 245151.5046290699 13143.419921875
1.6441961544827144 246763.4670557591 14628.791015625
1.644207183655864 249250.78431252445 15536.546875
1.6442182115616046 247697.19871357328 15389.65234375
1.644229238200533 253586.28444247594 14612.8603515625
1.6442402635732458 254672.09786138387 13534.2373046875
1.6442512876803383 255457.84948833555 11798.818359375
1.6442623105224077 252366.25780891022 8891.9375
1.64427333210005 253966.56311763282 6162.43505859375
1.6442843524138617 253870.64153910696 5150.33642578125
1.6442953714644395 253701.06615857917 4903.02392578125
1.64430638925238 252610.60849799568 4881.4677734375
1.6443174057782788 252077.48678521713 4859.49658203125
1.6443284210427336 253159.94294825057 4855.30029296875
1.6443394350463405 253687.29147269187 4907.68115234375
1.6443504477896955 256455.0829501899 4948.62353515625
1.6443614592733962 258401.74020160333 5054.34716796875
1.6443724694980384 260801.9829481538 4934.1806640625
1.6443834784642197 260418.780664236 4900.70068359375
1.6443944861725361 259171.46599378617 4867.66845703125
1.6444054926235852 257882.93930924198 4822.65283203125
1.6444164978179623 257730.02031050788 4810.119140625
1.6444275017562657 258913.8110558014 4792.76611328125
1.644438504439092 259726.5617521908 4778.95068359375
1.6444495058670376 260697.8654788689 4748.0791015625
1.6444605060406996 261651.631748559 4737.5283203125
1.6444715049606744 262508.3318323662 4746.90380859375
1.6444825026275607 262285.3668782033 4745.34619140625
1.6444934990419537 261350.24552757142 4780.8955078125
1.6445044942044507 258620.96638286152 4789.80712890625
1.64451548811565 258449.19982463977 4761.8837890625
1.6445264807761473 258977.03301892424 4656.650390625
1.6445374721865402 259847.50392747257 4741.29345703125
1.6445484623474262 258242.68764518976 4808.2353515625
1.6445594512594026 257192.58929357838 4727.1962890625
1.644570438923066 257278.4700459293 4694.40087890625
1.6445814253390139 255547.2954293366 4699.19091796875
1.6445924105078435 254998.47158881603 4689.4208984375
1.6446033944301528 257043.67348852847 4703.7646484375
1.6446143771065382 259414.51197308867 4757.87060546875
1.6446253585375974 257798.0755435214 4744.505859375
1.6446363387239282 255062.18190151456 4714.53759765625
1.6446473176661274 255103.4491197943 4718.98046875
1.6446582953647928 256100.56678749085 4720.7685546875
1.644669271820522 254614.06733211273 4722.7373046875
1.6446802470339126 253045.17384096023 4843.9541015625
1.644691221005562 254455.9274184954 5488.044921875
1.6447021937360675 254965.6655810273 6437.5771484375
1.6447131652260272 255875.24847698183 6986.6630859375
1.6447241354760387 254068.285612431 7263.23583984375
1.6447351044866996 251882.2268621089 7040.53662109375
1.6447460722586074 248433.90506112672 6361.73095703125
1.6447570387923605 246301.46793324582 5600.2607421875
1.644768004088556 242894.73380130023 6003.56201171875
1.6447789681477913 244355.84448181037 6646.5263671875
1.6447899309706657 245503.8754136706 7216.771484375
1.6448008925577762 248680.3212070851 7307.59375
1.6448118529097207 245999.98691775673 6841.7763671875
1.6448228120270965 243500.55130775014 6081.54638671875
1.6448337699105031 243643.56587592894 5266.61279296875
1.6448447265605377 244552.99452718993 4939.1171875
1.644855681977798 244058.7041745421 4819.8974609375
1.6448666361628823 240568.18843704325 4650.98095703125
1.644877589116389 238700.95335498196 4568.74755859375
1.6448885408389156 240624.12873278646 4584.36865234375
1.6448994913310608 241854.07456206862 4548.58203125
1.6449104405934225 242519.5063090658 4601.345703125
1.644921388626599 241794.46007387797 4574.150390625
1.644932335431189 241546.68346771845 4563.02294921875
1.64494328100779 241992.62166446383 4545.8427734375
1.6449542253570013 239894.32528794222 4555.076171875
1.6449651684794195 240871.57621662994 4563.28466796875
1.6449761103756448 241769.2877947648 4556.6337890625
1.644987051046275 243772.3934332758 4559.04638671875
1.6449979904919076 245276.3823979966 4617.40869140625
1.6450089287131426 246132.50248166063 4583.7265625
1.6450198657105775 249050.2414353071 4538.60498046875
1.645030801484811 250480.00602053097 4560.1513671875
1.6450417360364418 251600.1202458339 4547.41015625
1.6450526693660683 250173.95167448447 4569.99853515625
1.6450636014742894 251324.3446952619 4628.529296875
1.6450745323617035 252627.26663157492 4624.95166015625
1.6450854620289095 254160.2105952975 4592.69580078125
1.6450963904765055 252996.7828590113 4604.798828125
1.645107317705091 251777.33410003653 4579.98681640625
1.6451182437152645 253705.21887655574 4615.39599609375
1.6451291685076246 256251.80847442313 4654.8408203125
1.6451400920827708 255314.90145502 4637.03564453125
1.6451510144413009 252858.02967858576 4523.12353515625
1.6451619355838147 254976.38144833164 4588.6953125
1.645172855510911 258834.4534463283 4640.03857421875
1.645183774223188 259304.25047244778 4694.015625
1.6451946917212457 254846.9876581732 4663.08837890625
1.6452056080056825 252775.32533744775 4734.6298828125
1.6452165230770974 253605.07509822983 4702.08251953125
1.6452274369360893 254319.42523388902 4730.6357421875
1.6452383495832585 253101.19765397895 4746.82666015625
1.645249261019203 251346.13200646293 4753.951171875
1.6452601712445227 251112.2508864819 4719.6083984375
1.6452710802598158 250037.2032437692 4657.935546875
1.645281988065683 249385.80266914226 4601.10400390625
1.6452928946627214 248836.83686451707 4539.2119140625
1.6453038000515325 249104.19136236113 4467.736328125
1.645314704232715 246604.24355190306 4517.3701171875
1.6453256072068672 242293.16890897075 4496.55859375
1.64533650897459 237670.41628849684 4522.4921875
1.6453474095364813 236541.97853771134 4478.9697265625
1.6453583088931418 236002.0336896876 4508.2421875
1.6453692070451709 237272.0215225147 4461.3251953125
1.6453801039931675 234596.93804028363 4456.4462890625
1.6453909997377307 232247.8245269695 4462.2958984375
1.6454018942794617 231580.00477179533 4467.69482421875
1.6454127876189588 231527.21840251796 4453.65380859375
1.6454236797568218 231591.17620052697 4495.083984375
1.6454345706936506 231106.4636415965 4462.1875
1.6454454604300455 230276.00038135704 4563.84375
1.6454563489666045 230313.44611508626 4707.87353515625
1.64546723630393 228855.1413405728 4871.87548828125
1.6454781224426185 229570.35913455152 4992.99755859375
1.6454890073832726 231075.49841593002 5238.43798828125
1.6454998911264909 231751.8890343724 5390.4453125
1.6455107736728738 233254.2924189234 5575.5732421875
1.6455216550230207 232997.61335299685 5909.10595703125
1.6455325351775316 235627.25883004506 6589.53076171875
1.6455434141370069 237880.34843015086 7256.42041015625
1.645554291902046 240493.3868689531 7278.13525390625
1.6455651684732495 242455.10598460175 6608.08203125
1.6455760438512175 247221.87297027386 5847.93798828125
1.6455869180365494 251077.21493895576 5315.4443359375
1.6455977910298458 251872.46299694024 4919.26708984375
1.645608662831707 250007.13529846526 4662.92919921875
1.6456195334427335 253146.9917394435 4637.22900390625
1.6456304028635247 258095.62117410701 4626.8798828125
1.6456412710946808 262266.19308018323 4575.068359375
1.6456521381368028 261682.33310259736 4526.65087890625
1.6456630039904914 260589.73979383497 4532.09228515625
1.645673868656346 260771.9707847272 4505.7158203125
1.6456847321349661 262281.6977085666 4520.72607421875
1.6456955944269542 261324.4740580893 4520.32421875
1.64570645553291 261200.5051106134 4542.12646484375
1.6457173154534332 258540.10314891645 4561.74658203125
1.6457281741891252 259371.69889875205 4604.30126953125
1.645739031740586 258873.03520851085 4579.85009765625
1.6457498881084165 259886.909219446 4613.36669921875
1.6457607432932169 259154.67482624005 4638.9736328125
1.6457715972955886 257318.24495793885 4619.205078125
1.6457824501161311 253159.08675124537 4648.25341796875
1.6457933017554465 251825.65812258393 4643.220703125
1.6458041522141338 252001.8478353117 4717.67236328125
1.6458150014927955 253520.15232677103 4729.83056640625
1.645825849592031 254059.1015694826 4639.61181640625
1.6458366965124422 254786.23063199437 4548.1826171875
1.6458475422546293 255050.31524180353 4472.25927734375
1.6458583868191927 255944.2656489251 4458.6708984375
1.6458692302067346 254065.66522930455 4517.1435546875
1.645880072417855 253138.2135298726 4460.08642578125
1.6458909134531554 251517.9435818288 4442.30810546875
1.6459017533132363 249851.68900179333 4501.873046875
1.6459125919986985 248285.04034204088 4599.57177734375
1.645923429510144 247800.69694163318 4617.40576171875
1.6459342658481728 247839.8234193792 4579.7939453125
1.6459451010133868 248237.06396284932 4517.64990234375
1.645955935006387 248003.00406614086 4591.37158203125
1.6459667678277747 247227.4442376563 4625.67578125
1.645977599478151 247295.09488746244 4530.59619140625
1.645988429958117 246900.98107580596 4491.0849609375
1.6459992592682737 248049.63798147615 4519.33837890625
1.6460100874092234 249409.66954410664 4496.3876953125
1.6460209143815663 249465.77085172877 4640.556640625
1.646031740185904 250179.93160915648 4708.3583984375
1.6460425648228385 250516.4477532588 4729.6201171875
1.6460533882929709 250766.13788931363 4781.8583984375
1.6460642105969026 252046.57990993035 4706.060546875
1.6460750317352353 250052.15973297818 4656.79931640625
1.64608585170857 250496.41596664587 4555.884765625
1.646096670517509 249577.68376379745 4516.64794921875
1.6461074881626532 251173.13373636844 4531.57568359375
1.6461183046446044 250336.91025082715 4544.09716796875
1.6461291199639645 251049.69545022259 4522.0771484375
1.6461399341213352 250646.37848978429 4488.90576171875
1.646150747117318 251924.52485711905 4487.24609375
1.6461615589525147 250980.96653071386 4506.5625
1.6461615711865785 252116.16114296278 nan
1.646172369627527 251855.4798367377 4489.1875
1.6461744083407868 251853.0544801845 4491.19689037144
1.6461872436030631 252828.66854503533 4518.102832655003
1.646200076973949 252610.0119765382 4530.326963025921
1.6462129084539845 251791.21590557712 4538.95303853909
1.6462257380437109 253055.5602059299 4513.803305766638
1.6462385657436693 254733.18673604247 4550.56740540853
1.6462513915544008 255945.942649788 4554.5288462412545
1.6462642154764455 255710.07756177895 4521.483048809052
1.646277037510346 254475.07871066735 4494.393275285104
1.646289857656642 254473.47768377652 4497.79926611853
1.6463026759158756 254181.41557150794 4493.708640634716
1.6463154922885879 256402.47370409488 4510.298788440223
1.6463283067753205 256975.0906530202 4499.029777433606
1.6463411193766144 257459.25941708888 4418.172902688519
1.646353930093011 256355.55912186462 4403.627097710777
1.6463667389250518 256203.39803664727 4374.891721197089
1.6463795458732786 257330.7522039347 4423.573782710968
1.646392350938233 258329.12522950678 4452.905210075422
1.6464051541204572 257953.67944124644 4473.163036697816
1.6464179554204919 256661.28670652153 4440.635141428509
1.6464307548388797 258388.51016760434 4470.076000489454
1.6464435523761614 261172.4218251406 4476.444418355221
1.6464563480328804 261135.8278977414 4449.411197474292
1.6464691418095774 259918.94707225953 4446.151163323596
1.6464819337067953 259028.11097021977 4465.870896637774
1.6464947237250753 259444.72951207944 4422.750382640285
1.64650751186496 257172.51602503392 4440.655030497209
1.646520298126992 256135.80337377975 4403.955747599852
1.646533082511713 253711.92661748844 4390.585984208551
1.646545865019665 252265.89372954128 4377.3363715591395
1.646558645651391 250717.73306912102 4398.117089188425
1.6465714244074336 250534.8346647179 4469.344567727436
1.646584201288334 252007.26331423206 4449.465608048099
1.6465969762946366 251911.65454599028 4398.714413376707
1.646609749426882 250843.45490866993 4397.7971118972455
1.6466225206856142 247871.713669707 4389.105680390579
1.6466352900713754 248343.39035845763 4381.589977721066
1.6466480575847087 248148.73864078356 4458.982532101948
1.646660823226156 249888.850102617 4505.244752523987
1.646673586996261 249556.95663587953 4515.3583086401795
1.6466863488955668 252695.8226480716 4530.736534523974
1.6466991089246152 253978.08877074433 4531.627205335172
1.6467118670839507 254449.57665922478 4424.807485161436
1.6467246233741153 251639.50812488905 4393.242822742009
1.6467373777956529 250922.67773225877 4435.385950727605
1.6467501303491061 250266.69301247274 4456.483313551069
1.6467628810350183 250898.97382893992 4410.105142386179
1.6467756298539329 251115.8933764777 4404.823172101891
1.6467883768063933 252224.02256278758 4430.254995701616
1.646801121892943 255018.762683074 4438.618874694102
1.6468138651141246 257974.7703447378 4462.2843446103025
