igrins/spectra/ux_sex_K_20190410_smoothed.ecsv
# %ECSV 1.0
# ---
# datatype:
# - {name: WAVELENGTH, unit: um, datatype: float64}
# - {name: FLUX, datatype: float64}
# - {name: ERROR, datatype: float64}
# schema: astropy-2.0
WAVELENGTH FLUX ERROR
[from data line 34298]
2.365665986916115 86736.22669006216 3302.387451171875
2.365682541317303 87180.70544845166 3290.4091796874995
2.365699093678326 88072.06091404746 3303.9794108072915
2.3657156439994327 88735.49594710034 3317.013264973958
2.3657321922808685 89232.81209009702 3324.118489583333
2.3657487385228815 90172.8062022086 3348.3170572916665
2.3657652827257163 89427.00275041058 3398.295654296875
2.3657818248896194 90555.72948914018 3433.992350260416
2.3657983650148346 89777.6108019554 3417.09912109375
2.365814903101609 90548.88999047974 3374.311360677083
2.365831439150184 88328.73082072269 3349.7240397135415
2.3658479731608053 89042.15691904088 3354.4860839843745
2.365864505133716 89711.20508663479 3355.986490885416
2.365881035069157 92499.15069895482 3346.3720703125
2.3658975629673726 93401.06605097171 3350.824625651041
2.365914088828603 93948.63479994287 3343.073567708333
2.3659306126530923 91650.14623575224 3342.637776692708
2.365947134441078 91489.64185525168 3332.8605143229165
2.365963654192803 91182.20081015478 3328.27880859375
2.365980171908506 93293.58790501463 3320.1051432291665
2.365996687588427 92663.60007328747 3307.427327473958
2.366013201232805 92263.46135817273 3313.17333984375
2.3660297128418777 92129.70097731437 3332.045084635416
2.366046222415885 92324.42831911761 3341.211995442708
2.3660627299550634 92796.19897152015 3359.7951660156245
2.3660792354596496 91409.80800633757 3375.3426920572915
2.3660957389298805 90226.12564179632 3399.3895670572915
2.3661122403659935 89061.62764290199 3456.5138346354165
2.366128739768223 91772.8836929566 3580.534749348958
2.3661452371368044 93489.8186099556 3793.653889973958
2.366161732471973 94131.0095620084 4079.19970703125
2.3661782257739636 93482.99291503095 4465.902425130208
2.3661947170430087 95220.54505544875 4929.011067708333
2.3662112062793423 93513.76983373813 5293.920084635416
2.3662276934831983 90191.46033751924 5446.704915364583
2.366244178654808 86093.85032843298 5259.19189453125
2.3662606617944038 84236.00901177173 4862.530436197916
2.3662771429022174 85209.78143378923 4381.85693359375
2.3662936219784787 86668.63521445537 3989.632405598958
2.36631009902342 91139.77180348911 3723.381429036458
2.36632657403727 90841.21180932541 3565.594563802083
2.36634304702026 87645.35011372107 3459.4499511718745
2.366359517972617 83783.72475096384 3393.3871256510415
2.366375986894572 83200.33102924624 3350.037923177083
2.3663924537863514 84974.48941926817 3326.836018880208
2.3664089186481845 86247.81957439648 3323.030924479166
2.366425381480297 85143.69414362637 3319.7006022135415
2.3664418422829177 83602.29928549961 3329.5414225260415
2.3664583010562708 85559.61653936276 3348.804524739583
2.366474757800584 88202.19229586233 3369.9847819010415
2.366491212516081 90333.73169432493 3382.073079427083
2.366507665202989 88898.22647564582 3382.9851074218745
2.366524115861531 90090.69200500747 3371.044514973958
2.366540564491931 90904.00445722605 3364.910237630208
2.366557011094413 90864.23426643258 3352.8795572916665
2.3665734556692 89960.49205340818 3344.0319824218745
2.366589898216514 90114.42176759228 3337.104329427083
2.366606338736579 92985.53527453182 3335.431477864583
2.3666227772296144 94733.00548470663 3354.811279296875
2.366639213695844 95707.80660993574 3376.5607910156245
2.3666556481354855 94860.29201621487 3385.943603515625
2.366672080548761 93960.22439416993 3381.93212890625
2.36668851093589 94925.06069359454 3382.7790527343745
2.366704939297093 95498.4175310268 3394.926513671875
2.366721365632587 96129.08593034452 3391.917561848958
2.3667377899425914 95711.79751595683 3365.00439453125
2.366754212227324 96030.53918221273 3345.464436848958
2.366770632487002 96646.72175088192 3340.264892578125
2.3667870507218423 95320.48370499085 3331.61474609375
2.366803466932063 94528.22381046247 3324.501790364583
2.3668198811178773 92496.2061348179 3303.9482421875
2.3668362932795035 92248.19984207785 3319.148763020833
2.366852703417156 89929.21477579512 3333.6288248697915
2.3668691115310483 88939.20218445384 3358.232259114583
2.366885517621396 89574.56441070577 3366.5885416666665
2.366901921688412 91221.03471962585 3370.4134928385415
2.36691832373231 92171.3201189622 3377.3741861979165
2.366934723753303 91360.21881347246 3376.027180989583
2.366951121751603 90109.23280652513 3378.180826822916
2.366967517727421 88254.23798445238 3371.3744303385415
2.3669839116809697 89184.75792868147 3386.524739583333
2.3670003036124605 90194.80786017713 3396.634358723958
2.3670166935221015 91364.48436973568 3425.56884765625
2.367033081410104 89738.25386189218 3454.2607421875
2.367049467276679 89530.53879191328 3491.9652506510415
2.367065851122033 89872.60410691069 3539.104329427083
2.367082232946376 91396.45706453922 3596.704833984375
2.367098612749915 91879.10250381654 3678.5577799479165
2.3671149905328606 92449.0851829029 3789.970540364583
2.367131366295416 92010.83510793211 4030.4111328124995
2.3671477400377903 90337.5609707608 4467.3232421875
2.3671641117601894 89799.32452542885 5161.71630859375
2.367180481462818 87037.42001728948 6069.719075520833
2.3671968491458832 86864.86050393537 7065.416992187499
2.3672132148095884 88901.39465666297 7693.995279947916
2.3672295784541384 93556.97598701886 7716.063964843749
2.367245940079737 93563.69081998785 7052.006184895832
2.367262299686588 92410.71888511101 6138.522298177083
2.3672786572748947 91423.57031024856 5249.294270833333
2.367295012844858 92758.96289241477 4608.042805989583
2.3673113663966814 90721.48110277436 4187.088134765625
2.367327717930566 87783.9427869842 3969.115315755208
2.3673440674467128 88777.64643817021 3837.0126139322915
2.367360414945323 89733.01189128627 3795.487548828125
2.3673767604265956 90469.3075648989 3782.3649902343745
2.367393103890731 89761.74069721327 3877.96435546875
2.367409445337928 90499.71126952238 4137.255126953125
2.3674257847683866 88860.60078636953 4581.704833984375
2.3674421221823034 85604.20281788736 5141.128092447916
2.3674584575798767 82087.88425404733 5700.460286458333
2.367474790961305 85486.10706339448 6188.29931640625
2.367491122326784 87946.77341671301 6304.5009765625
2.3675074516765093 89156.92020290953 5968.977701822916
2.367523779010679 87116.13734756435 5384.093098958333
2.367540104329487 86572.13740752322 4858.389322916666
2.367556427633129 86591.87958730984 4532.798177083333
2.3675727489217984 84968.81972708376 4327.974772135416
2.3675890681956915 87276.80303396056 4310.23046875
2.3676053854549997 90485.15334524926 4430.123860677083
2.367621700699917 92249.77377196272 4559.995279947916
2.3676380139306357 89470.08735310723 4584.388346354166
2.367654325147349 79776.05306100525 4521.338053385416
2.367670634350246 76200.63552247932 4426.862141927083
2.3676869415395223 78549.71337168696 4398.126627604166
2.3677032467153647 86093.53194616534 4479.981608072916
2.367719549877966 91648.39127522899 4678.2041015625
2.3677358510275144 90290.800364988 4912.944661458333
2.3677521501642 91517.93176910694 5060.904296875
2.3677684472882117 91128.77138347112 4989.302734375
2.367784742399738 92100.95485966656 4664.617350260416
2.367801035498966 91865.83849665492 4230.381673177083
2.367817326586085 92165.2427001641 3848.337646484375
2.3678336156612816 91761.97345611916 3618.3898925781245
2.3678499027247404 90764.69452123852 3484.834228515625
2.367866187776649 90427.1768606044 3415.9430338541665
2.3678824708171926 90636.34533754035 3380.494873046875
2.3678987518465573 91681.7299655116 3355.310791015625
2.367915030864927 90391.43687989877 3339.599202473958
2.367931307872486 91084.80148197345 3328.227132161458
2.367947582869418 89382.69140950897 3344.5017089843745
2.367963855855906 90952.05935668673 3362.918701171875
2.367980126832134 92299.68958647191 3399.338134765625
2.367996395798283 93480.47103183005 3411.549235026041
2.3680126627545355 93425.9562788654 3415.6860351562495
2.368028927701073 92583.88383816191 3395.864501953125
2.3680451906380755 94435.5850071905 3386.936360677083
2.3680614515657257 94887.9503728417 3365.6127115885415
2.3680777104842012 93595.17899999156 3342.32470703125
2.368093967393683 91381.56220924015 3326.4328613281245
2.3681102222943493 89655.13661129064 3317.3385416666665
2.3681264751863798 89205.90208006135 3327.5419921874995
2.36814272606995 88419.58207553567 3336.378255208333
2.368158974945241 87829.68509289848 3343.516194661458
2.368175221812429 88675.22211072737 3355.141845703125
2.3681914666716892 89921.94298219448 3356.5694986979165
2.3682077095231984 91680.39525036207 3363.3907877604165
2.3682239503671334 91287.60776116764 3361.284749348958
2.3682401892036697 89326.55918954298 3351.39111328125
2.368256426032981 87562.85401104798 3345.0305175781245
2.3682726608552414 86490.38544000295 3331.045654296875
2.368288893670626 84866.26869186183 3325.7728678385415
2.3683051244793076 83942.7039684502 3323.167073567708
2.3683213532814595 83986.40607460373 3323.622477213541
2.3683375800772546 85956.6302886828 3328.478108723958
2.3683538048668638 86436.82282567536 3355.2831217447915
2.368370027650459 83612.08905806858 3395.984781901041
2.3683862484282128 82048.80496542527 3453.57421875
2.3684024672002937 80423.9171543427 3525.8449707031245
2.3684186839668726 81504.14505194806 3623.5394694010415
2.3684348987281196 82828.48252371157 3721.899007161458
2.368451111484204 81312.73362007641 3813.569661458333
2.3684673222352943 79952.1409723516 3863.2661132812495
2.368483530981558 77460.01456781558 3852.2248535156245
2.368499737723165 78167.63061648219 3790.658040364583
2.368515942460281 79898.44966012362 3697.7931315104165
2.368532145193073 83307.28130181454 3611.775146484375
2.3685483459217083 83606.08568374372 3525.578938802083
2.3685645446463517 82628.75312934532 3467.1704101562495
2.3685807413671696 80987.21076644133 3451.216634114583
2.3685969360843258 82793.95360814966 3460.2391764322915
2.3686131287979872 83296.76560752217 3518.2076822916665
2.368629319508315 81437.3516828778 3594.0012207031245
2.3686455082154745 80255.20239501115 3700.256673177083
2.368661694919629 79533.45270983354 3746.757649739583
2.36867787962094 79942.80149807512 3762.3603515625
2.3686940623195714 81575.17507934333 3720.641845703125
2.3687102430156837 82672.56299290477 3662.537190755208
2.368726421709438 84621.19677408968 3598.103108723958
2.368742598400995 83727.91293767223 3541.5751953124995
2.368758773090518 83370.45106730946 3522.456298828125
2.368774945778162 82813.04377784944 3531.902180989583
2.36879111646409 83145.96681195748 3602.09423828125
2.3688072851484594 83976.50655463086 3696.079345703125
2.3688234518314295 85601.99094134526 3811.5847167968745
2.3688396165131573 86773.30982173701 3951.379231770833
2.368855779193801 86450.50679155317 4179.732340494791
2.3688719398735185 85725.69082002828 4576.976236979166
2.368888098552464 85961.84814038244 5160.007161458333
2.3689042552307957 88968.07528536863 5932.917317708333
2.368920409908668 89948.41179318793 6781.817057291666
2.368936562586237 89743.46336464676 7413.784505208333
2.368952713263657 85887.87815275573 7539.63916015625
2.368968861941083 85514.52757187265 7047.20068359375
2.3689850086186675 85624.74317228273 6228.965169270833
2.3690011532965642 87716.34836111293 5418.162272135416
2.3690172959749267 89000.49099818384 4777.843912760416
2.3690334366539054 90159.95491541552 4331.932535807291
2.369049575333656 91977.80128149729 4023.6164550781245
2.3690657120143257 91226.37560943498 3844.4725748697915
2.369081846696068 89037.08244169105 3727.981363932291
2.369097979379033 90014.41297295943 3651.205078125
2.3691141100633697 92003.01741984324 3613.095133463541
2.3691302387492286 93547.3272932281 3601.5793457031245
2.369146365436759 92950.36149726872 3624.814208984375
2.369162490126109 92709.74756968705 3676.549886067708
2.3691786128174273 93858.69827292478 3760.1246744791665
2.3691947335108607 94474.61041898296 3828.802571614583
2.3692108522065563 97017.91267962457 3874.725830078125
2.369226968904662 98871.018874726 3850.48876953125
2.369243083605323 99304.69152878725 3801.5827636718745
2.369259196308687 96931.69873176995 3749.5973307291665
2.369275307014897 95357.8685956 3749.5777994791665
2.3692914157240987 94717.7322437297 3770.10791015625
2.3693075224364377 95111.67951378023 3763.4794108072915
2.369323627152056 94351.0578607707 3710.730061848958
2.369339729871098 94282.5175127838 3637.916829427083
2.3693558305937072 95120.64216402866 3569.51123046875
2.3693719293200255 95567.82534621366 3532.136637369791
2.3693880260501943 94494.42446498555 3511.391194661458
2.369404120784357 92316.15310845067 3491.3495279947915
2.369420213522653 90468.46429591862 3472.869059244791
2.369436304265224 88639.15070726092 3455.90673828125
2.3694523930122102 87002.39289178606 3444.934895833333
2.3694684797637504 88330.4279761799 3449.220540364583
2.3694845645199853 90010.15856960265 3446.250162760416
2.3695006472810523 90270.34504849001 3454.915771484375
2.36951672804709 87330.17517790408 3454.4171549479165
2.3695328068182366 85769.86682412654 3452.777425130208
2.3695488835946303 86455.15467394082 3452.541015625
2.3695649583764062 86211.35563134123 3432.36328125
2.3695810311637024 85633.66321794661 3433.9410807291665
2.3695971019566535 83983.06188249902 3428.6800944010415
2.369613170755396 84739.5717575333 3450.563313802083
2.3696292375600647 84687.21562580144 3463.753662109375
2.369645302370794 83997.33241027333 3481.411946614583
2.369661365187718 83294.29408779007 3508.27294921875
2.36967742601097 82799.4873113114 3528.4725748697915
2.369693484840684 84245.77830830889 3568.864420572916
2.369709541676992 84512.16244985914 3605.8762207031245
2.3697255965200275 85145.73104443829 3684.864583333333
2.3697416493699204 85064.23124904664 3747.151936848958
2.3697577002268035 84759.70358180333 3820.0582682291665
2.3697737490908057 84292.5184367498 3851.952473958333
2.3697897959620597 84176.44040999109 3901.224446614583
2.3698058408406943 85119.69750449498 3921.5776367187495
2.3698218837268388 85495.71292282669 3963.2257486979165
2.369837924620622 86116.18772187774 4006.097819010416
2.3698539635221727 85793.90468300224 4024.1088053385415
2.36987000043162 88065.15787817881 4014.091064453125
2.3698860353490896 89010.7968188175 3921.298095703125
2.3699020682747087 92128.21139377313 3837.723795572916
2.369918099208606 93307.28142545256 3754.5016276041665
2.369934128150906 94202.31815738042 3727.733072916666
2.3699501551017335 93696.38489669218 3736.349934895833
2.3699661800612146 92539.98496071473 3781.936116536458
2.3699822030294757 91414.45540599004 3895.932210286458
2.369998224006639 91869.87550137544 4037.298258463541
2.3700142429928284 94160.72286441352 4225.52001953125
2.3700302599881677 95214.79044269101 4404.561848958333
2.3700462749927804 96325.53590114048 4656.356119791666
2.370062288006788 91878.9916574014 4993.69140625
2.370078299030313 92389.25999872966 5559.787272135416
2.3700943080634764 93561.04657440007 6393.770182291666
2.370110315106399 97654.4140631769 7192.079752604166
2.370126320159202 95353.28226443865 7593.830891927083
2.370142323222005 93815.10420528926 7283.634114583332
2.3701583242949282 93786.44955321733 6542.192382812499
2.37017432337809 95364.28854878053 5685.499674479166
2.370190320471609 94133.570280974 5026.429036458333
2.3702063155756035 91598.94719178273 4655.009765625
2.370222308690192 92878.3388503713 4508.6767578125
2.3702382998154907 94193.65909830746 4511.100423177083
2.3702542889516165 94248.99689969185 4616.4375
2.370270276098687 89861.19400461725 4906.639485677083
2.3702862612568163 81869.63050691303 5427.313639322916
2.3703022444261204 77663.02778670785 6284.241536458333
2.370318225606715 75627.09306085769 7578.468587239583
2.3703342047987137 75497.40656246745 9572.250162760416
2.3703501820022295 80350.64679668314 12053.798502604166
2.3703661572173784 85972.66763082397 13964.2861328125
2.370382130444271 92034.88674059414 14388.213216145832
2.370398101683021 86513.04037926006 13216.814453125
2.370414070933741 83789.78430143945 11566.115885416666
2.370430038196542 83680.66602815414 10065.653971354166
