igrins/spectra/ux_sex_H_20190410.ecsv
# %ECSV 0.9
# ---
# datatype:
# - name: WAVELENGTH
#   unit: um
#   datatype: float64
# - name: FLUX
#   datatype: float64
# - name: ERROR
#   datatype: float64
# schema: astropy-2.0
WAVELENGTH FLUX ERROR
[from data line 18390]
1.6302153580566154 250705.14632803455 5630.01123046875
1.630226229376244 248732.1978202293 5500.9423828125
1.6302370994682702 251753.98195087572 5691.46142578125
1.6302479683332873 253943.81220884834 6028.38818359375
1.6302588359718873 264267.8937259689 6107.17724609375
1.6302697023846644 255036.87480264803 5872.779296875
1.6302805675722105 255085.82186113842 5457.474609375
1.6302914315351191 259761.71762364314 5066.75439453125
1.6303022942739829 260543.88304929453 4895.4482421875
1.6303131557893953 263584.87104049965 4932.0205078125
1.6303240160819492 260627.60231916566 5101.32421875
1.6303348751522373 260029.81976005368 5243.58642578125
1.6303457330008533 262871.488368475 5342.99560546875
1.6303565896283894 255800.87704869197 5328.77587890625
1.6303674450354388 251579.51433229697 5208.88525390625
1.6303782992225948 252685.22093279837 5105.57763671875
1.6303891521904508 261161.84867952086 5080.9345703125
1.6304000039395987 261826.09141201005 5000.9453125
1.6304108544706326 252421.16753937516 4855.552734375
1.6304217037841453 258764.86843191262 4858.00634765625
1.6304325518807297 254068.73895339158 4726.5068359375
1.6304433987609792 256281.54330140277 4748.19580078125
1.6304542444254861 258003.48585091002 4772.22607421875
1.6304650888748449 256304.27759985632 4773.0888671875
1.6304759321096474 255882.89487871047 4808.837890625
1.6304867741304876 259826.40196543504 4846.66650390625
1.6304976149379578 256479.44222644778 4884.85498046875
1.6305084545326518 251959.67942591562 4833.828125
1.6305192929151624 254317.47809604008 4874.4912109375
1.6305301300860828 257863.06666820537 4884.8125
1.6305409660460064 251258.4607791983 4801.13623046875
1.6305518007955258 226651.38365290198 4776.7568359375
1.6305626343352349 256736.884121248 4829.19189453125
1.6305734666657263 263938.92244230275 4848.5458984375
1.6305842977875937 258797.58777417027 4797.20166015625
1.6305951277014294 258890.41370843077 4713.599609375
1.6306059564078272 261139.1585626866 4728.06201171875
1.6306167839073809 253374.71184623096 4729.3671875
1.6306276102006825 254014.4044596753 4749.89697265625
1.6306384352883259 258920.59605409845 4766.822265625
1.6306492591709043 255693.42168204059 4721.4697265625
1.630660081849011 255485.55736707826 4710.9345703125
1.6306709033232387 252630.18413057513 4730.2666015625
1.630681723594182 253592.76978226402 4770.40380859375
1.6306925426624321 251195.8876962258 4788.55810546875
1.6307033605285841 254433.57197941781 4860.50439453125
1.63071417719323 254979.0914188018 5103.74853515625
1.630724992656964 256351.1219073759 5359.6728515625
1.630735806920379 256281.2587826572 5552.521484375
1.6307466199840683 250645.79378016613 5670.5458984375
1.630757431848625 250573.8199203662 5434.0400390625
1.6307682425146433 254515.6008600366 5136.90673828125
1.6307790519827152 246259.3977452689 4947.337890625
1.6307898602534352 253334.72390639558 5083.90087890625
1.6308006673273956 256193.2218635559 5354.74755859375
1.6308114732051902 261134.79785872786 5507.41943359375
1.6308222778874133 252989.78198400198 5560.64453125
1.6308330813746565 247749.2092678843 5388.00439453125
1.6308438836675143 246760.11399631863 5113.6259765625
1.6308546847665797 244210.16703836474 4810.29443359375
1.630865484672446 252589.0260546411 4742.7392578125
1.630876283385707 249304.43350911612 4681.01611328125
1.6308870809069562 250354.39700983503 4679.234375
1.630897877236786 249454.651033714 4628.91845703125
1.6309086723757908 251209.88997320348 4629.49072265625
1.6309194663245639 249742.2636293941 4610.80419921875
1.6309302590836983 252274.92146776244 4622.24755859375
1.6309410506537871 248963.58447206407 4604.27978515625
1.6309518410354251 250884.83970171804 4633.9462890625
1.6309626302292044 245486.2387328707 4618.71240234375
1.6309734182357198 242917.86300920288 4651.74267578125
1.6309842050555627 249083.08028695756 4608.9111328125
1.6309949906893288 244562.49566241668 4558.36181640625
1.63100577513761 245016.25681609768 4594.82568359375
1.6310165584010008 246445.01464047976 4540.4404296875
1.6310273404800943 249476.74613940454 4602.1318359375
1.6310381213754837 251071.0176470966 4609.08544921875
1.631048901087763 243857.07076074427 4605.9013671875
1.6310596796175254 248479.16413411018 4632.2373046875
1.6310704569653647 243937.34076602326 4609.6328125
1.631081233131874 247638.18220944423 4596.8974609375
1.6310920081176472 246687.05041186023 4601.9658203125
1.6311027819232775 246635.76787448482 4617.9716796875
1.631113554549359 247571.82712857245 4606.9150390625
1.631124325996485 247831.7489782056 4569.49951171875
1.631135096265249 250162.97118426886 4541.04833984375
1.6311458653562443 250409.53842036612 4556.3271484375
1.631156633270065 249748.54292339322 4533.78173828125
1.6311674000073046 247323.17364248043 4530.38671875
1.6311781655685569 242901.6202706685 4541.00830078125
1.6311889299544144 246062.11027422326 4562.47314453125
1.6311996931654718 252051.65146045308 4527.9111328125
1.6312104552023228 251702.16010124717 4561.34423828125
1.6312212160655601 243575.15641083493 4541.8125
1.631231975755778 247774.22842427256 4605.68017578125
1.6312427342735702 249349.34859051646 4580.40869140625
1.63125349161953 247727.90191951013 4524.66552734375
1.6312642477942518 245302.28442363805 4506.06103515625
1.631275002798328 244243.80406150885 4466.2802734375
1.6312857566323535 243101.56929474085 4485.693359375
1.6312965092969212 243402.59189492016 4506.30859375
1.631307260792625 251390.57888088207 4533.90576171875
1.6313180111200591 246956.58357702554 4562.67138671875
1.631328760279816 247613.16971317396 4637.27783203125
1.631339508272491 253300.68565732933 4573.111328125
1.6313502550986767 252386.4300305865 4585.36181640625
1.6313610007589667 257603.11563861702 4633.3125
1.6313717452539556 252702.74090027038 4609.380859375
1.6313824885842367 250246.41283605588 4574.58837890625
1.6313932307504035 257057.12190562394 4596.8076171875
1.6314039717530506 255394.03547515842 4689.939453125
1.6314147115927704 254464.62283718967 4691.51611328125
1.631425450270158 256484.83949276916 4655.40673828125
1.6314361877858068 255923.2252583158 4623.0166015625
1.6314469241403096 257548.1576636318 4638.41162109375
1.6314576593342616 258125.39888223106 4644.2392578125
1.631468393368256 254987.2760660551 4662.6162109375
1.6314791262428867 255788.27566256287 4611.9951171875
1.6314898579587476 254761.09847749362 4746.84814453125
1.6315005885164322 254159.35300806 5021.3720703125
1.6315113179165344 252271.21742759683 5233.90966796875
1.631522046159648 255031.1505607951 5426.75244140625
1.6315228997751563 nan nan
1.6315327732463674 255018.5301563362 5490.75439453125
1.631535624177387 255840.19280284402 31954.114053076737
1.6315483466907843 257020.73757502192 493.20089020287884
1.6315610673159116 259222.86707082024 1502.9857285210653
1.6315737860533315 262786.05791356595 10675.240555324264
1.6315865029036074 264967.3527272754 2037.097613719415
1.6315992178673033 261878.76497636817 1200.1959213558275
1.6316119309449815 252228.6508490963 4222.488046661816
1.6316246421372052 253741.93204188644 10071.846052379631
1.631637351444539 255843.5658302955 17663.31194993748
1.6316500588675447 255368.4566004297 5118.114463403874
1.631662764406787 254194.42938248705 1846.283027423419
1.6316754680628283 250751.58293654086 2578.955274721631
1.6316881698362327 244949.06294792815 1603.5010606360916
1.631700869727563 251686.74372408626 804.402049601986
1.6317135677373835 256637.46167868908 1864.408637978815
1.6317262638662569 247257.4314705158 13449.807137579422
1.6317389581147477 256498.388554666 3774.912213352955
1.6317516504834193 248791.13394830216 824.9524425914344
1.6317643409728346 248588.59954679778 9822.229174077742
1.631777029583558 245590.4167341094 5544.514689114214
1.6317897163161532 247760.18325043123 2274.136829619699
1.631802401171183 246614.81442779335 1616.411805999937
1.6318150841492123 250125.59398426287 4355.939749723591
1.6318277652508042 252895.68359286932 4840.922712807202
1.631840444476523 250417.96380285412 4607.2387752526
1.631853121826932 248342.2144511957 4435.0572138868
1.6318657973025954 251351.7808358869 770.2180782507087
1.6318784709040774 249008.7956834504 4686.808399818886
1.631891142631941 245282.0142184093 1857.5852948707059
1.6319038124867513 240853.90835557794 2103.146499347811
1.6319164804690718 248768.76494665028 1783.5103776029757
1.6319291465794665 250630.73298737666 3756.7089612629584
1.631941810818499 253142.52121941396 4346.585954148352
1.6319544731867346 257633.8181436666 5566.180801652943
1.631967133684736 256830.90644279378 27.13804674557556
1.6319797923130688 256222.1291267542 2033.9728596833424
1.6319924490722957 257349.39426258055 334.0188470287759
1.6320051039629822 250543.10712321187 1155.271552325562
1.6320177569856917 249986.67351661934 2348.6934649331033
1.632030408140989 255984.61696004152 4561.036088200846
1.6320430574294382 254249.61873895422 1549.6550208303727
1.6320557048516038 248531.70543961116 3581.6177129592993
1.6320683504080498 247217.81088136774 1607.3610981593524
1.6320809940993408 243687.96159362985 4220.24665809818
1.6320936359260414 245101.92766520756 2323.2198122264094
1.632106275888716 246928.09982315332 884.5992360492894
1.6321189139879293 251569.28078308987 304.85509153578266
1.632131550224245 251799.22615163628 5021.735443554197
1.6321441845982283 249427.29490582098 1926.4097387909765
1.632156817110444 248058.0987057934 890.2322522717407
1.6321694477614563 248217.09947213985 1915.0143154757634
1.6321820765518298 248323.85443108014 3058.469381779451
1.6321947034821298 250947.14936944612 2988.785276906008
1.6322073285529204 251477.5927085988 1308.2079883435963
1.6322199517647666 247592.46483338744 4239.088941452823
1.632232573118233 249724.29869775134 1412.4195432680756
1.6322451926138843 249980.91873307564 1875.9661608351742
1.6322578102522858 245847.63032060838 500.0198402422477
1.6322704260340022 244815.27641319402 1642.3245955513908
1.6322830399595982 244641.63918000998 2361.617301204418
1.6322956520296392 246298.27249791636 3258.595964023243
1.6323082622446892 249503.19497461725 4825.9488742545245
1.6323208706053143 246942.00559318933 229.4668564894434
1.632333477112079 241568.62373776227 494.7519589210131
1.6323460817655482 246418.6670693015 1813.668453589718
1.632358684566287 248671.664661491 2132.078162849629
1.6323712855148607 252861.38372928134 4163.921933875564
1.6323838846118348 251794.49520452638 3048.8785527152045
1.632396481857774 254643.39670361325 2869.9029944595045
1.6324090772532434 253879.63144689318 545.5884831198291
1.6324216707988088 253897.4122859648 5457.798553388841
1.632434262495035 258487.56328715198 870.3064509045962
1.6324468523424875 260886.74881765546 1221.0475612336327
1.6324594403417307 256700.82021253172 596.4858885315181
1.6324720264933317 257031.96624794108 741.6380753215095
1.632484610797855 255926.76984808085 1818.8030883718077
1.632497193255866 255742.07559617914 230.88329545372673
1.6325097738679302 255889.02300263807 5550.959553654004
1.6325223526346127 251707.53416875895 6108.561263196701
1.6325349295564797 256446.24884675007 10818.46906473402
1.6325475046340963 257602.25803170793 32705.39153673023
1.6325600778680287 256141.6304278355 273507.3538984267
1.6325726492588417 259108.58432428484 7523.092166168808
1.6325852188071013 263496.3135398037 8313.293782524664
1.6325977865133727 261223.48347666088 1877.1081059432518
1.6326103523782227 255761.03265935127 4186.701929101688
1.6326229164022164 255912.26584190858 9083.814616724718
1.6326354785859194 253997.55769125195 4096.462145795855
1.6326480389298972 253900.90401628226 4754.000350093121
1.6326605974347166 257618.9230087051 968.32078134555
1.632673154100943 255397.16427390333 781.2348054968463
1.6326857089291418 252275.6710862167 735.9514955920133
1.6326982619198798 247891.54395765142 2930.790916981694
1.632710813073722 250200.80466958942 5851.028764445168
1.6327233623912354 249745.05274707708 4211.48803487727
1.632735909872985 250560.8737447497 1043.7956430329564
1.6327484555195375 250747.7101107859 562.9607078088864
1.6327609993314585 253249.63633036104 1135.4537722490618
1.6327735413093147 258716.76045085108 3320.103947380126
1.6327860814536725 252298.42524934784 3254.6923983209867
1.6327986197650968 247826.49485005872 3851.478535016298
1.6328111562441545 250038.86282682553 2878.3293517788643
1.6328236908914122 255682.07503439332 3285.020906305825
1.6328362237074356 254202.95636206737 10408.328794855628
1.6328487546927914 254162.27293757963 5153.375320866458
1.6328612838480456 252887.51702500557 4417.014249247105
1.6328738111737644 251352.96216892212 4118.649699184958
1.632886336670514 249664.782075808 3315.193279716956
1.6328988603388623 249464.74724450434 8232.178587268309
1.6329113821793741 254085.3565410561 4904.8723094626075
1.6329239021926167 251718.49999969933 2701.984368150146
1.6329364203791563 257371.1630777923 2565.970293545354
1.6329489367395598 254825.0577704078 3772.304944741276
1.6329614512743926 245782.95771234937 5884.287492148411
1.632973963984223 250786.58300025697 3543.110576804757
1.6329864748696163 250178.3085034772 704.1547827718705
1.6329989839311403 254134.47243328628 1959.1883861874269
1.6330114911693605 254754.65678583697 3518.2905124236167
1.6330239965848448 258083.7789953196 933.4102699985391
1.633036500178159 258122.6109906083 2456.377248985287
1.6330490019498698 260973.75675085044 251.39885561517806
1.6330615019005448 258443.48198222843 4464.541781068281
1.6330740000307506 254011.3587011417 2027.8524391725364
1.633086496341054 257170.74716191491 3028.7988386415946
1.633098990832022 251571.5230526684 1158.9662200473201
1.6331114835042209 254994.18845466024 4179.5672133265025
1.6331239743582184 259690.71477972396 509.9534997277319
1.6331364633945813 258109.2285358076 958.3149443740589
1.6331489506138765 258846.1728227544 3669.389100490873
1.633161436016672 259035.47690275736 3171.139332864315
1.633173919603533 259321.09653447682 2824.497713489915
1.6331864013750281 262214.4770555031 395.79780233508615
1.6331988813317238 260869.06703892822 2786.214021672694
1.6332113594741882 259397.61803443212 1119.017288272753
1.6332238358029871 259254.01885412665 1234.5551989262349
1.633236310318689 261796.59082177444 2007.424332065086
1.633248783021861 264024.24513062526 4358.640911043599
1.6332612539130689 268208.78074889164 5537.838881928885
1.6332737229928826 265615.4674621544 6453.256815742031
1.633286190261867 266290.4645348155 993.6716284510749
1.6332986557205915 265186.9281149252 1959.1841835363548
1.633311119369622 261589.277450549 322.7489441945239
1.633323581209527 260456.70998978705 706.6493969208394
1.6333360412408735 266152.21775293676 1492.8409285399525
1.6333484994642289 264602.52976955095 4279.409116686721
1.6333609558801614 266828.8398747567 2801.2809748735094
1.633373410489238 265661.8372836423 1403.0182976953197
1.6333858632920262 259693.44467723675 1856.1293287250223
1.6333983142890947 264127.8486481513 559.0495033695677
1.6334107634810096 262568.4276456265 1847.4651603378388
1.63342321086834 262993.0357820394 7977.1033629866215
1.6334356564516528 261474.11976982965 1145.8867691948665
1.6334481002315162 264202.4180636097 1994.7151715298612
1.6334605422084976 262151.7689986523 3975.775271035171
1.6334729823831649 258191.20619487984 395.9776898199595
1.633485420756087 259690.62824342982 4578.037848342198
1.63349785732783 257520.31151350104 260.1069962893781
1.6335102920989635 260128.90917352427 3036.1722016792064
1.6335227250700544 255362.05002679993 4755.561578585245
1.6335351562416713 253294.3682206596 2494.0695793281834
1.6335475856143815 252483.82476685612 4470.119168716762
1.6335600131887538 252965.41795327733 3391.3191181458897
1.633572438965356 249196.48552399638 816.9223946423522
1.6335848629447558 243854.1435187624 775.627627681705
1.6335972851275224 244974.30787854068 1683.757425914133
1.6336097055142225 247877.5046683785 1421.2937913075993
1.6336221241054263 242814.6958979201 140.823046895767
1.6336345409017 242748.59715378674 4429.322973638418
