igrins/spectra/ux_sex_H_20190410_smoothed.ecsv
# %ECSV 0.9
# ---
# datatype:
# - name: WAVELENGTH
#   unit: um
#   datatype: float64
# - name: FLUX
#   datatype: float64
# - name: ERROR
#   datatype: float64
# schema: astropy-2.0
WAVELENGTH FLUX ERROR
[from data line 12101]
1.5587910509975411 258591.3658486827 7229.837239583333
1.558801772164196 253917.87258141467 7163.593912760416
1.5588124920071238 252666.20624095545 7095.288736979166
1.5588232105269115 254352.82176287126 7083.243489583332
1.5588339277241492 255389.86646973042 7096.877929687499
1.558844643599424 259495.11302673735 7138.781087239583
1.5588553581533253 262849.2670559944 7136.023274739582
1.558866071386441 261313.4175741279 7122.136881510416
1.5588767832993602 255311.01863000134 7042.385416666666
1.558887493892671 251920.7595470645 7003.958658854166
1.558898203166961 252763.21249186993 6987.75634765625
1.5589089111228192 257998.08383112666 7007.888183593749
1.5589196177608335 258596.7903777762 6983.258463541666
1.5589303230815923 260250.9396557386 7000.572265624999
1.5589410270856834 259725.17365819745 6986.890950520832
1.5589517297736946 259275.44207208592 6990.400716145833
1.5589624311462142 257839.8740756231 6953.117024739583
1.5589731312038304 259120.00978991395 6953.014485677082
1.5589838299471306 259107.4356014147 6913.701985677083
1.5589945273767025 257568.46917135466 6882.110026041666
1.5590052234931346 259534.37155266348 6888.096028645833
1.5590159182970136 262062.3588530054 6923.634440104166
1.559026611788928 267625.4102541839 6928.202799479166
1.559037303969465 266006.47986026853 6902.740397135416
1.5590479948392124 267887.43144079833 6890.318033854166
1.5590586843987566 267292.89589478855 6885.593912760416
1.5590693726486864 265055.6883095257 6880.515625
1.5590800595895886 261891.50595988016 6829.90478515625
1.5590907452220506 259941.54821431203 6838.636393229166
1.5591014295466596 262273.14728621754 6838.951497395833
1.5591121125640028 264135.88940832537 6854.179687499999
1.5591227942746677 268283.48274145974 6850.286458333332
1.5591334746792407 271067.04238420073 6824.412272135416
1.55914415377831 272368.13092064054 6803.962076822916
1.5591548315724615 271418.02331455564 6786.583333333333
1.5591655080622826 270040.2909892561 6799.501627604166
1.55917618324836 270108.12076399836 6829.994954427083
1.5591868571312808 267714.6720976191 6840.866373697916
1.5591975297116318 265680.4222378773 6820.263834635416
1.5592082009899988 267569.2373880884 6794.394531249999
1.55921887096697 269061.7074228466 6784.2080078125
1.559229539643131 266984.8304739892 6763.587565104166
1.5592402070190694 262060.73125107284 6790.09033203125
1.5592508730953705 260620.66119776582 6772.4267578125
1.559261537872621 264191.49283779546 6785.640462239583
1.5592722013514078 264009.463218951 6760.695638020832
1.5592828635323175 264228.7431228845 6784.399576822916
1.5592935244159354 262096.3887125596 6798.386881510416
1.5593041840028483 262587.4401322839 6787.865071614583
1.5593148422936427 261814.85160801865 6750.710123697916
1.5593254992889038 262120.86064866546 6694.000325520832
1.5593361549892188 267073.49704683933 6674.43994140625
1.5593468093951732 270653.1334356135 6663.093587239582
1.5593574625073532 271217.65123547846 6648.963053385416
1.5593681143263443 267964.1694965119 6642.373209635416
1.5593787648527329 267484.4796789961 6626.406087239583
1.5593894140871043 267160.2917545321 6658.411295572916
1.5594000620300446 266329.09354987135 6656.948242187499
1.5594107086821396 266944.6892609236 6657.308105468749
1.5594213540439748 266376.21317091864 6634.212565104166
1.5594319981161355 267306.8701958187 6646.253580729166
1.559442640899208 262609.5470204387 6645.814127604166
1.5594532823937775 264797.304800347 6675.277832031249
1.5594639226004288 265306.51947076124 6657.242350260416
1.5594745615197478 267408.78112148657 6639.0458984375
1.5594851991523198 264450.21819151216 6590.594401041666
1.5594958354987305 262198.4289491454 6558.854492187499
1.5595064705595647 259421.57094392093 6560.076985677083
1.559517104335407 259933.47880188582 6549.9482421875
1.559527736826844 262407.318986178 6559.052897135416
1.5595383680344599 267384.7057828168 6569.250325520832
1.5595489979588395 269003.93287978135 6584.207356770832
1.559559626600568 268094.3608921977 6565.986490885416
1.55957025396023 264069.5679962046 6543.640462239583
1.5595808800384112 261917.30078605886 6553.262532552082
1.5595915048356954 259776.98303587938 6567.9580078125
1.5596021283526684 259042.1488087089 6586.749348958332
1.5596127505899136 260485.54156109906 6598.862630208332
1.559623371548017 263177.79830005835 6651.64208984375
1.5596339912275623 267922.4971415559 6688.315755208333
1.5596446096291345 268651.0276577025 6755.214029947916
1.5596552267533177 267013.7715187716 6784.7255859375
1.559665842600696 265847.91944680177 6826.15283203125
1.5596764571718547 269457.1886702881 6869.136881510416
1.5596870704673778 274189.2221055307 7010.200520833332
1.5596976824878495 275553.98878120974 7630.88916015625
1.5597082932338537 268664.6231641717 9671.863932291666
1.5597189027059748 258855.93044662123 12854.448567708332
1.5597295109047973 253465.089944717 16300.128580729166
1.5597401178309047 254385.020233218 18476.805989583332
1.559750723484881 256443.15228528972 19487.884114583332
1.5597613278673106 262601.7849975179 19544.21875
1.559771930978776 271606.60251127026 19393.298177083332
1.5597825328198631 276565.8606471305 18426.680338541664
1.5597931333911546 276124.3101057896 16370.713216145832
1.5598037326932346 269183.48438007553 12832.064453125
1.5598143307266858 263934.2499763565 9459.893229166666
1.5598249274920937 261303.2862658507 7330.745442708333
1.55983552299004 260860.3755965891 6675.13623046875
1.5598461172211089 263802.9309335434 6576.925455729166
1.5598567101858838 262277.00120268145 6533.695638020832
1.5598673018849483 264683.5952250588 6509.049316406249
1.5598778923188856 262280.0481497982 6501.986328125
1.5598884814882794 260390.20275266276 6469.703938802083
1.5598990693937123 258814.1429717688 6427.382486979166
1.5599096560357677 263327.47475977836 6375.281901041666
1.5599202414150288 268605.5926002142 6371.414062499999
1.5599308255320787 270576.2648378139 6357.34033203125
1.5599414083875007 271735.41787197767 6348.412272135416
1.5599519899818775 272366.38163937756 6289.27685546875
1.5599625703157918 271336.6206126298 6259.513834635416
1.5599731493898268 270986.24787157204 6241.819661458333
1.5599837272045651 270005.97316764895 6232.487955729166
1.5599943037605897 268020.77308382734 6197.344075520833
1.560004879058483 268533.5427878059 6193.111653645833
1.5600154530988282 272114.73474213504 6203.544270833333
1.5600260258822076 274043.3899677099 6225.70361328125
1.5600365974092036 269952.26314870024 6196.955891927082
1.5600471676803989 261427.84278156297 6189.153645833333
1.5600577366963755 260190.74271726114 6190.667805989582
1.5600683044577166 260908.09969085437 6202.463867187499
1.560078870965004 264332.0757072129 6205.645345052083
1.5600894362188193 262551.0967092946 6175.086588541666
1.5601000002197465 263371.9327091226 6153.1875
1.560110562968366 265410.58786042174 6122.019368489583
1.5601211244652604 268581.18475282635 6136.5009765625
1.5601316847110132 266779.5422297054 6122.6298828125
1.5601422437062042 264094.66352254106 6102.74462890625
1.560152801451417 266205.8161646151 6138.06884765625
1.5601633579472323 267287.2259833907 6210.6279296875
1.560173913194233 265554.11420090636 6262.567545572916
1.5601844671930003 261449.3228697332 6242.06103515625
1.5601950199441164 260949.06950590294 6209.385579427083
1.560205571448162 263116.59490629216 6225.507649739583
1.56021612170572 266149.1878280262 6267.963541666666
1.560226670717371 265774.7404338656 6208.321940104166
1.5602372184836972 264468.95836230647 6126.322428385416
1.5602477650052802 260933.93600420983 6038.089029947916
1.5602583102827001 263026.6464317166 6057.215983072916
1.5602688543165397 263728.95138979144 6037.20849609375
1.56027939710738 265256.7767667843 6019.80908203125
1.560289938655802 264854.7206380938 5988.548828125
1.5603004789623867 262965.15439847455 5978.910319010416
1.5603110180277155 260945.75601945174 5972.71826171875
1.56032155585237 259121.75690770472 5964.63818359375
1.5603320924369304 261720.66682961903 5982.68017578125
1.560342627781978 262166.5669237499 5964.41845703125
1.5603531618880941 264401.5824505294 5984.828125
1.5603636947558592 265236.6007549831 5986.149088541666
1.5603742263858542 266651.56463632453 6001.760091145833
1.5603847567786597 267252.59341613716 6009.994791666666
1.5603952859348564 265012.4989040406 5972.49072265625
1.5604058138550254 262959.86411987914 5927.488606770833
1.5604163405397475 262068.2416796272 5892.603515625
1.5604268659896023 264440.54928698036 5928.9775390625
1.560437390205172 263465.26870602084 5939.341796875
1.5604479131870348 263094.78261904843 5932.148763020833
1.5604584349357729 265374.70441824617 5921.961751302083
1.560468955451965 270513.8751567872 5916.834798177083
1.5604794747361932 272641.25754883303 5927.8896484375
1.5604899927890368 270156.34386760235 5941.846516927083
1.5605005096110762 268148.84303266654 5975.123046875
1.5605110252028913 268879.55641477654 5982.2744140625
1.560521539565062 273582.3117868085 5989.067057291666
1.5605320526981692 277269.15870130993 5987.205891927083
1.560542564602792 274643.2587532534 5964.193684895833
1.560553075279511 265982.4001889775 5918.882649739583
1.560563584728905 262022.52926000848 5909.714680989583
1.560574092951555 261815.47531178256 5910.27490234375
1.56058459994804 263349.3657178294 5931.871419270833
1.5605951057189404 265159.3569672897 5916.931966145833
1.5606056102648358 265063.20303861203 5888.162760416666
1.5606161135863046 263975.19205893157 5838.867838541666
1.560626615683927 261150.78904914245 5833.460286458333
1.5606371165582835 261787.45234181965 5849.7216796875
1.5606476162099525 264332.470915375 5873.754069010416
1.5606581146395133 263384.5696351514 5867.197265625
1.5606686118475452 261372.4004969877 5848.7470703125
1.5606791078346285 258811.46430679964 5811.975423177083
1.5606896026013415 260885.92905252526 5788.503580729166
1.5607000961482635 261366.01977244986 5808.09521484375
1.5607105884759738 260260.6686079385 5801.4208984375
1.5607210795850512 256815.53019453908 5770.849446614583
1.5607315694760748 254349.62173172738 5725.420247395833
1.5607420581496239 257177.9631033809 5722.8994140625
1.560752545606277 260697.10575461344 5753.0029296875
1.5607630318466128 263751.2304892499 5774.739583333333
1.56077351687121 263383.40331453737 5788.345377604166
1.5607840006806486 261773.93455608585 5772.227376302083
1.560794483275506 258823.4683380185 5748.6875
1.5608049646563615 259790.3475152562 5742.042805989583
1.560815444823793 258269.65929098584 5754.360026041666
1.5608259237783795 259271.3714610388 5771.544921875
1.560836401520699 259001.08788901943 5758.365234375
1.5608468780513303 260559.2389455826 5757.287109375
1.5608573533708525 260866.07885091004 5760.918782552083
1.5608678274798424 259996.9062569748 5787.984049479166
1.5608783003788795 259799.2881160656 5791.415690104166
1.5608887720685414 257639.79102481564 5767.484212239583
1.5608992425494062 256897.19453945535 5724.2900390625
1.5609097118220525 257341.39012751152 5708.679850260416
1.560920179887058 259435.71366492315 5732.716796875
1.5609306467450004 259235.43412665828 5763.9150390625
1.5609411123964578 257920.69530553155 5770.245279947916
1.5609515768420092 258616.48698716672 5794.803873697916
1.5609620400822302 260892.8304806061 5799.931966145833
1.5609725021177006 259823.23128549516 5791.37744140625
1.560982962948997 257830.96297082852 5748.237630208333
1.5609934225766975 256060.99977356027 5717.3056640625
1.5610038810013795 258962.18876858611 5715.67626953125
1.5610143382236208 260875.27895578477 5753.379231770833
1.5610247942439983 260148.63262976357 5777.649739583333
1.5610352490630905 260266.1029636413 5787.255208333333
1.5610457026814737 260524.25521714572 5795.938151041666
1.5610561550997262 261016.62770491297 5834.342447916666
1.5610666063184249 258294.0406343916 5831.886067708333
1.5610770563381469 256714.83544998558 5796.559244791666
1.5610875051594693 258089.28160462368 5743.797037760416
1.5610979527829691 259594.29843036068 5730.2646484375
1.561108399209224 260716.66694777744 5747.643717447916
1.5611188444388109 258796.02134501064 5746.843098958333
1.5611292884723063 258644.23484912797 5734.717610677083
1.5611397313102873 258890.14475041506 5702.998860677083
1.5611501729533312 262356.4860117835 5710.900065104166
1.5611606134020142 260767.77219221895 5672.820638020833
1.5611710526569134 259811.08789060978 5648.415690104166
1.5611814907186055 258171.72745264514 5644.323893229166
1.5611919275876667 258252.06708888407 5677.637044270833
1.5612023632646739 257880.27394488093 5715.53759765625
1.561212797750204 254832.70363643375 5716.603841145833
1.5612232310448328 256972.70497708843 5769.89892578125
1.5612336631491373 259209.16519762875 5863.4453125
1.5612440940636938 260578.69187579263 5996.678548177083
1.5612545237890783 256667.33826816743 6091.810221354166
1.561264952325867 253244.20976741295 6116.380859375
1.5612753796746373 251786.76397628945 6041.350748697916
1.5612858058359638 253219.65065934672 5914.729817708333
1.561296230810423 255124.29363982068 5804.644694010416
1.5613066545985916 260547.50994714192 5745.253743489583
1.5613170772010454 266236.05368076055 5740.348307291666
1.5613274986183594 267622.3292566023 5694.419759114583
1.561337918851111 267612.07229192427 5684.23828125
1.5613483378998751 266140.7620077907 5721.524251302083
1.5613587557652273 268363.8742560666 5842.404459635416
1.561369172447744 264596.51143418526 5946.468587239583
1.5613795879480006 263337.1194967865 6040.738932291666
1.5613900022665725 262384.6127841963 6069.537434895833
1.5614004154040357 268309.14354232006 6043.56005859375
1.5614108273609657 270757.5204253346 5921.92822265625
1.561421238137938 270991.670536372 5793.556966145833
1.5614316477355272 268400.1697967283 5698.158365885416
1.5614420561543094 267647.1623646823 5649.906575520833
1.5614524633948599 266509.08263810334 5629.686686197916
1.561462869457754 266612.8247499373 5640.358235677083
1.5614732743435658 267060.4944213658 5643.083658854166
1.5614836780528722 268717.2985866463 5636.343587239583
1.5614940805862474 267823.49980758043 5617.515299479166
1.561504481944266 264845.2999201064 5594.487467447916
1.5615148821275036 266127.8740438913 5598.757161458333
1.5615252811365352 269666.4859474577 5623.126627604166
1.5615356789719355 272441.7591076166 5653.268391927083
1.5615460756342787 268725.6160333579 5629.474772135416
1.5615564711241412 264975.0877912905 5581.271321614583
1.561566865442096 265205.8270925215 5559.81005859375
1.5615772585887182 267937.226671139 5570.227213541666
1.5615876505645832 269079.20592024503 5595.876953125
1.5615980413702644 266561.3793606487 5590.682454427083
1.5616084310063374 266136.5924474343 5599.287272135416
1.561618819473376 266890.39848546113 5587.783854166666
1.5616292067719546 269885.6440242104 5610.391764322916
1.5616395929026474 270377.03841614857 5603.90234375
1.5616499778660298 267477.1238657691 5589.244466145833
1.5616603616626743 266875.66228500067 5566.638997395833
1.5616707442931563 263387.1834278643 5548.30419921875
1.5616811257580496 265278.22477748414 5561.8125
1.561691506057928 264723.2447392009 5558.416015625
1.561701885193366 263505.02126119693 5554.518391927083
1.5617122631649372 261316.01180578498 5543.451985677083
1.5617226399732158 262073.38793014202 5548.344563802083
1.5617330156187748 264819.2770201776 5534.356119791666
1.5617433901021902 265378.8625729028 5537.933430989583
1.5617537634240335 264584.2441490676 5540.598470052083
1.5617641355848786 263172.92216258985 5532.541015625
1.5617745065853001 260363.79557064094 5503.500162760416
1.5617848764258715 260394.69163768837 5479.632161458333
1.5617952451071653 262833.7013724053 5492.90869140625
1.561805612629756 265634.9635247993 5486.439778645833
1.5618159789942168 263532.22732954804 5489.83251953125
1.5618263442011207 262253.79506816366 5516.6826171875
1.561836708251042 266614.98471496894 5557.033528645833
1.5618470711445522 271041.53555867897 5569.751302083333
