igrins/spectra/ux_sex_H_20190410.ecsv
# %ECSV 0.9
# ---
# datatype:
# - name: WAVELENGTH
#   unit: um
#   datatype: float64
# - name: FLUX
#   datatype: float64
# - name: ERROR
#   datatype: float64
# schema: astropy-2.0
WAVELENGTH FLUX ERROR
[from data line 24245]
1.6997915633660963 239222.24637232127 11269.809648937553
1.6998036389865936 nan nan
1.6998157130298228 nan nan
1.6998277854963522 nan nan
1.69983985638675 nan nan
1.6998519257015845 250463.56558076298 7724.552734375
1.699863993441423 239043.14557291355 7646.92431640625
1.6998760596068356 238122.70665161352 7715.87939453125
1.6998881241983894 243460.22847504463 7731.56201171875
1.6999001872166546 245591.94467000998 7749.38037109375
1.6999122486621985 250343.45664314745 7815.7841796875
1.6999243085355908 240166.48574862612 7694.12451171875
1.6999363668374017 239465.6728192061 7599.09521484375
1.6999484235681985 248914.74665417688 7705.892578125
1.699960478728552 243456.066117098 7566.34033203125
1.6999725323190318 251845.00324438594 7711.0380859375
1.6999845843402066 250996.85032827166 7697.76708984375
1.6999966347926474 245481.56504115084 7568.5625
1.7000086836769235 248312.4001233514 7622.044921875
1.700020730993605 246512.48450720278 7543.85888671875
1.7000327767432626 240458.09638537903 7406.52783203125
1.7000448209264665 241547.60827454395 7368.47021484375
1.7000568635437865 236897.13444466738 7379.95166015625
1.7000689045957944 227956.42793201658 7256.515625
1.7000809440830602 244644.0674043592 7302.18798828125
1.7000929820061559 244127.7756653865 7306.24609375
1.700105018365651 242318.03528905893 7323.94677734375
1.700117053162118 243967.198906165 7239.2333984375
1.7001290863961276 234644.88521634272 7224.8642578125
1.7001411180682517 226397.66275911382 7226.775390625
1.7001531481790613 237314.62346902146 7275.8388671875
1.7001651767291288 223934.52047126915 7127.8095703125
1.7001772037190266 245576.56253397532 7078.796875
1.7001892291493252 234621.53311535282 7104.8955078125
1.7002012530205983 228633.76348283212 7143.72705078125
1.7002132753334174 232561.24899843184 7198.45654296875
1.7002252960883546 239227.53528941225 7276.06640625
1.7002373152859835 230017.50924366844 7116.75244140625
1.7002493329268762 227336.45383366835 7070.1435546875
1.7002613490116056 243781.4913497805 7199.05029296875
1.7002733635407454 245087.14913318565 7250.533203125
1.7002853765148678 243054.38591988359 7130.130859375
1.7002973879345467 243054.9331906427 7163.62890625
1.7003093978003543 241865.38218263772 7122.19287109375
1.7003214061128664 236607.2984974365 6950.94482421875
1.7003334128726544 234473.11251350373 6892.3662109375
1.7003454180802944 238933.75376184128 6933.79833984375
1.7003574217363584 248699.5789174711 6897.09228515625
1.7003694238414209 242055.03221069492 6951.1904296875
1.7003814243960576 232660.18388676087 6908.58984375
1.7003934234008409 249683.08072852783 6983.37890625
1.7004054208563468 240776.1149608465 7060.81787109375
1.7004174167631487 240027.1026021086 6966.59912109375
1.7004294111218226 241750.03942708805 6927.95751953125
1.7004414039329427 254590.70966347068 6942.7158203125
1.7004533951970848 242688.15224808242 6981.8994140625
1.7004653849148226 247373.64234220036 7104.32373046875
1.7004773730867335 243970.43276088906 6880.955078125
1.7004893597133917 242631.53659239464 6897.58056640625
1.7005013447953727 244581.35071785728 6955.9951171875
1.7005133283332532 238186.1012100892 6930.529296875
1.7005253103276083 236794.69070362352 6908.62451171875
1.7005372907790148 241064.58539493076 6919.97802734375
1.7005492696880473 256014.11602943897 7060.75537109375
1.7005612470552836 249885.19024629655 6966.9501953125
1.7005732228812998 251479.13639866145 6955.9853515625
1.7005851971666728 250245.58322570787 6926.43408203125
1.7005971699119784 248570.49420425293 6984.12158203125
1.7006091411177937 243353.01486657697 6932.0263671875
1.700621110784697 244949.6958802618 6894.13623046875
1.7006330789132635 249830.80828252473 6890.06494140625
1.7006450455040723 249367.24640633218 7019.9599609375
1.7006570105576995 242607.52023103694 6906.19482421875
1.700668974074723 235357.50715455355 6885.34765625
1.7006809360557207 237265.56354743877 7043.18408203125
1.7006928965012706 244600.57534470258 7270.123046875
1.7007048554119504 246969.12248753262 7095.8349609375
1.7007168127883379 242680.30290557366 7078.392578125
1.700728768631011 239792.04226011972 7230.478515625
1.7007407229405505 234498.84151236247 7364.21728515625
1.7007526757175315 237324.47259422412 7412.421875
1.7007646269625352 233741.67662128893 7367.224609375
1.7007765766761387 227051.6457807914 7629.005859375
1.7007885248589227 235596.5019062456 8767.1337890625
1.700800471511465 228292.2276398798 13148.0869140625
1.7008124166343446 234688.5602208525 20004.3359375
1.7008243602281417 244247.94816530152 23755.458984375
1.7008363022934354 227548.47614575137 25920.453125
1.7008482428308052 210416.22956430697 25743.166015625
1.7008601818408313 232639.2309465112 24120.447265625
1.7008721193240928 235339.3731112737 23005.341796875
1.7008840552811708 248707.9933577666 24077.576171875
1.7008959897126448 230813.56265827952 26249.810546875
1.700907922619095 249380.5560060191 28082.525390625
1.7009198540011026 253360.66583519377 27331.875
1.7009317838592464 229457.1505539595 24331.001953125
1.7009437121941091 235222.18164466813 16314.6181640625
1.7009556390062714 230598.29595413452 10108.287109375
1.7009675642963131 235431.1939086632 8253.9541015625
1.7009794880648164 239110.37566226182 7516.14990234375
1.700991410312362 243449.30099162986 7283.51318359375
1.7010033310395307 236183.68521841516 7038.09521484375
1.7010152502469054 241564.38787708225 7036.86328125
1.7010271679350673 236499.4260673357 6888.9248046875
1.7010390841045977 243917.92897758647 6903.95654296875
1.7010509987560791 245489.52856980704 6839.494140625
1.7010629118900935 250900.94316988374 6902.51904296875
1.7010748235072235 248847.55207026534 6951.7734375
1.7010867336080506 241464.72386333693 6939.8740234375
1.7010986421931582 237125.0191847064 6721.75341796875
1.701110549263128 242093.29034762655 6743.8837890625
1.7011224548185433 242499.73232386683 6662.54248046875
1.7011343588599876 237523.51837025853 6531.72021484375
1.7011462613880428 240303.05957774443 6490.1201171875
1.7011581624032934 251748.78755028412 6502.46240234375
1.7011700619063215 245887.12009919694 6425.32763671875
1.7011819598977114 244544.71699327172 6440.2255859375
1.7011938563780464 242362.05288840274 6442.79541015625
1.7012057513479102 249227.07711237486 6411.80224609375
1.7012176448078873 252135.46587949706 6351.9990234375
1.7012295367585604 256875.2375846082 6403.41552734375
1.7012414272005154 258806.89776548048 6345.9443359375
1.701253316134335 247839.54329688274 6365.70263671875
1.7012652035606044 245052.9631429978 6419.130859375
1.701277089479908 245137.693234862 6653.9853515625
1.701288973892831 247809.7763340753 6687.59619140625
1.7013008567999577 246804.58223475504 6868.97265625
1.701312738201873 253778.49944984526 6958.54541015625
1.7013246180991621 244186.80750820297 6912.90576171875
1.7013364964924111 238341.4345194151 6803.3056640625
1.7013483733822043 243173.48591178094 6561.47998046875
1.7013602487691282 244109.839338414 6392.95361328125
1.7013721226537677 249401.21284380686 6226.06689453125
1.7013839950367087 245614.32450367842 6199.9990234375
1.7013958659185378 239029.9340888876 6134.26953125
1.7014077352998402 231578.01637106683 6091.83935546875
1.7014196031812026 237807.8037359495 6069.8916015625
1.7014314695632113 230117.62360644666 6047.68701171875
1.7014433344464535 233370.23028871664 6052.64306640625
1.7014551978315144 235820.98063879283 6028.68115234375
1.7014670597189823 236208.7610874865 6020.20263671875
1.701478920109443 230363.83617487826 5968.9697265625
1.701490779003484 228646.15697800284 5927.201171875
1.7015026364016923 233168.24534097523 5967.12548828125
1.7015144923046557 239120.71525620169 5953.17919921875
1.701526346712961 234302.91005053167 5920.8642578125
1.7015381996271963 227598.28360252845 5874.23486328125
1.7015500510479495 231787.9256862608 5870.94970703125
1.7015619009758076 228886.99480688106 5844.4560546875
1.7015737494113599 227024.3974099268 5816.232421875
1.7015855963551934 226754.73563242092 5811.83544921875
1.701597441807897 232142.8523280111 5895.36181640625
1.7016092857700593 228353.2654438708 5880.427734375
1.7016211282422684 229121.53059870555 5821.39013671875
1.701632969225113 219193.5779316115 5842.4326171875
1.7016448087191824 229983.9045147663 5834.306640625
1.701656646725065 226423.7758703977 5774.2236328125
1.7016684832433504 217801.58779077197 5751.49462890625
1.701680318274628 228559.8402773371 5861.49072265625
1.7016921518194863 239212.5371105415 5939.81884765625
1.701703983878516 237297.16231790357 5846.89306640625
1.701715814452306 223353.303681892 5680.98193359375
1.7017276435414461 223526.3906982948 5604.67626953125
1.7017394711465266 225149.557532544 5603.82177734375
1.7017512972681375 226921.40297565918 5669.32470703125
1.7017631219068692 225361.25811882768 5587.0546875
1.7017749450633115 214821.9498108731 5467.7763671875
1.7017867667380557 216451.0484539095 5569.53125
1.701798586931692 221377.51230541538 5595.09375
1.7018104056448107 223763.18756831187 5581.43994140625
1.701822222878003 224390.71491929016 5631.25244140625
1.701834038631861 227250.2351783325 5647.41650390625
1.701845852906974 222944.84500431386 5621.8330078125
1.701857665703935 222231.0263505441 5609.88525390625
1.7018694770233347 221967.97221565817 5571.408203125
1.701881286865765 225497.19311821533 5611.55810546875
1.7018930952318176 230458.95584424623 5658.8173828125
1.7019049021220836 235262.12111959545 5634.841796875
1.7019167075371557 228320.07605328024 5572.9111328125
1.7019285114776266 233234.59646288116 5583.11572265625
1.7019403139440878 231096.06062284874 5617.23876953125
1.7019521149371317 228288.11618390118 5547.05126953125
1.701963914457351 237140.92932999527 5567.388671875
1.7019757125053387 239970.35215369455 5606.89453125
1.7019875090816876 233899.1984806718 5555.82958984375
1.70199930418699 234856.32614589974 5604.3203125
1.70201109782184 233303.4666810471 5568.6474609375
1.70202288998683 242579.9876247061 5533.38916015625
1.7020346806825541 237614.81898340624 5517.5322265625
1.7020464699096056 236560.429139523 5502.01318359375
1.7020582576685779 240496.45759268396 5548.0595703125
1.702070043960065 237404.08265921206 5546.5546875
1.7020818287846604 239002.75326218174 5486.54443359375
1.7020936121429588 242100.1142323754 5509.322265625
1.7021053940355544 263577.9924405871 5650.61572265625
1.7021171744630412 281076.9475381469 6026.7763671875
1.7021289534260144 268338.85612785304 5842.0576171875
1.7021407309250676 236102.11035542534 5548.974609375
1.7021525069607963 234136.23145498376 5474.9609375
1.7021642815337954 242070.15258639248 5553.71728515625
1.7021760546446594 240693.6660992484 5546.041015625
1.7021878262939838 231170.55242897378 5454.0859375
1.7021995964823642 242283.96501616904 5494.0810546875
1.702211365210395 232451.97605536706 5404.9970703125
1.7022231324786736 240460.32832527134 5467.0654296875
1.7022348982877942 230694.0338748534 5415.63818359375
1.702246662638354 233176.77552411656 5404.23095703125
1.7022584255309472 231917.8222302774 5350.28173828125
1.702270186966171 229439.24524323162 5335.39892578125
1.702281946944622 225653.60402430166 5310.29150390625
1.7022937054668965 240740.48727378953 5455.5283203125
1.70230546253359 240993.6612125225 5455.87109375
1.7023172181453008 236559.91507177288 5451.36328125
1.7023289723026245 237096.05672421565 5428.8603515625
1.702340725006159 232117.43645109297 5411.8310546875
1.7023524762565008 238902.75330292038 5418.1435546875
1.7023642260542469 234588.74216197885 5409.4384765625
1.7023759743999953 233650.8714548289 5417.1787109375
1.7023877212943435 232014.62451613054 5360.68798828125
1.7023994667378886 234299.86740311628 5349.142578125
1.7024112107312288 244112.1769131607 5288.1025390625
1.7024229532749624 239681.92240159409 5257.12255859375
1.7024346943696869 242539.33770317462 5271.99658203125
1.7024464340160006 241041.1131465321 5305.02490234375
1.702458172214502 239628.75293240184 5247.0556640625
1.7024699089657893 240106.711088901 5288.5078125
1.7024816442704616 234785.44013361132 5203.02294921875
1.702493378129117 233380.93407083786 5297.3447265625
1.7025051105423559 234604.77365425995 5307.7509765625
1.7025168415107752 240896.4610875404 5306.00048828125
1.7025285710349753 233590.8738614984 5278.07666015625
1.7025402991155558 236427.29155737802 5324.3046875
1.7025520257531157 240573.91631649152 5372.07470703125
1.702563750948254 240576.88800523386 5358.40966796875
1.7025754747015713 243924.7654328617 5253.30126953125
1.7025871970136675 236182.80002773707 5219.48876953125
1.702598917885142 244991.3632765411 5335.26171875
1.7026106373165952 251708.1357955298 5327.306640625
1.702622355308628 243037.2702424207 5297.74560546875
1.7026340718618398 243270.3304304906 5319.59130859375
1.7026457869768317 250792.958521228 5308.251953125
1.7026575006542037 240059.02349218738 5275.203125
1.7026692128945575 237570.11292932046 5229.83642578125
1.7026809236984943 245522.62248543155 5277.05078125
1.702692633066614 258226.54743331886 5296.24658203125
1.7027043409995182 248581.54161177544 5234.0888671875
1.70271604749781 242584.20956931004 5179.6123046875
1.7027277525620883 242331.81815038316 5211.76416015625
1.7027394561929567 240572.39552491967 5296.8671875
1.702751158391016 245797.49807385757 5286.1923828125
1.7027628591568682 245625.53108788 5371.244140625
1.7027745584911156 238641.0758726442 5339.42333984375
1.7027862563943605 242462.44710040124 5294.0400390625
1.7027979528672053 245375.30296941393 5285.12109375
1.702809647910252 252859.64516884237 5341.76513671875
1.7028213415241038 249323.74769674143 5288.87841796875
1.702833033709363 241874.74498122084 5242.79541015625
1.702844724466633 247495.88542251108 5227.34619140625
1.702856413796516 245560.8682589008 5253.06591796875
1.7028681016996159 245129.14965785053 5241.650390625
1.702879788176536 247228.38608759214 5214.251953125
1.7028914732278795 242163.99740143993 5169.66552734375
1.70290315685425 248857.63028555893 5179.16162109375
1.7029148390562512 246810.8752708559 5151.5693359375
1.7029265198344865 247438.30253236214 5123.86083984375
1.702938199189561 243228.4478346563 5060.84326171875
1.7029498771220781 242470.45274244752 5015.3671875
1.7029615536326423 251724.8827957252 5111.60498046875
1.7029732287218582 251659.1312824884 5053.82080078125
1.7029849023903298 245384.26283364295 5033.69677734375
1.7029965746386617 249230.26731933784 5028.8388671875
1.7030082454674595 240542.70371068298 5019.30029296875
1.703019914877328 244490.5377733106 5051.15380859375
1.7030315828688714 243334.67212467987 5027.9990234375
1.7030432494426957 247048.7069143964 5064.59619140625
1.7030549145994063 244808.1301399979 5094.17724609375
1.7030665783396086 243514.47155179598 5061.208984375
1.7030782406639087 238547.7912849088 5068.72509765625
1.7030899015729113 243332.9303627838 5068.4892578125
1.703101561067223 243135.7744990018 5011.3447265625
1.70311321914745 240423.9558693967 4963.81298828125
1.703124875814198 237265.62039458833 5045.607421875
1.703136531068074 245635.96677805882 5024.1103515625
1.703148184909684 239306.07157934335 4952.02880859375
1.7031598373396342 244473.66068112137 4973.40087890625
1.703171488358533 243183.4201602577 4988.251953125
1.7031831379669853 241840.1314060347 5016.96728515625
1.7031947861655994 241146.8523236793 5049.14501953125
1.7032064329549814 245177.37735690287 5029.2958984375
1.70321807833574 246297.1713754887 5024.5634765625
1.7032297223084811 248686.6803712565 5000.9404296875
1.703241364873814 249337.24211085736 5054.3564453125
1.703253006032345 252920.2410990903 5054.07373046875
1.703264645784683 246180.88101850508 4988.623046875
1.7032762841314348 238584.0764206494 4901.1982421875
1.7032879210732097 242784.1829066892 4957.34619140625
1.703299556610615 248465.62347414964 4893.63134765625
1.70331119074426 246477.8099580373 4926.90869140625
1.7033228234747524 246341.45294172878 4928.3388671875
1.7033344548027018 250494.96524915678 4971.47021484375
1.703346084728716 241781.43409016152 4931.62109375
