igrins/spectra/ux_sex_K_20190410.ecsv
# %ECSV 1.0
# ---
# datatype:
# - {name: WAVELENGTH, unit: um, datatype: float64}
# - {name: FLUX, datatype: float64}
# - {name: ERROR, datatype: float64}
# schema: astropy-2.0
WAVELENGTH FLUX ERROR
[from data line 18280]
2.239658927340435 114484.52405992142 5284.822265625
2.239675694672173 111439.30707599566 5353.46728515625
2.239692460036412 114033.69990782201 5319.62060546875
2.2397092234331537 116080.17490884266 5440.7080078125
2.2397259848624 120680.2040454004 5482.7568359375
2.2397427443241535 119603.76701308503 5431.1328125
2.239759501818418 116040.26475762812 5507.8505859375
2.2397762573451963 112144.27845571963 5362.59228515625
2.2397930109044903 111556.73061950553 5309.2529296875
2.2398097624963036 112159.7009530784 5135.92822265625
2.2398265121206413 110655.25629005782 5076.1142578125
2.239843259777504 110296.2533670344 5063.65283203125
2.239860005466896 110846.72372054694 5138.2509765625
2.2398767491888223 111860.18480011544 5212.357421875
2.239893490943286 113664.90354115656 5089.533203125
2.2399102307302905 111849.4177412214 5061.8681640625
2.2399269685498413 111108.9942710482 4984.40673828125
2.239943704401942 108462.14140755666 5078.03759765625
2.2399604382865963 110116.30208093117 5111.060546875
2.23997717020381 110629.10621391938 5057.43310546875
2.239993900153586 112636.45262577824 5067.3876953125
2.240010628135932 112732.87947597454 5061.03076171875
2.2400273541508504 113616.01529513132 5089.13427734375
2.240044078198348 112596.52228470113 5163.771484375
2.240060800278429 113496.8192220746 5038.677734375
2.240077520391099 114022.24371505348 5098.5810546875
2.240094238536363 114866.30813857506 5150.13623046875
2.240110954714228 113821.65900135628 5104.14697265625
2.2401276689247 115558.11638447261 5101.90087890625
2.2401443811677817 114863.61303274878 5177.71044921875
2.2401610914434835 115620.1107299247 5140.66552734375
2.2401777997518093 115102.20306466016 5114.77734375
2.2401945060927657 118622.94482678678 5215.30029296875
2.240211210466359 120349.054112096 5207.19580078125
2.2402279128725957 119179.47772873726 5323.14990234375
2.240244613311484 115435.30020522556 5414.255859375
2.24026131178303 113639.29371234315 5643.1884765625
2.2402780082872398 114047.96406424652 5720.4189453125
2.240294702824122 114865.13430449403 5590.75732421875
2.240311395393683 115271.2175030904 5679.8974609375
2.240328085995931 116353.87367659173 5701.83935546875
2.240344774630874 116935.57413294396 5650.037109375
2.2403614612985177 117730.79161680826 5356.376953125
2.2403781459988723 117198.557090994 5160.9306640625
2.240394828731944 114016.56909206191 5037.2041015625
2.2404115094977413 114966.74165931708 5008.98828125
2.2404281882962747 114508.51697987161 4995.66748046875
2.24044486512755 115434.37831716824 4964.71728515625
2.240461539991578 113358.29132754751 5051.18212890625
2.2404782128883642 114326.88090260609 5049.55615234375
2.240494883817921 117725.8820222449 4996.6171875
2.2405115527802546 117123.9284112039 4987.705078125
2.2405282197753755 116259.66329011439 5055.072265625
2.240544884803294 115246.6209135743 5061.70361328125
2.240561547864018 114194.13299766759 5097.5283203125
2.2405782089575577 112360.59455037702 5049.76123046875
2.2405948680839223 112652.57522651211 5078.681640625
2.2406115252431222 115955.86603815135 5202.20361328125
2.2406281804351664 118183.49952683123 5138.77490234375
2.2406448336600664 117033.28722065635 5069.79736328125
2.240661484917832 115460.21825494926 5030.38330078125
2.2406781342084723 115486.08389261585 5031.177734375
2.2406947815320004 115899.68472819959 5064.44580078125
2.2407114268884243 116210.54336054005 5035.791015625
2.2407280702777563 116087.18006424644 5070.5712890625
2.2407447117000077 116001.43257117842 5086.25244140625
2.2407613511551876 115005.91799900238 5065.015625
2.24077798864331 113020.90071536897 5072.6533203125
2.240794624164385 111460.54023985045 5020.7001953125
2.2408112577184225 110350.64160431291 4925.49560546875
2.2408278893054363 111755.51375744869 4890.13427734375
2.2408445189254373 114231.43460537505 5000.26123046875
2.240861146578438 115941.35412000206 5018.5009765625
2.2408777722644504 116679.49048240628 4932.56201171875
2.240894395983486 114907.54322077276 5017.35791015625
2.240911017735558 112631.0310257467 5021.8251953125
2.2409276375206777 106170.9225552842 5043.59375
2.2409442553388588 102838.88969266936 4892.70751953125
2.2409608711901137 102887.8325752325 4889.36181640625
2.2409774850744557 107672.22063922638 4941.30029296875
2.2409940969918964 109826.18816037512 4990.96044921875
2.2410107069424505 109364.11997784508 5098.83837890625
2.241027314926131 108866.68525867772 5140.77783203125
2.241043920942951 110707.22229551742 5077.61572265625
2.2410605249929243 113481.02032484958 5095.17431640625
2.2410771270760645 113681.76089183922 5052.72216796875
2.241093727192387 112902.61509754241 4971.5458984375
2.2411103253419022 111248.91753853347 4978.845703125
2.2411269215246277 112372.57384878806 5040.474609375
2.241143515740576 113316.12152838253 5055.240234375
2.2411601079897627 111942.11746678216 5039.92919921875
2.2411766982722012 108082.36022435458 5087.80419921875
2.241193286587907 103894.36561043224 5122.1240234375
2.2412098729368948 103765.97481562881 5029.30029296875
2.2412264573191796 107209.68107652932 5105.33642578125
2.241243039734776 111538.86319232476 5197.2890625
2.2412596201836994 114274.80969758582 5187.80224609375
2.241276198665966 113616.59924691216 5187.66162109375
2.2412927751815914 112392.3612154033 4999.97021484375
2.2413093497305896 110394.40824467273 4957.0146484375
2.241325922312978 110101.13068479189 4959.330078125
2.2413424929287724 109919.03548247801 4951.6630859375
2.2413590615779877 112041.75213104484 5050.5712890625
2.2413756282606414 114630.68738306573 5095.88623046875
2.2413921929767495 115726.89124340408 5230.21923828125
2.2414087557263285 115753.78106261505 5250.04345703125
2.2414253165093947 115205.23647446134 5349.83544921875
2.241441875325966 115660.21803520135 5500.87353515625
2.2414584321760582 114859.75895866608 5542.9794921875
2.241474987059688 114014.93429562231 5641.7734375
2.241491539976874 115305.51746609135 5774.12060546875
2.2415080909276326 118683.74671856676 5729.3359375
2.2415246399119826 119582.31005621511 5680.29736328125
2.2415411869299398 119721.38053480379 5499.4130859375
2.2415577319815223 118661.21459991556 5485.04248046875
2.2415742750667493 116776.8915809305 5362.486328125
2.2415908161856377 114321.40942715101 5153.37939453125
2.2416073553382057 113591.36993615738 5115.24755859375
2.2416238925244723 114153.95296605065 5146.5849609375
2.2416404277444557 114951.95068835409 5083.71142578125
2.241656960998174 116249.22911853394 5123.978515625
2.241673492285646 116771.14457109646 5114.29931640625
2.241690021606892 116962.20627279085 5170.03515625
2.2417065489619294 115456.48003960626 5125.29638671875
2.2417230743507774 114147.22285133028 5024.3544921875
2.241739597773456 111645.52486339747 4973.97021484375
2.2417561192299846 108302.53055661863 4946.0693359375
2.241772638720383 108439.61503848486 4871.21728515625
2.241789156244669 112231.28662796634 4869.23828125
2.2418056718028656 116922.5969226581 4900.89306640625
2.2418221853949905 118561.41246309252 4958.3310546875
2.241838697021064 116301.73622659539 4979.47412109375
2.241855206681107 114292.13824226396 4942.6240234375
2.2418717143751405 115298.29759652435 4820.96923828125
2.241888220103183 115224.16259945721 4906.8427734375
2.241904723865257 114883.8441938352 4924.78662109375
2.241921225661383 113331.65128746448 4943.7099609375
2.241937725491582 115092.81494465249 4914.513671875
2.2419542233558745 116255.4271553851 4978.2021484375
2.2419707192542817 115254.01341331704 4902.728515625
2.2419872131868264 112312.74488951845 4879.2041015625
2.2420037051535284 111861.77278078793 4794.5048828125
2.2420201951544096 113384.48794884636 4849.232421875
2.2420366831894922 116363.93506944821 4814.09521484375
2.2420531692587997 115474.94828961171 4819.10302734375
2.242069653362351 114909.08539947214 4781.63037109375
2.2420861355001707 114198.903368513 4822.82666015625
2.2421026156722803 117374.24792611784 4833.35009765625
2.2421190938787023 118725.78251725787 4872.8310546875
2.24213557011946 118575.06333367444 4857.21044921875
2.242152044394575 116197.61953235757 4840.19580078125
2.242168516704071 116318.54367077671 4927.1513671875
2.242184987047971 116189.04452998201 4925.099609375
2.242201455426298 114909.02746346031 4866.943359375
2.242217921839075 113111.29476752033 4745.111328125
2.2422343862863263 112971.4204019253 4698.748046875
2.2422508487680752 114274.45638938257 4674.689453125
2.2422673092843444 113829.07208124538 4650.09765625
2.242283767835159 112180.49837648639 4701.76953125
2.2423002244205437 111254.92552821507 4820.1513671875
2.242316679040521 111702.05694962735 4718.486328125
2.2423331316951156 114132.48646899153 4690.87060546875
2.2423495823843527 115149.2842739795 4762.9716796875
2.242366031108256 114170.04548283458 4808.46240234375
2.24238247786685 112340.46299862248 4901.07763671875
2.242398922660161 111425.81821305101 4944.55859375
2.2424153654882133 112817.77186668874 4948.69189453125
2.2424318063510316 112630.27338249653 5042.50048828125
2.242448245248641 113913.88886759343 4912.33544921875
2.242464682181068 112873.04098017173 4904.65869140625
2.2424811171483374 114300.80308234738 4841.38134765625
2.2424975501504747 114032.99645594455 4730.48974609375
2.2425139811875066 116391.15024395699 4676.71923828125
2.242530410259458 117761.7063535522 4702.21142578125
2.2425468373663557 117338.14917767505 4702.27490234375
2.2425632625082255 114410.71830248629 4626.79736328125
2.242579685685094 111719.66063100459 4569.4423828125
2.2425961068969884 114188.71959617207 4587.19580078125
2.242612526143934 115720.70639464151 4602.6533203125
2.2426289434259585 116099.7484499499 4582.7255859375
2.242645358743089 113671.2726499392 4542.759765625
2.242661772095352 113770.27986468177 4557.78515625
2.242678183482775 112950.59389534255 4566.0078125
2.242694592905386 110200.17125173616 4503.36572265625
2.242711000363211 108143.63751686501 4508.580078125
2.2427274058562783 108853.35838054406 4527.4609375
2.2427438093846157 109001.57959769329 4570.91357421875
2.2427602109482527 107613.3842422654 4612.42138671875
2.2427766105472142 106257.03307618406 4600.2890625
2.2427930081815313 106107.16118808606 4569.8466796875
2.2428094038512305 105600.42131744434 4603.98828125
2.2428257975563413 106328.49246555794 4609.27783203125
2.2428421892968915 108273.8880236102 4714.3291015625
2.24285857907291 111797.7000110211 4835.55908203125
2.242874966884427 111906.6285474966 4923.3212890625
2.2428913527314696 112348.87067085828 4878.48291015625
2.2429077366140677 109662.26281722482 4873.75048828125
2.242924118532251 109134.40781538276 4938.11572265625
2.2429404984860497 110620.75718604054 4863.416015625
2.242956876475491 111873.44791284713 4811.65380859375
2.2429732525006063 111488.28593232225 4623.28857421875
2.2429896265614255 109343.32919956578 4647.658203125
2.243005998657978 108830.47326973113 4586.01171875
2.243022368790294 108445.77033810283 4561.95361328125
2.2430387369584044 108999.18492586544 4601.75390625
2.2430551031623387 111006.45226715243 4583.05517578125
2.243071467402129 115122.54806304863 4505.09423828125
2.243087829677804 116538.13659012545 4483.591796875
2.2431041899893955 116475.15237590394 4505.0537109375
2.2431205483369343 116406.04327900268 4472.005859375
2.243136904720452 115828.73605962464 4410.01904296875
2.2431532591399796 112834.90615497145 4420.37451171875
2.243169611595548 109696.10942117055 4306.8681640625
2.24318596208719 108893.66594929181 4274.802734375
2.2432023106149357 111856.65536115512 4306.138671875
2.2432186571788173 113067.48802105535 4280.0849609375
2.2432350017788676 112167.85880904272 4288.7529296875
2.2432513444151185 113222.03969664176 4327.61572265625
2.2432676850876 112568.26752285418 4347.15576171875
2.243284023796348 114555.9765097425 4379.3935546875
2.2433003605413933 113889.08161705597 4384.986328125
2.243316695322768 116380.70792011413 4412.919921875
2.2433330281405053 115879.64033691726 4434.5712890625
2.243349358994638 115367.05832146903 4416.5751953125
2.2433656878852006 113031.24789141299 4383.19677734375
2.2433820148122243 112319.58640472137 4445.33740234375
2.243398339775744 112684.0488993163 4419.46484375
2.243414662775792 111909.020302714 4348.0615234375
2.2434309838124022 111305.180058005 4357.1083984375
2.2434473028856083 111054.64533348024 4285.50634765625
2.243463619995444 111614.17037293338 4314.4619140625
2.243479935141945 111610.20224673515 4278.2529296875
2.243496248325143 109868.53922390443 4339.47998046875
2.2435125595450747 109381.45141945043 4286.27685546875
2.2435288688017723 107534.44889861069 4305.15869140625
2.2435451760952723 107468.24618186918 4279.00341796875
2.243561481425607 108796.91242867846 4299.31103515625
2.2435777847928144 110550.85575133795 4361.91357421875
2.2435940861969277 111824.81381306458 4381.58984375
2.243610385637982 110297.5142899132 4438.3037109375
2.243626683116013 111243.14716868075 4404.982421875
2.243642978631055 113308.21791976024 4486.62744140625
2.2436592721831463 113218.35172240992 4427.96728515625
2.24367556377232 112100.07946562071 4340.6767578125
2.2436918533986128 109930.5845111876 4330.5078125
2.2437081410620605 111324.96877293132 4417.59033203125
2.2437244267626997 112207.08902211918 4365.64404296875
2.243740710500566 111731.78745790299 4408.431640625
2.2437569922756957 111264.79780976742 4437.19189453125
2.243773272088127 110669.7820873567 4486.3486328125
2.2437895499378944 111312.72577189047 4470.54248046875
2.243805825825036 111641.25651521396 4418.56689453125
2.2438220997495884 112528.09091291288 4389.0
2.2438383717115884 110813.51066489055 4469.248046875
2.2438546417110743 109436.17294172756 4472.0234375
2.2438709097480816 107664.93745190097 4407.7724609375
2.2438871758226497 109318.57289503596 4351.20654296875
2.2439034399348152 110146.51054154019 4339.84619140625
2.2439197020846158 111814.36664474796 4391.09326171875
2.2439359622720905 113747.46026998859 4451.57763671875
2.2439522204972757 112011.01616142728 4557.083984375
2.243968476760211 110182.8590504462 4529.0634765625
2.2439847310609347 106716.0231923993 4874.7822265625
2.244000983399484 111968.39964056233 4952.685546875
2.244017233775899 112989.83884945992 4939.8173828125
2.2440334821902175 112669.64190691501 4926.10791015625
2.244049728642479 109634.1916823668 4657.58642578125
2.244065973132722 111424.2965589637 4423.2421875
2.2440822156609856 113928.69021022248 4421.18212890625
2.24409845622731 113930.25553421763 4293.63916015625
2.2441146948317336 111574.66461953575 4282.59814453125
2.244130931474297 110928.64193145242 4208.34814453125
2.24414716615504 109860.79754933441 4184.88525390625
2.2441633988740004 110506.30649893903 4179.87109375
2.2441796296312204 111672.00543453237 4099.40087890625
2.24419585842674 111340.95787252113 4090.071533203125
2.244212085260598 109439.27772668866 4136.42626953125
2.244228310132836 109252.56478154947 4111.26318359375
2.2442445330434944 113921.72870256641 4212.94287109375
2.244260753992614 119515.80170671814 4423.30419921875
2.2442769729802357 120048.67412949426 4589.119140625
2.2442931900064 117464.64161321042 4649.4931640625
2.244309405071148 115174.79787135225 4692.57373046875
2.2443256181745217 115605.87262493682 4575.43017578125
2.244341829316561 114572.3887914668 4533.59765625
2.24435803849731 110880.47281565439 4259.49560546875
2.244374245716808 108356.17115416614 4043.10302734375
2.244390450975098 109466.98790461823 4064.116943359375
2.2444066542722214 110459.57478797984 4017.55224609375
2.2444228556082213 109452.89335687977 3957.94287109375
2.244439054983138 107122.68688991726 4029.415771484375
2.244455252397016 109284.67237795456 3953.9208984375
2.244471447849896 111354.24040254031 3979.744140625
2.244487641341822 112679.64393296692 3904.69775390625
2.244503832872836 110430.82346717687 3895.054931640625
2.2445200224429813 108479.84777656573 3923.1201171875
2.244536210052302 108695.87335371572 3973.5341796875
2.2445523957008384 109087.7610458236 3903.9794921875
