igrins/spectra/ux_sex_K_20190410.ecsv
# %ECSV 0.9
# ---
# datatype:
# - {name: WAVELENGTH, unit: um, datatype: float64}
# - {name: FLUX, datatype: float64}
# - {name: ERROR, datatype: float64}
# schema: astropy-2.0
WAVELENGTH FLUX ERROR
[from data line 4121]
1.921151283029099 -687675.4882503243 -8750443.0
1.921164026788909 1712002.7217264178 -4899213.5
1.9211767688998531 1036192.9068370609 -792014.375
1.921189509361995 -2131999.425671213 -5491638.0
1.9212022481754016 -287788.9551900484 -2169993.75
1.921214985340136 -1080052.800652611 -3017520.75
1.9212277208562647 -544223.8828062569 1551229.75
1.9212404547238526 19442.563419432092 1331193.625
1.9212531869429679 1455412.0888352743 2545738.25
1.921265917513673 320045.67303408677 928114.375
1.9212786464360379 -268314.7568633714 948952.875
1.9212913737101271 -411645.0095481536 403794.6875
1.9213040993360089 236427.46478506553 421533.6875
1.9213168233137494 85298.17307017524 449451.625
1.9213295456434156 -66063.2275062493 270966.78125
1.9213422663250763 99072.43596926668 221812.546875
1.9213549853587988 320745.89488035446 221925.171875
1.9213677027446507 128128.35535694686 195121.328125
1.921380418482701 43158.98302014007 195860.90625
1.9213931325730185 163426.59898143436 117243.2578125
1.9214058450156701 81541.67632719528 104142.484375
1.9214185558107277 57415.300851914246 85431.546875
1.921431264958258 27925.257148597615 81586.515625
1.921443972458332 72882.9078384643 72915.375
1.921456678311019 138837.71629822277 66374.375
1.9214693825163887 85629.72268889628 61431.30078125
1.9214820850745111 121529.68968669635 60551.609375
1.9214947859854574 158346.25420097582 57290.8125
1.9215074852492973 158623.63469953396 60515.23046875
1.921520182866103 154006.40708474425 68416.1015625
1.9215328788359445 158100.54213700327 97011.5859375
1.921545573158894 142943.55323737982 145497.03125
1.921558265835022 -104917.11254403577 191247.109375
1.921570956864402 -96367.08653180781 311795.15625
1.9215836462471048 -71472.17742450107 373457.75
1.9215963339832027 285935.33884868654 317702.21875
1.921609020072769 -175678.1389394585 313988.875
1.9216217045158763 65058.26505982465 342241.5
1.921634387312597 -38812.95391542219 633163.1875
1.9216470684630054 -276974.4283797485 2560912.5
1.9216597479671742 -1044331.014716415 1173055.75
1.9216724258251776 172864.49342274162 743408.375
1.9216851020370895 -1264018.1791848664 1096509.875
1.9216977766029835 -316717.77417775436 835872.9375
1.9217104495229353 -267961.94033522287 1329614.5
1.9217231207970185 -185179.72147625082 1783316.25
1.9217357904253083 -125962.4040283693 386614.40625
1.9217484584078808 151493.23961268013 173017.03125
1.92176112474481 179098.17191964644 87633.671875
1.9217737894361717 127802.78246333345 54437.19921875
1.9217864524820423 112757.99103125006 36243.91796875
1.9217991138824981 86686.69524999896 27959.4140625
1.9218117736376157 122730.68744913184 23611.615234375
1.921824431747471 131708.36366336394 20257.98046875
1.9218370882121405 120583.56028049259 17785.15234375
1.921849743031702 138317.74031698678 16083.7880859375
1.9218623962062324 134845.65070171352 14792.1171875
1.9218750477358095 122839.356747091 13977.23046875
1.9218876976205115 133770.19510662847 13407.8857421875
1.9219003458604156 143118.41427974962 12809.0244140625
1.9219129924556002 130485.39416557773 12115.6611328125
1.9219256374061437 142111.93181871835 12037.4326171875
1.921938280712125 151546.08326340653 11734.6435546875
1.9219509223736233 145299.62394069205 11511.771484375
1.9219635623907179 137738.36633925937 11113.1767578125
1.9219762007634877 132899.8450803309 10716.3349609375
1.9219888374920124 145540.39373203542 10713.611328125
1.922001472576372 146329.02992880973 10437.25
1.9220141060166471 158190.94756679572 10443.962890625
1.9220267378129179 149778.04203609852 10358.107421875
1.9220393679652643 156103.35237975582 10204.5107421875
1.9220519964737677 159418.9343107431 10127.7685546875
1.922064623338509 153424.86056891485 10128.90625
1.9220772485595707 147548.69364117176 10049.740234375
1.922089872137032 142783.70728358033 9801.6982421875
1.922102494070977 146240.56735450626 9617.70703125
1.9221151143614863 156620.8708786861 9696.8095703125
1.922127733008643 153778.57936005798 9651.6748046875
1.9221403500125291 135282.61596064287 9532.0791015625
1.9221529653732277 147486.4525874394 9273.23046875
1.9221655790908214 144689.70095278628 9263.8486328125
1.9221781911653937 137680.58597107403 9615.021484375
1.9221908015970275 138776.10101515314 10201.3583984375
1.9222034103858074 145761.54861152996 11386.2763671875
1.922216017531817 137530.41418578284 13259.1279296875
1.9222286230351404 142326.72307471544 16932.80859375
1.9222412268958613 132261.8373354247 20173.54296875
1.9222538291140656 143439.00648500808 19189.837890625
1.9222664296898377 130817.47434778602 15114.1572265625
1.9222790286232623 134111.58564543517 12067.638671875
1.922291625914425 133519.0695814276 10196.83984375
1.9223042215634116 144750.61417956025 9311.607421875
1.922316815570307 144408.06168308886 8779.7646484375
1.9223294079351994 149461.21747979286 8456.138671875
1.9223419986581722 143482.90207184482 8222.427734375
1.9223545877393144 151054.71153791124 8105.65087890625
1.9223671751787117 147256.9809477964 7957.49462890625
1.9223797609764508 147945.4666888103 7801.17724609375
1.9223923451326201 139862.72211183375 7885.27978515625
1.9224049276473054 137106.43067233948 7899.94189453125
1.922417508520596 140380.65514709696 7923.41357421875
1.922430087752579 145048.39551247822 8121.4052734375
1.9224426653433428 150087.8128984338 8330.63671875
1.922455241292976 147106.49593724182 8469.8857421875
1.922467815601567 130700.29117549518 8258.00390625
1.9224803882692045 124997.5225895495 7857.564453125
1.9224929592959783 129254.4871180141 7588.57275390625
1.9225055286819772 136323.1781857319 7388.50341796875
1.9225180964272914 134351.70220366874 7165.91357421875
1.92253066253201 135579.45969336855 7055.17236328125
1.9225432269962237 145129.6466564196 7052.296875
1.9225557898200223 149613.94320447446 7066.7529296875
1.922568351003497 132353.24217298836 7028.43994140625
1.922580910546738 133854.13392589756 6949.36181640625
1.922593468449836 140920.67563638062 7015.46923828125
1.9226060247128836 137534.45097576754 6957.5859375
1.9226185793359716 143308.0009907285 7055.875
1.9226311323191916 137209.01529770868 7079.56005859375
1.9226436836626355 144895.25177754817 7075.73681640625
1.9226562333663957 133776.0019924189 7042.47900390625
1.9226687814305643 136957.64876365877 7084.7314453125
1.9226813278552348 143393.72010691668 7206.412109375
1.9226938726404994 133136.18072331694 7246.6220703125
1.9227064157864513 136315.6158344829 7366.6923828125
1.9227189572931846 132462.18434101768 7506.04150390625
1.922731497160792 139365.60720675197 7847.21533203125
1.922744035389368 133839.12595974142 8355.9453125
1.9227565719790067 140438.58558222113 9414.955078125
1.9227691069298023 143051.91814971546 11120.3154296875
1.9227816402418494 135913.306199927 15110.2255859375
1.9227941719152424 134819.17798897234 24103.65625
1.9228067019500767 94113.98812846301 36076.67578125
1.922819230346448 95832.55661134656 39113.40625
1.9228317571044513 161782.5498031658 26945.962890625
1.9228442822241822 138710.0801814301 17690.904296875
1.922856805705738 138721.6697980821 12412.0361328125
1.9228693275492132 132982.5883801928 10105.0947265625
1.922881847754705 140630.71754268685 9177.326171875
1.9228943663223113 129400.64768395272 8690.9833984375
1.9229068832521266 131163.7365024268 8442.904296875
1.9229193985442496 136099.77472364722 8624.88671875
1.922931912198778 139063.72955112238 9262.0126953125
1.922944424215809 135973.6260255127 9847.9482421875
1.92295693459544 126211.4705739512 9853.455078125
1.9229694433377698 141412.09993705546 9580.056640625
1.9229819504428973 142793.5263574934 8825.349609375
1.92299445591092 131596.31675030192 7988.99267578125
1.9230069597419364 125642.38428756892 7460.923828125
1.9230194619360468 136269.69555608722 7369.591796875
1.923031962493351 142332.73337932813 7200.71875
1.9230444614139466 144267.7949852786 7065.0390625
1.923056958697935 138196.6035538188 6948.85546875
1.9230694543454148 133922.74014484836 6854.1044921875
1.923081948356488 133613.1387729448 6855.2275390625
1.9230944407312538 143274.45241794415 6969.50732421875
1.9231069314698135 145035.88302988966 6951.26416015625
1.9231194205722677 147404.18610153216 6897.93212890625
1.923131908038718 138485.76990841085 7020.24658203125
1.923144393869266 145103.77494114384 7012.5078125
1.9231568780640123 152217.19691834485 7048.5126953125
1.9231693606230602 142731.0142281901 7070.92333984375
1.9231818415465114 146482.85618894664 7174.2841796875
1.9231943208344677 153461.23501183916 7116.91259765625
1.923206798487032 154378.92621032285 7220.58935546875
1.9232192745043082 143522.98527636257 7153.6787109375
1.9232317488863975 141352.31109826168 7168.48876953125
1.9232442216334051 143032.7263455722 7362.27880859375
1.9232566927454335 149102.90112035794 7400.5107421875
1.9232691622225877 143706.78972522725 7578.23828125
1.9232816300649698 141428.7199603263 7655.24462890625
1.9232940962726852 149656.80139011322 7781.19091796875
1.923306560845839 148941.39947359508 7899.06103515625
1.923319023784535 141967.76892570013 7927.2119140625
1.9233314850888787 138450.48178672558 7874.0732421875
1.9233439447589749 134606.8080167995 8104.44970703125
1.9233564027949295 143108.4434772313 8387.4423828125
1.923368859196848 132528.23793998128 8305.451171875
1.9233813139648368 133235.60656559828 8296.0927734375
1.9233937670990016 141627.6187142039 8634.138671875
1.9234062185994487 153168.2084890216 8804.171875
1.9234186684662848 138767.40028608355 8676.4453125
1.9234311166996179 142198.08561548888 8803.1708984375
1.9234435632995541 142402.8461634146 8968.7880859375
1.9234560082661998 142089.4533580769 9407.4677734375
1.9234684515996647 149606.00202003645 9608.2255859375
1.923480893300056 144446.60714527685 9764.61328125
1.9234933333674804 121981.86894251959 10010.0703125
1.9235057718020472 121766.22935069354 10272.09375
1.923518208603866 141948.7328766972 10704.283203125
1.9235306437730435 140192.69566158322 11089.17578125
1.9235430773096904 145763.75786138087 11574.6171875
1.9235555092139156 138977.81088438974 11906.88671875
1.9235679394858283 135245.1934777856 12399.15625
1.9235803681255381 121572.8562683308 13402.5185546875
1.9235927951331553 124898.31392471617 14546.3271484375
1.92360522050879 159882.19262306832 15959.7470703125
1.9236176442525523 176259.46046551628 18073.7109375
1.9236300663645538 152590.8764173303 20259.51171875
1.9236424868449042 131200.04243663282 23598.322265625
1.923654905693716 129953.92097646822 24796.69921875
1.9236673229110994 99874.49255173329 25033.576171875
1.9236797384971671 113198.30253148556 26837.443359375
1.9236921524520298 138218.89034848093 28506.939453125
1.9237045647758009 149290.21569727833 31672.7265625
1.9237169754685917 153418.1589361657 38856.96875
1.9237293845305148 152626.52601946596 51475.84375
1.9237417919616835 126891.97660794697 63714.01171875
1.923754197762211 304106.40634719876 83973.3828125
1.9237666019322102 205207.91323837917 149951.046875
1.9237790044717948 97540.10385848285 305825.28125
1.923791405381078 -15623.963473415399 340670.75
1.9238038046601753 559680.8189939023 379206.03125
1.9238162023091987 775416.1398912845 1425059.125
1.9238285983282641 -2251475.222001836 2584508.75
1.9238409927174864 -550048.255731729 923046.6875
1.9238533854769806 1198265.2770596074 981880.0625
1.9238657766068605 -1734768.2244524586 -2421878.5
1.9238781661072428 966183.7556688366 -3672275.0
1.9238905539782432 1777026.82632271 8497111.0
1.9239029402199768 -49409.74077425492 845647.4375
1.9239153248325604 172241.6991961956 1521528.625
1.9239277078161094 -115173.28270377735 590259.4375
1.9239400891707419 1108532.9568848806 508012.84375
1.9239524688965732 nan nan
1.9239648469937216 nan nan
1.9239772234623038 nan nan
1.9239895983024375 nan nan
1.9240019715142402 nan nan
1.9240143430978305 nan nan
1.9240267130533268 248597.42954612488 491902.15625
1.9240390813808466 270550.99773420853 1261237.0
1.9240514480805093 -267547.13959605386 1924626.25
1.924063813152434 -27411.644552218957 -574364.5
1.9240761765967394 1112089.8013730878 1128388.875
1.9240885384135449 -805189.9569059107 -2239075.5
1.9241008986029704 -974213.868795178 -1452642.25
1.9241132571651371 3008424.021425794 3294854.5
1.924125614100163 -466395.0795063806 -2718664.0
1.924137969408169 1954509.6898552459 -3311894.5
1.9241503230892776 -31092.637761371516 1507912.75
1.9241626751436072 -726151.1705160603 1003248.625
1.9241750255712802 -482292.8617770097 713365.375
1.9241873743724172 53063.781232539004 703065.875
1.9241997215471414 30440310.81840431 -71378992.0
1.9242120670955727 164342.76380393814 297811.59375
1.9242244110178337 nan nan
1.9242367533140476 nan nan
1.9242490939843362 nan nan
1.924261433028822 nan nan
1.9242737704476283 nan nan
1.9242861062408783 nan nan
1.9242984404086956 nan nan
1.9243107729512037 nan nan
1.9243231038685262 -710145.863516702 378364.96875
1.9243354331607887 -122388.62759452293 573417.1875
1.9243477608281139 -10542961.557570979 6291947.5
1.924360086870628 385653.9058245434 1133937.75
1.9243724112884542 -2522296.949202578 2598998.25
1.9243847340817193 -11566249.983809099 17883912.0
1.924397055250547 1834190.731705214 -4079898.75
1.9244093747950646 -2925903.611263848 2945421.25
1.9244216927153972 -245443.60652829244 879208.9375
1.9244340090116703 -71150.25048290723 577381.6875
1.9244463236840108 3562340.7624147795 2348292.0
1.9244586367325447 958135.9473777739 1043628.5625
1.9244709481574 591077.624296755 501369.25
1.9244832579587021 1139061.198493462 971484.1875
1.92449556613658 -1051904.0712619482 1160883.75
1.9245078726911602 -1488450.3904484492 2361354.25
1.9245201776225704 -786691.4376117503 1325774.0
1.9245324809309383 96893.4109032322 533758.5625
1.9245447826163933 899796.976472436 533981.8125
1.9245570826790623 1143810.2656441384 1273785.125
1.9245693811190752 609725.3665438667 1065838.25
1.9245816779365603 -595329.9452946605 1755243.25
1.9245939731316468 -150215.7619369647 737647.3125
1.9246062667044646 4878486.923923553 11948867.0
1.9246185586551428 -1134666.920071495 912746.0
1.9246308489838109 -483975.6275056124 394776.40625
1.9246431376906001 -124086.28188449812 208623.40625
1.9246554247756398 22968.883041559173 115616.8203125
1.9246677102390608 124696.43691592013 79883.5625
1.9246799940809947 138138.9371619611 56446.2734375
1.924692276301571 157296.3240036813 47385.609375
1.924704556900922 152799.58153281585 39791.21484375
1.924716835879179 141745.77244297694 32287.625
1.9247291132364746 120675.85411561186 29684.416015625
1.9247413889729392 88588.44173054691 26003.376953125
1.9247536630887063 128857.99031825118 23853.615234375
1.9247659355839077 147422.69292398886 21875.671875
1.9247782064586763 152474.4981675789 21450.88671875
1.924790475713145 148631.4560780625 21919.984375
1.924802743347447 142891.26296300188 23529.66796875
1.9248150093617158 132866.76167857592 28796.697265625
1.9248272737560854 210040.17586451076 36746.203125
1.924839536530689 186804.00713205468 60506.765625
1.9248517976856607 169191.8177295709 110054.140625
1.9248640572211357 193095.18259354238 197497.015625
1.9248763151372477 -47849.42248044117 372866.0625
1.9248885714341313 -16981.966384896332 255037.328125
1.9249008261119227 37621.70520158377 116630.0703125
1.9249130791707576 118805.81572709414 62392.53125
1.9249253306107694 113778.07090283386 37371.421875
1.9249375804320956 132276.16741334883 26702.546875
1.9249498286348714 152766.91797731537 31406.69140625
1.9249620752192347 158284.86911283113 36366.70703125
1.924974320185319 150210.90308567815 33680.33984375
1.9249865635332633 149475.16456456916 29184.498046875
1.924998805263204 134039.49131937537 20727.8203125
1.9250110453752785 133613.82612188964 12410.05078125
1.9250232838696233 122301.26823070658 9533.3203125
1.9250355207463776 130738.3455293529 8864.0068359375
1.9250477560056785 132488.97987923978 9339.10546875
1.9250599896476637 129118.6033308333 15255.2216796875
1.9250722216724723 145605.48952311045 23176.23046875
1.9250844520802428 115883.98026825649 24971.599609375
