igrins/spectra/wd_1436-216_K_20190414.ecsv
# %ECSV 1.0
# ---
# datatype:
# - {name: WAVELENGTH, unit: um, datatype: float64}
# - {name: FLUX, datatype: float64}
# - {name: ERROR, datatype: float64}
# schema: astropy-2.0
WAVELENGTH FLUX ERROR
[from data line 3865]
2.0276176375992527 28930.209524559825 11437.3701171875
2.0276311466304495 30988.52754180271 7282.66748046875
2.0276446539975 35432.032898668025 3132.99169921875
2.0276581597004215 38229.95257324932 2249.30322265625
2.0276716637392287 37886.40388727328 2242.131103515625
2.0276851661139355 36965.79109843086 2396.65966796875
2.0276986668245556 36674.70845620237 2596.281982421875
2.027712165871101 36935.7607415287 2715.53759765625
2.0277256632535807 37444.35864102221 2620.257080078125
2.027739158972006 36735.65039579497 2420.926513671875
2.0277526530263854 35872.287652228915 2250.95751953125
2.0277661454167237 35938.87339681322 2170.676513671875
2.0277796361430283 35534.31159610697 2559.39208984375
2.027793125205303 35644.309142819584 2943.5849609375
2.0278066126035514 35920.959323110175 2927.8173828125
2.0278200983377768 36339.947462605895 2689.35205078125
2.027833582407979 35987.54946504985 2218.648193359375
2.0278470648141576 35175.4671189992 2004.24267578125
2.0278605455563112 33869.75006187136 2085.382080078125
2.0278740246344373 32292.552386904674 2093.0390625
2.0278875020485323 31752.08541290338 1984.3289794921875
2.027900977798591 32503.080762990227 1848.196533203125
2.0279144518846066 33371.59777255115 1766.7169189453125
2.027927924306572 33706.49029589683 1718.307373046875
2.027941395064479 32542.795118438524 1715.333251953125
2.027954864158317 30951.518284645474 1708.3372802734375
2.0279683315880743 29260.151353750683 1682.279052734375
2.02798179735374 29374.006082711232 1680.4803466796875
2.0279952614553 31518.463901947533 1739.5457763671875
2.028008723892738 32394.77900848142 1822.546142578125
2.0280221846660402 32666.874416399776 1866.42919921875
2.0280356437751887 31897.47347132955 1862.7999267578125
2.0280491012201654 31759.978250888707 1832.915771484375
2.02806255700095 31760.561621921588 1807.1734619140625
2.0280760111175216 31654.55887718544 1794.360595703125
2.0280894635698594 31968.796399822728 1850.283203125
2.028102914357939 32538.481871481763 1988.2835693359375
2.0281163634817365 33904.25106812279 2158.763427734375
2.028129810941225 35182.83003410731 2586.18310546875
2.0281432567363806 36756.76599181855 3286.269775390625
2.0281567008671724 37824.52092957085 4429.11962890625
2.028170143333573 37924.65171095592 5092.51220703125
2.0281835841355504 35746.6165346308 4294.91748046875
2.0281970232730737 33495.332564021424 3145.64453125
2.02821046074611 33623.38988764649 2427.89306640625
2.0282238965546253 35042.35934200768 2107.754638671875
2.028237330698584 36009.09487476506 1919.4471435546875
2.02825076317795 35093.890280988315 1830.7418212890625
2.0282641939926855 33643.83500049579 1803.2418212890625
2.028277623142751 33063.54720422392 1750.736083984375
2.0282910506281073 32199.014064257284 1814.2501220703125
2.028304476448712 31985.360009071825 2180.090576171875
2.0283179006045233 31174.64713153556 2473.494873046875
2.0283313230954976 31594.77189601711 2524.572998046875
2.028344743921589 33161.288747163795 2338.724853515625
2.028358163082752 34308.431975489075 1946.832763671875
2.028371580578939 35723.45974387911 1806.023193359375
2.028384996410102 36088.70750992079 1846.678466796875
2.02839841057619 36221.502713304115 1956.5787353515625
2.0284118230771537 37093.361218530175 2161.984619140625
2.0284252339129387 39305.28373671198 2602.919189453125
2.028438643083494 42470.743362216694 3542.278564453125
2.028452050588763 42504.50962231177 5192.8330078125
2.0284654564286906 38502.12889907317 5596.916015625
2.0284788606032205 34644.04649507735 3985.802001953125
2.028492263112292 34668.9374292791 2800.07080078125
2.0285056639558485 37210.07716580489 2304.732177734375
2.0285190631338277 38687.164231214105 2077.8525390625
2.028532460646169 37952.960643571714 2007.719970703125
2.0285458564928076 36889.55464981668 2063.4716796875
2.02855925067368 36580.1248154225 2143.400634765625
2.028572643188721 34913.63081896915 2190.510009765625
2.028586034037863 32871.23130053117 2097.03662109375
2.02859942322104 32953.85497913528 1964.6927490234375
2.028612810738181 34981.85595250051 1822.2088623046875
2.0286261965892156 37784.85271176912 1781.93896484375
2.0286395807740742 37440.870247233135 1798.646484375
2.0286529632926813 37107.974662899825 1837.9833984375
2.028666344144965 37225.34598135762 1942.937744140625
2.0286797233308493 37560.251506304914 2092.844482421875
2.028693100850258 38438.195206653065 2387.810546875
2.0287064767031135 39519.81333987425 2815.329345703125
2.028719850889337 39378.1872744322 3318.068603515625
2.0287332234088487 38030.99984117149 3626.4423828125
2.0287465942615666 35536.17585532657 3683.332763671875
2.02875996344741 34124.23788952023 3468.938720703125
2.028773330966293 31831.128553583963 3031.3154296875
2.028786696818132 30478.211337887005 2657.75341796875
2.0288000610028414 30976.854587219572 2711.2080078125
2.0288134235203326 32190.75757091854 2822.601318359375
2.028826784370518 33444.53257762343 2675.509765625
2.028840143553308 33756.29671150727 2375.479736328125
2.0288535010686113 34153.95569125881 1990.76171875
2.0288668569163364 33568.072075439224 1855.9908447265625
2.0288802110963893 33228.938809452244 1889.4227294921875
2.028893563608676 32966.80674750424 1962.0015869140625
2.0289069144531005 32669.751115492356 2059.062255859375
2.028920263629566 31893.37599003374 2134.48779296875
2.0289336111379743 30586.691805797615 2073.157470703125
2.0289469569782264 30735.753761447886 1967.17041015625
2.0289603011502204 31821.269083452222 1885.6348876953125
2.028973643653856 34516.07366720608 1829.682373046875
2.028986984489031 35747.37035483225 1831.9185791015625
2.0290003236556386 36878.65613808369 1777.4940185546875
2.0290136611535754 36733.72604161843 1728.9693603515625
2.0290269969827337 37204.77580766882 1723.916748046875
2.029040331143008 36911.49527908281 1729.882568359375
2.0290536636342855 36983.84249026972 1735.1376953125
2.0290669944564583 36632.08251953742 1749.9705810546875
2.0290803236094153 35211.83329133608 1732.8685302734375
2.0290936510930435 33074.51279065413 1689.354736328125
2.029106976907228 30808.447569943462 1666.3497314453125
2.0291203010518557 29787.902461854464 1672.4000244140625
2.029133623526808 29333.79019853315 1663.619384765625
2.029146944331969 29645.79575615359 1733.92724609375
2.0291602634672192 30546.35682555119 2206.549560546875
2.0291735809324396 31308.212906106568 2861.79931640625
2.029186896727509 31975.279657295418 3046.361083984375
2.029200210852304 32704.344236264784 2866.15185546875
2.0292135233067032 33355.37077110393 2280.872314453125
2.0292268340905797 33031.84695998172 1774.30322265625
2.029240143203808 31497.399155024912 1722.400390625
2.029253450646262 30064.50169465901 1728.27587890625
2.029266756417812 29126.86225337303 1741.6187744140625
2.02928006051833 29676.123693666323 1732.915771484375
2.029293362947684 31173.025609867207 1731.7667236328125
2.0293066637057424 32863.998225410716 1739.538818359375
2.0293199627923726 35075.3557200225 1745.049072265625
2.029333260207439 36590.42926345531 1770.4415283203125
2.029346555950807 37093.483812828956 1853.0179443359375
2.029359850022339 36181.91315796259 1996.87353515625
2.029373142421898 35170.48640023969 2316.17431640625
2.029386433149344 34950.310214681565 3096.08837890625
2.0293997222045372 33073.53545117613 4169.53955078125
2.0294130095873353 31087.450270525478 4518.6484375
2.0294262952975957 29239.321269229473 3629.473876953125
2.029439579335175 28018.3415618615 2723.9609375
2.029452861699927 27783.9786073142 2283.32080078125
2.029466142391705 27713.278019480473 2062.0966796875
2.029479421410363 28664.164061983007 1962.0555419921875
2.0294926987557496 29631.006310099314 1936.8682861328125
2.029505974427717 30881.92848691431 1954.6661376953125
2.0295192484261126 32228.78081731623 1929.8447265625
2.0295325207507844 33836.12351342636 1918.640380859375
2.0295457914015786 34534.179808829926 1926.5140380859375
2.0295590603783404 34794.62338564954 1975.37548828125
2.0295723276809134 34058.96613726842 2028.586181640625
2.02958559330914 33025.141975207305 1977.0511474609375
2.029598857262863 32575.855321129977 1826.9285888671875
2.0296121195419206 32616.062353052912 1733.1575927734375
2.0296253801461535 33887.784918621204 1698.509033203125
2.0296386390753987 35854.00220927608 1721.71044921875
2.0296518963294927 37038.7880501973 1752.4251708984375
2.029665151908272 37969.2708494633 1765.3359375
2.0296784058115693 38032.22134527902 1775.0125732421875
2.029691658039219 38120.629590847166 1717.357177734375
2.0297049085910506 38350.71329073186 1672.551025390625
2.029718157466897 38460.936514161556 1657.677734375
2.0297314046665877 39268.96929043904 1663.429443359375
2.0297446501899494 39978.3182986524 1673.1622314453125
2.0297578940368095 40180.01077987885 1659.5445556640625
2.0297711362069943 39630.307954920456 1662.6229248046875
2.0297843767003276 38990.76475491567 1687.919677734375
2.0297976155166326 37681.332860928786 1867.8172607421875
2.0298108526557326 36936.20420649886 2060.834716796875
2.0298240881174476 35610.80747316445 2091.131103515625
2.0298373219015966 35680.12310275997 2039.853271484375
2.0298505540079996 34729.42889871547 1825.54638671875
2.029863784436473 34531.687813589044 1723.243408203125
2.0298770131868333 33441.44742159436 1732.8455810546875
2.0298902402588954 33014.799010770155 1726.0391845703125
2.0299034656524717 32501.15993692676 1948.927978515625
2.029916689367376 32579.80966165499 2435.396484375
2.0299299114034195 32539.09044455565 2633.1748046875
2.0299431317604117 31970.778867696386 2577.866943359375
2.0299563504381615 32228.424548441075 2170.994140625
2.029969567436477 32665.669097593676 1680.520263671875
2.029982782755164 33878.84361941508 1608.8572998046875
2.029995996394028 35115.784168223414 1619.9117431640625
2.0300092083528725 35814.106398909826 1601.41845703125
2.0300224186315012 36832.216295290986 1600.1617431640625
2.0300356272297155 37711.65962637628 1626.8428955078125
2.030048834147314 38584.997768809946 1642.9053955078125
2.030062039384099 37974.70931433023 1678.0552978515625
2.030075242939865 37253.05693284194 1701.37451171875
2.0300884448144116 37459.82778334275 1714.947265625
2.0301016450075333 37452.30534610196 1685.2135009765625
2.0301148435190246 36495.04652376177 1673.9547119140625
2.030128040348677 35376.57801590478 1675.81494140625
2.0301412354962847 34784.58232553176 1734.729248046875
2.0301544289616373 34558.12107451567 1826.2000732421875
2.0301676207445243 34007.64421377744 1845.6219482421875
2.030180810844734 34766.96837142634 1783.8572998046875
2.0301939992620537 35705.788136924166 1727.7890625
2.030207185996269 36743.5140124335 1683.4493408203125
2.030220371047165 36945.436705312975 1705.6734619140625
2.0302335544145254 36584.510837862734 1748.0950927734375
2.0302467360981304 36325.47072700759 1788.2215576171875
2.0302599160977626 36066.95061848243 1839.3564453125
2.030273094413202 35323.25192982483 1892.180908203125
2.0302862710442278 34633.35680043685 1904.6353759765625
2.0302994459906154 34059.24754971082 1901.7237548828125
2.030312619252143 34311.68885181069 1922.3973388671875
2.0303257908285848 35623.13451779715 2060.56689453125
2.0303389607197135 36869.274331088425 2447.454833984375
2.0303521289253035 36781.46891867016 2886.43115234375
2.030365295445125 34484.50886360502 3048.724365234375
2.030378460278949 32646.739925288988 2694.645751953125
2.030391623426543 33307.0116662784 2217.176513671875
2.0304047848876765 34013.43819067899 2012.8438720703125
2.0304179446621142 34066.43352499531 1909.90185546875
2.0304311027496236 32300.36359629746 1839.3404541015625
2.030444259149967 31739.06531420334 1762.6627197265625
2.0304574138629086 31688.805442643752 1707.059326171875
2.030470566888208 32957.9295283137 1674.8851318359375
2.030483718225628 34440.79729475053 1687.8499755859375
2.0304968678749273 36046.63414811788 1735.5133056640625
2.0305100158358638 36802.94676705871 1751.9205322265625
2.030523162108193 37761.28830790159 1752.073486328125
2.030536306691672 37928.268808614834 1789.898681640625
2.030549449586056 38352.03979259991 1876.0914306640625
2.0305625907910967 37916.56596076077 1971.7940673828125
2.030575730306547 38257.54312905196 1985.6312255859375
2.030588868132157 37897.888537092666 1912.823486328125
2.0306020042676773 37887.43057791778 1809.4097900390625
2.030615138712855 37327.38148930557 1710.8570556640625
2.0306282714674384 37313.32919315112 1646.25830078125
2.030641402531173 37290.173861001334 1613.06396484375
2.0306545319038034 35956.00054715617 1689.425048828125
2.0306676595850734 33554.71293236164 1967.96337890625
2.030680785574726 30989.934927828413 2163.78125
2.030693909872502 30370.319417395353 2220.33056640625
2.03070703247814 31216.493354386304 2093.64013671875
2.03072015339138 31701.118187382956 1828.6517333984375
2.0307332726119607 31557.665890726374 1747.8035888671875
2.030746390139616 31823.314763022245 1704.3858642578125
2.0307595059740824 32799.953174614566 1696.2987060546875
2.0307726201150937 33929.30996108928 1687.6953125
2.030785732562382 34063.336433555785 1649.082763671875
2.030798843315679 34691.42090209077 1631.986328125
2.0308119523747155 35408.412022323915 1603.288330078125
2.03082505973922 36331.89281584293 1592.8680419921875
2.030838165408921 36060.334555819434 1602.22119140625
2.030851269383544 35496.68446990178 1637.8912353515625
2.0308643716628163 34277.34353113292 1690.7855224609375
2.030877472246461 32363.873230177793 1764.905029296875
2.0308905711342002 30473.102514216964 1863.4930419921875
2.0309036683257573 29098.670268005488 1932.86962890625
2.030916763820852 27950.442018700847 1946.3140869140625
2.030929857619204 27783.510903350994 1861.1605224609375
2.0309429497205316 28703.494448546695 1807.1240234375
2.030956040124552 30292.28492059502 1732.4329833984375
2.0309691288309804 31527.8353299399 1662.32275390625
2.0309822158395314 32299.73317906224 1630.602783203125
2.0309953011499187 33913.552926367614 1624.211181640625
2.0310083847618543 34708.73408746509 1629.31103515625
2.0310214666750492 35394.14606299157 1660.2308349609375
2.031034546889213 35506.18246931635 1672.4227294921875
2.031047625404055 36757.31447723536 1669.97607421875
2.0310607022192806 37790.89269354593 1637.410888671875
2.0310737773345986 38112.282004532535 1606.6448974609375
2.0310868507497113 37235.84342289166 1598.1632080078125
2.0310999224643242 36394.95638945991 1599.185302734375
2.031112992478139 36224.59899059292 1583.5946044921875
2.0311260607908577 36534.96491348256 1616.5421142578125
2.031139127402179 36390.08679872137 1673.5260009765625
2.0311521923118026 35286.06690850405 1696.80859375
2.031165255519426 33574.83338488999 1671.2330322265625
2.0311783170247466 31728.127017433566 1636.3133544921875
2.0311913768274583 30542.610099451333 1619.293212890625
2.0312044349272558 30599.128506708417 1598.669677734375
2.0312174913238312 30349.811252210697 1622.4005126953125
2.031230546016877 29857.029022993367 1653.4217529296875
2.0312435990060838 28609.32878144207 1655.612548828125
2.031256650291139 28763.53717028074 1676.036376953125
2.0312696998717326 28881.40380554959 1649.9171142578125
2.031282747747551 30012.102082974634 1676.36181640625
2.0312957939182783 30217.576438468695 1786.2880859375
2.031308838383601 30586.617137935787 1955.3353271484375
2.0313218811432 30259.491250123523 2234.2509765625
2.031334922196759 29821.67387127538 2366.63525390625
2.0313479615439585 30449.95519977631 2307.150634765625
2.031360999184478 31625.848796889295 2108.969970703125
2.0313740351179947 33530.01456389821 1950.5521240234375
2.0313870693441864 35196.48514061962 1839.439453125
2.03140010186273 35554.19851620817 1725.880615234375
2.0314131326732987 35958.78538325502 1628.18359375
2.031426161775567 36080.0299667984 1577.0194091796875
2.0314391891692067 36945.21305754007 1567.969970703125
2.0314522148538887 36842.74878876496 1577.66748046875
2.0314652388292833 36203.48980017245 1545.95166015625
2.031478261095059 36062.91882642107 1548.0948486328125
