igrins/spectra/wd_1436-216_H_20190414_smoothed.ecsv
# %ECSV 1.0
# ---
# datatype:
# - {name: WAVELENGTH, unit: um, datatype: float64}
# - {name: FLUX, datatype: float64}
# - {name: ERROR, datatype: float64}
# schema: astropy-2.0
WAVELENGTH FLUX ERROR
[from data line 26442]
1.7263508392198135 60928.90608454694 1146.5698500936314
1.7263638874529263 60728.46012870305 1068.5003435863857
1.7263769338624195 60911.40469243561 873.4411663381663
1.7263899784487318 60391.228462281695 434.9678907173893
1.7264030212123043 60730.16765643336 1525.911626875437
1.7264160621535765 60747.797964817306 2165.68258729659
1.7264291012729898 61447.604566752205 2796.545732224563
1.7264421385709863 61325.38552779416 2450.140475643404
1.7264551740480063 61243.1710146101 1916.0789022562547
1.7264682077044906 61443.215402209345 1407.111745596964
1.7264812395408828 62819.16857073511 618.2608475052893
1.7264942695576244 64221.18302652215 488.78391092446236
1.726507297755157 64586.83001542439 441.8645901827341
1.7265203241339238 64566.04968889998 1149.4665245077986
1.7265333486943681 63977.936740444085 1332.581313699969
1.726546371436933 63256.81579340996 1688.4826726191134
1.7265593923620612 61572.42425120488 1404.782027379401
1.7265724114701975 60646.05498276496 1924.6265413362053
1.7265854287617841 59704.28144495684 2528.6266435503903
1.7265984442372675 59210.862798271 2224.130498016669
1.7266114578970897 58277.267872573495 1317.3168374045642
1.726624469741697 58235.67267004329 309.61410959181904
1.7266374797715336 57834.17768506387 557.3890916301935
1.726650487987046 56957.72730950599 1170.5296277996522
1.726663494388678 56475.03672979489 1307.8190337964268
1.726676498976877 56300.43929947708 1631.313797158677
1.7266895017520871 57298.54164180512 1310.290806240108
1.7267025027147562 58374.54885786494 1560.4336809748954
1.7267155018653304 59721.18109445699 1990.8054162984456
1.726728499204256 60576.48088373455 2569.9743204469546
1.72674149473198 60560.454524647925 2228.34099866634
1.7267544884489505 60108.99746483695 1426.1314425858623
1.7267674803556146 59597.420732557905 730.6716264550009
1.7267804704524192 58844.1034731744 683.570413768707
1.7267934587398142 59223.28625643389 350.5123412258534
1.726806445218247 59470.98943337019 149.27017719635955
1.7268194298881656 58949.49867924399 138.02052290487896
1.7268324127500203 57169.86557581955 193.42366023599138
1.726845393804259 56235.99543052645 263.53872299990326
1.7268583730513307 57304.364001092836 340.71407217234196
1.7268713504916864 58531.659712877175 1095.871442155319
1.7268843261257747 60077.80299383616 1914.4080388471557
1.726897299954047 61380.759988840975 2065.0521041610405
1.7269102719769527 62364.12062117712 2180.318091198004
1.7269232421949428 62866.13242322247 2205.919920898138
1.726936210608469 61729.58818490409 2521.7505077126434
1.7269491772179808 61697.57215915954 2564.116095518105
1.7269621420239307 61273.220197308125 3178.2747642493714
1.7269751050267699 61728.75478863488 3485.697297969713
1.7269880662269508 61510.03681329122 2526.942226072293
1.7270010256249262 62218.019868444935 1294.871487983666
1.7270139832211469 62943.01181584062 417.6882535907974
1.7270269390160673 63286.86849683095 420.61805824032507
1.7270398930101394 63270.15340585029 443.9191751642712
1.7270528452038165 62623.500389080094 1098.8639259903944
1.7270657955975524 63156.169213666486 1988.6350533037712
1.7270787441918007 62313.57569661704 2302.8007459931177
1.7270916909870153 62191.77809024777 1978.0847324036013
1.7271046359836513 61814.092957350345 1771.085225007896
1.727117579182162 61672.28290814123 2470.07077534949
1.7271305205830034 60011.81512613561 2200.08273786865
1.7271434601866296 58095.249451798314 1516.398735684494
1.7271563979934959 56710.4372646158 1183.8498398076008
1.7271693340040588 57794.82670951093 2090.3078216690806
1.7271822682187736 59032.364330063545 2807.720893690249
1.727195200638096 59599.87218621127 2273.552182921372
1.7272081312624827 58746.87121873432 1425.5398493573966
1.7272210600923905 57478.73021834024 1425.4720162679414
1.7272339871282758 57045.841845272276 1525.806165285299
1.7272469123705965 57845.23266305639 2103.3490364565923
1.727259835819809 59080.84200239493 2214.153382957528
1.727272757476371 60344.72575510395 2429.375564827512
1.7272856773407417 58912.07009082647 2605.6605362811397
1.727298595413378 58864.00939474607 2035.7606352822886
1.7273115116947386 59227.64757288167 2736.2207745292426
1.7273244261852827 61394.645000284996 2567.949775992405
1.727337338885468 63374.29202888331 2648.1971270452814
1.7273502497957554 63122.26236399336 2387.527027206315
1.7273631589166027 63093.28941362843 2505.3039175636322
1.727376066248471 62425.871629702255 2371.19404923241
1.7273889717918187 63194.63172981537 1796.242669956147
1.727401875547108 64488.08370965817 1136.0017989756495
1.7274147775147972 63897.27437871223 1377.832562584245
1.7274276776953488 63338.20775847329 914.0447831580327
1.7274405760892229 61738.80311734031 1590.4787304195393
1.7274534726968815 62481.37083153604 1796.524662904565
1.7274663675187854 63286.557945495915 1709.1306505445461
1.7274792605553966 64573.245177810466 930.1345535960781
1.727492151807177 63274.54770128355 682.5713022960373
1.7275050412745898 62030.92856562676 759.9255879719535
1.7275179289580957 60804.679136876985 1630.4920047560931
1.7275308148581596 60293.38875403746 1479.3009693375911
1.7275436989752428 60531.63528816607 1378.2474236765365
1.72755658130981 60599.27992046292 1968.3066847364817
1.727569461862324 61643.30820231064 2272.7184730600516
1.7275823406332491 63391.581158077526 3092.9889768584826
1.7275952176230485 65905.48084043109 2110.4854749211017
1.727608092832188 66311.78787338489 3367.445575391719
1.727620966261131 65418.85681695415 3314.3608113867667
1.7276338379103433 63621.038673097166 3195.739640566188
1.7276467077802886 62831.550217171345 1606.780705968063
1.727659575871434 62048.1012400492 1321.6892013277077
1.727672442184244 62502.211724970715 1703.150052211395
1.7276853067191855 62279.05126442862 2225.2263655317856
1.7276981694767235 63361.6611321417 2118.5363634787896
1.7277110304573258 63373.99966135665 2007.882519630291
1.7277238896614573 64439.78343362186 1369.3328751671897
1.7277367470895868 62828.73029149267 1334.8505812757608
1.7277496027421806 63062.61012623132 1034.1941092484376
1.7277624566197058 63087.99518440881 1987.2710615592614
1.727775308722631 62904.09861511455 2298.5634599922
1.7277881590514235 61849.353776256 1996.2556355865456
1.7278010076065524 62283.94708645871 1234.9050520972396
1.7278138543884851 63891.09695252245 806.7144008853185
1.727826699397691 64562.05628508622 681.9408821045129
1.7278395426346391 64172.23130315199 1163.7219125268452
1.7278523840997984 62985.75715809246 1616.953215495405
1.727865223793639 63029.89088538708 1697.4409594451781
1.7278780617166298 63424.58246418938 1840.1840910130163
1.7278908978692415 65988.63690806724 1399.6522206288855
1.7279037322519444 66642.42716343314 2310.445382124037
1.7279165648652086 66178.04112545535 2379.419546569243
1.727929395709506 63476.03392481018 2116.517590033429
1.7279422247853062 61391.23183350619 1489.9899240046489
1.7279550520930818 60367.46411405999 747.367194566661
1.7279678776333036 61138.53820182204 1016.7161095679733
1.7279807014064439 62262.503921974014 905.9283035970655
1.727993523412975 63604.47065614334 1224.167899710793
1.7280063436533681 63741.8190314419 1091.0406884172537
1.7280191621280976 62257.082811712535 1758.3878069902985
1.7280319788376355 60241.48797683544 2123.6047868818678
1.7280447937824546 59226.34839298557 2237.718299103977
1.7280576069630287 59804.89364198304 2361.293840782952
1.7280704183798317 60106.64647927443 2384.942751476341
1.728083228033337 60047.930501850395 2445.1194984855674
1.728096035924019 59002.638426709505 1496.1624930319642
1.7281088420523527 60476.334238531956 1172.1541957057689
1.7281216464188118 61676.27830746646 1478.610143411946
1.7281344490238721 63113.78291934447 1666.3552361687123
1.7281472498680084 63344.27261473532 2016.9963979769134
1.7281600489516968 63721.54129308653 1475.872250353478
1.728172846275412 65273.43259701578 1603.529450733182
1.7281856418396309 65682.9022311556 813.8700637387202
1.7281984356448288 65066.33953810813 1361.8587846579912
1.7282112276914834 63297.2207436341 1458.1810539624541
1.7282240179800712 63007.05118611119 2577.620056475351
1.7282368065110687 64805.9778590667 2568.701634841508
1.728249593284953 65368.839184901684 4196.047636754657
1.7282623783022026 66101.92050646275 3821.473207781895
1.7282751615632945 62313.23008607733 4393.0572112399295
1.728287943068707 60684.057290714845 3566.0745625158233
1.728300722818919 58522.036110788074 3323.3927057479386
1.7283135008144086 60590.835037692785 2211.082643422991
1.7283262770556544 62160.90343448131 1241.5578161644785
1.7283390515431356 63131.38085066511 838.2467389520758
1.728351824277332 63435.91662228247 1503.3420412323405
1.7283645952587225 63269.41231514245 1610.1344401609463
1.7283773644877878 62321.25230087648 1576.8208854156999
1.7283901319650077 63257.48420704332 2023.627363414581
1.7284028976908623 63877.972278186164 2097.553625861331
1.7284156616658326 65012.53341372985 2106.4823278156705
1.7284284238903993 63956.40848126278 1474.723700720578
1.7284411843650442 62832.24677536101 1458.4845615769473
1.7284539430902477 59815.71118166782 1566.4044938131642
1.7284667000664922 58034.81991689092 1834.1311351056852
1.728479455294259 58156.66755401502 1412.9714038110444
1.7284922087740315 61101.48232989795 980.5566836864341
1.728504960506291 61612.532231877165 521.233579065925
1.728517710491521 61850.630216095095 1359.631689991297
1.7285304587302037 64404.473401579635 2178.7321817513275
1.728543205222823 66632.04497395465 2414.206985246879
1.7285559499698626 67591.8373339418 1818.7327129940404
1.7285686929718052 65434.96186142891 2726.644832126277
1.7285814342291361 64351.249558077834 2751.5076534169575
1.7285941737423385 64722.11585977168 2844.9085571865535
1.7286069115118974 64369.94299106348 1930.8929001352558
1.7286196475382982 64467.87452525334 1320.360092130532
1.7286323818220244 64321.68743241281 1211.6919430383557
1.7286451143635624 65385.93765457082 804.5203048880694
1.7286578451633978 65529.726886240795 1234.9152518147873
1.7286705742220165 64568.10248785087 1096.016893253813
1.7286833015399043 63647.119043357765 844.2358187310533
1.7286960271175478 63709.857530741916 409.2960355287576
1.7287087509554326 65195.58737418927 739.6326774724048
1.7287214730540466 64998.70796932548 1017.7645798832655
1.7287341934138774 65131.48819564594 1133.986229868101
1.7287469120354104 63710.83083523557 1804.790401045675
1.7287596289191351 63579.036123161655 1865.3057883561041
1.7287723440655391 62824.94370372224 3510.671216509374
1.7287850574751098 64798.15131814705 2685.3668573124255
1.7287977691483358 66225.23687613133 2825.739323993008
1.7288104790857064 66512.40679122075 1940.910527058024
1.72882318728771 63880.55433620294 2965.861300055866
1.7288358937548365 63110.34872627782 3640.8289230538758
1.728848598487574 63691.648787861166 2959.9400317388327
1.7288613014864134 64591.80264436867 2090.719911069295
1.7288740027518448 64183.716983636354 1256.8802224970968
1.728886702284357 64041.80394939428 1815.5338078801642
1.7288994000844415 64501.28360025929 2430.8195918269003
1.7289120961525895 65425.174411513144 3428.7353142905595
1.728924790489291 64655.25763111865 2961.807619405641
1.7289374830950377 62415.67198363327 3359.620030345699
1.728950173970321 59891.129743345824 2891.0473562993557
1.7289628631156329 59509.8700621106 3391.7369262312204
1.7289755505314652 60215.67262541806 2824.7215164375784
1.7289882362183104 59920.71518653767 2409.9080478884753
1.729000920176661 61173.73536121565 2124.323977224709
1.7290136024070093 62852.463927214805 1847.4381979803177
1.7290262829098495 64607.651821635074 2435.430688712898
1.729038961685674 65000.097857313456 2483.677979047913
1.7290516387349764 64147.03942906945 2833.4948829134487
1.7290643140582518 64652.485490141655 2535.238057643077
1.729076987655992 63098.465536688636 2084.6722096446692
1.7290896595286935 63769.00959660783 1476.1638245766026
1.7291023296768502 63342.7357161636 1073.7557137228728
1.7291149981009553 64052.55056213272 1171.296822904724
1.7291276648015073 63228.290591671845 1169.5852936806755
1.729140329778999 63075.68303353053 1396.3438833915025
1.7291529930339269 62621.02382530599 2598.9031649451317
1.7291656545667864 63905.19569120525 3527.0479308944823
1.7291783143780752 65084.0710654875 4201.587761458408
1.7291909724682877 66193.58367726233 3461.845414797527
1.7292036288379224 64942.19557814389 2735.014178623601
1.729216283487475 63721.550715220306 1407.1114154301363
1.729228936417443 62997.48647358765 787.512282983067
1.7292415876283243 63144.90468286399 1141.2584535005403
1.7292542371206159 62650.399864921565 1526.7821418597896
1.7292668848948163 62076.495975939746 1576.532364711133
1.7292795309514235 60656.97639515992 1959.689392873337
1.7292921752909363 59251.93918598083 1700.014449763369
1.7293048179138535 58865.85941919905 1859.0952929418445
1.7293174588206737 59864.97527320486 587.8749615940195
1.7293300980118964 60578.646175793096 983.6364204624724
1.729342735488021 60022.6185606685 1892.9569281455301
1.7293553712495475 59447.61045586001 3783.184629133978
1.729368005296976 59988.09335529315 4070.146597897968
1.7293806376308065 59974.68588476523 3199.18257911419
1.7293932682515392 60964.1916255343 1469.0978633310044
1.7294058971596762 60509.32866007441 1065.7171465937731
1.7294185243557176 60592.0052119039 769.1247110247949
1.7294311498401653 60304.07727558744 981.128104353252
1.7294437736135209 60322.93714265886 589.5912560913473
1.7294563956762852 59846.664292275644 838.8718256046251
1.7294690160289612 58776.37155463689 932.9733925795159
1.7294816346720516 59148.39437860454 1879.3195344328642
1.7294942516060579 60664.839721927376 1899.0579526915446
1.7295068668314841 62226.59766317404 1919.8863141683523
1.7295194803488327 64390.41273086785 1158.7977151783891
1.7295320921586081 65150.491140974744 2818.28937002651
1.7295447022613128 66480.8478261513 3969.8203508075885
1.729557310657451 65056.14753683879 4113.468059258648
1.7295699173475267 64057.31722044152 3067.9685735852627
1.7295825223320458 60714.2079188068 1413.7001307909914
1.7295951256115112 57261.33945079359 1921.062814914003
1.7296077271864287 55866.82558718787 1042.2339766792443
1.7296203270573032 55833.52078219946 1232.2892410922864
1.7296329252246407 56425.28401951058 705.5391232857178
1.7296455216889464 55756.20340195205 1732.2072151837729
1.729658116450727 54433.44925959903 3459.446016624596
1.729670709510488 54982.96027570027 4388.156945235348
1.7296833008687362 55194.281500177116 3668.375002247156
1.729695890525978 57377.063613546474 2229.365049838325
1.7297084784827215 59947.392971364905 1537.4915388275995
1.729721064739473 61607.36682385933 2037.1972016673753
1.72973364929674 61776.50685363886 1809.806500185374
1.7297462321550314 58352.017440456504 1532.224518210586
1.7297588133148538 57996.77889065824 1360.1578778521798
1.7297713927767167 57373.894174438414 1308.0056434971884
1.7297839705411278 58847.33358257923 1686.7333018108343
1.7297965466085972 57633.30134600408 1802.5931101179785
1.7298091209796327 56893.93922235917 2450.03040538443
1.7298216936547444 58384.23275570505 2193.9495806155232
1.7298342646344413 59067.56416562248 1419.1149515516242
1.7298468339192337 59965.22948831739 657.0464590864447
1.7298594015096322 57934.28252287254 758.227539167181
1.7298719674061462 58015.845480047865 999.240159062314
1.7298845316092875 59033.376620478826 1178.0309455802308
1.729897094119565 60289.421580470924 794.0553367531663
1.7299096549374922 61637.295255509045 1822.7822197374335
1.7299222140635797 60329.02099779101 1811.8862451868836
1.7299347714983389 60140.63091952979 1689.7566949326945
1.729947327242282 60594.24233806302 1175.3827029954532
1.7299598812959205 61466.428558445776 919.5562661249681
1.729972433659768 62113.14505158507 1539.8418865662748
1.7299849843343365 61457.674509400444 1918.7697695255342
1.7299975333201392 62568.23627831643 2105.233982109959
1.7300100806176897 64427.13519711505 1642.6536386428686
1.730022626227501 64677.92039141238 530.0593756571321
