igrins/spectra/wd_1436-216_K_20190414_smoothed.ecsv
# %ECSV 0.9
# ---
# datatype:
# - {name: WAVELENGTH, unit: um, datatype: float64}
# - {name: FLUX, datatype: float64}
# - {name: ERROR, datatype: float64}
# schema: astropy-2.0
WAVELENGTH FLUX ERROR
[from data line 9346]
1.9921194091436871 31390.604695457358 1165.7002074673826
1.9921344513380017 31438.160116751347 634.9714284391252
1.9921494914283862 30248.194424479858 1194.132723550273
1.9921645294157755 28163.70468717713 1139.9305164890966
1.9921795653011056 27675.958210606317 1757.236447373276
1.9921945990853098 26701.073200770366 1587.9009094784503
1.9922096307693218 25707.44789469785 2142.6352809736927
1.9922246603540725 24268.98545521137 2425.3150563363897
1.9922396878404949 24121.19688626848 2310.420413387921
1.992254713229517 23832.818002393626 2070.0005110335924
1.9922697365220696 23725.64979662542 1330.54006391013
1.9922847577190803 23134.819140019375 1466.0188076463949
1.9922997768214754 23637.58645577764 1085.5094116421526
1.9923147938301813 23596.33430480532 1301.5354686514847
1.992329808746124 23379.21944393575 1650.1545548449344
1.992344821570227 24205.03073072187 2486.73414916599
1.9923598323034142 23577.650865718508 2111.350965903292
1.9923748409466062 25584.423972107368 2453.3448109083624
1.992389847500726 25882.297714638888 2867.0246998306393
1.992404851966693 28932.175346014068 2911.744012253651
1.9924198543454261 29472.691384659836 2198.8754556485906
1.9924348546378439 28882.11690714205 1545.7118095686133
1.9924498528448644 28320.86523362117 1338.1425404124082
1.9924648489674022 28451.30014401478 823.4569843616282
1.992479843006374 29742.023044517977 461.94120979828386
1.9924948349626939 29350.494747860586 1377.8468509883057
1.9925098248372741 29020.501274127844 2205.2328617330904
1.992524812631028 28371.64599706908 2425.979860284312
1.9925397983448667 29035.11396498521 1498.1761409390872
1.9925547819797007 29017.346891037643 1375.2157771638413
1.9925697635364392 30328.296395001886 1209.5092504932745
1.9925847430159902 31698.4291653686 1228.3859223073287
1.992599720419262 33800.473692232714 689.8956925222931
1.9926146957471607 33701.80061342394 663.9256511195846
1.9926296690005907 34400.12849145061 1503.0060149298447
1.9926446401804576 34339.86400974968 1416.4030046903888
1.992659609287664 34871.94435167337 1144.0740558415912
1.9926745763231133 34379.86243367572 1309.423284805539
1.9926895412877061 35261.11175998919 1308.845774479255
1.9927045041823435 36361.459041680355 1417.8365941875677
1.9927194650079239 36200.546049168974 1345.3607974160198
1.9927344237653475 35800.144480765506 1686.0980726338923
1.9927493804555108 34614.09407209353 2127.0602114953085
1.99276433507931 35133.353358218155 1562.5481277376346
1.9927792876376416 35034.943648271495 2085.403486086413
1.9927942381313994 35842.850680903866 2106.736433285665
1.9928091865614779 35996.47114977592 2336.9786117462254
1.992824132928768 35524.0043156585 1789.8091222249645
1.992839077234163 34393.85768139255 2039.1200029210258
1.9928540194785518 32724.5775623195 2849.189460688589
1.9928689596628264 32077.793691960327 3547.1344326745557
1.9928838977878736 31878.76816932309 3568.681726946813
1.9928988338545814 32191.48126710949 2641.8584678499324
1.9929137678638364 31595.757504996138 2424.8168781023514
1.992928699816525 31721.267964309747 2035.6284154170887
1.9929436297135308 31334.783538307653 2829.406899162164
1.9929585575557383 32808.604821778106 2173.25182045091
1.9929734833440305 33670.78764253632 2244.172492455962
1.9929884070792876 34767.61646537879 1831.4770174840219
1.993003328762392 34565.26890025391 2693.546085707993
1.9930182483942227 35134.508998098296 2113.9412332306897
1.9930331659756584 36427.33054358089 1198.961808453668
1.9930480815075773 36895.46477087698 501.450593811006
1.9930629949908556 37017.032773590305 1035.5614790581012
1.99307790642637 36162.03716191167 1847.2442803055314
1.9930928158149945 35364.68127210105 2249.720722784962
1.9931077231576024 34401.16895880718 2672.897523517187
1.993122628455068 34594.769880984226 2573.8725569142844
1.993137531708263 35124.1078898494 2909.641989671103
1.9931524329180574 35573.0008571689 2807.9207713884407
1.9931673320853212 34911.52210090094 3597.9653285033924
1.9931822292109238 34218.762966970804 2982.5676663488375
1.9931971242957325 33105.14285118782 2755.301444549914
1.9932120173406154 32862.33435323293 2213.171394547685
1.993226908346437 33343.358751665706 1693.1882974933367
1.9932417973140626 33442.56868454091 1573.976432851317
1.993256684244357 32524.310123409366 1029.1012179396255
1.9932715691381824 30468.136718052516 1382.2478926146894
1.9932864519964013 29744.62424358431 1540.306533127823
1.993301332819874 30228.312977783207 2102.5436859728225
1.9933162116094616 31745.321557688047 2498.1167487773137
1.9933310883660216 31103.84154170618 3737.6843829793115
1.9933459630904136 30214.991335646126 3492.0598002853467
1.993360835783494 29237.074918080525 3939.6323268849555
1.9933757064461182 30615.057855929535 2767.1407413129054
1.9933905750791425 31790.56297513898 2384.5180890501174
1.9934054416834202 33740.46348254169 1620.44547207275
1.9934203062598048 33987.85419638366 1154.9882099065462
1.993435168809148 34432.311771256034 1230.3250388449812
1.9934500293323012 33951.70749298817 1771.2744477988385
1.9934648878301149 33755.10513693726 1761.2308243374232
1.9934797443034378 32993.87538923843 1520.8286110810518
1.9934945987531176 31130.474736645738 592.214977272226
1.993509451180002 30668.89003172728 501.62363646198304
1.9935243015849378 30368.495116223778 1054.7475914431589
1.9935391499687702 31635.874088678473 1565.3717475526018
1.993553996332342 32338.514008344453 1767.647572975932
1.9935688406764975 32302.046779871907 2382.641979957254
1.993583683002079 32027.830812444958 2935.912297931955
1.9935985233099272 32086.849752869588 2638.7278352686376
1.993613361600883 33165.59819498968 1467.3359342343208
1.993628197875785 33812.043980852824 400.3893292848895
1.9936430321354726 33761.48155896596 324.8923300655342
1.9936578643807819 33182.909500404654 217.73447271614432
1.99367269461255 33251.33394115859 362.5021257533626
1.9936875228316122 33479.72207865055 657.97084179327
1.9937023490388026 33780.629737014875 1365.0967757238643
1.9937171732349546 32123.256434348375 1975.3157909734837
1.9937319954209005 29841.421831952404 2601.5942275152165
1.9937468155974716 29050.131264428484 3054.1224744251112
1.9937616337654993 29260.56101288643 2846.61629112898
1.993776449925812 29857.267734813584 1912.3589812677594
1.993791264079238 28971.19287254122 741.4106718069049
1.993806076226605 28714.490554461932 337.1461952267448
1.9938208863687403 29773.783571953565 969.9781555375791
1.9938356945064686 30511.46318120335 962.7861411434199
1.9938505006406146 31075.70762318083 1394.1958577826672
1.9938653047720012 29743.379039590698 831.9393750143854
1.9938801069014516 29534.386213509257 910.696695329618
1.993894907029787 28564.575718134794 419.34747004437617
1.9939097051578283 28183.226668424766 889.9842061747853
1.9939245012863946 28405.813315573898 848.0009835887432
1.993939295416305 29028.814518125182 915.2181707562984
1.993954087548377 29274.74191596092 529.1408886553277
1.9939688776834263 27877.480928960496 1005.2452758146704
1.9939836658222696 27084.89908188482 1112.8195008817859
1.9939984519657203 28234.743837690392 1521.6736468032964
1.994013236114594 29712.93750733257 1328.637408298903
1.9940280182697014 29635.631146865875 1498.8509442838904
1.994042798431856 28227.072327603535 1027.2157607884426
1.9940575766018664 27784.71871493984 875.5368985611392
1.9940723527805433 29238.112645380308 428.0143007071043
1.9940871269686957 30442.98740022357 890.9595768527603
1.9941018991671313 30334.11038422709 2196.5608268423994
1.994116669376656 30077.876920170558 2383.1272452827943
1.9941314375980763 24389.77853888308 2398.361093756637
1.9941462038321973 20827.999855578986 3792.057601641115
1.9941609680798213 34529.8885286597 15481.28660827459
1.9941757303417527 39882.728621908595 17916.13157563525
1.9941904906187917 49456.265505531934 15199.342172903542
1.994205248911741 32345.662088911897 15048.508389630495
1.9942200052213983 26822.491632820464 25952.71546569952
1.9942347595485643 18363.902387406408 29843.130058573883
1.9942495118940358 21530.760548663566 18668.738108522775
1.99426426225861 26743.6253142885 4837.629347170572
1.994279010643082 30450.598765207273 2432.4083563579716
1.9942937570482486 31699.684286285454 3475.943115882956
1.9943085014749018 33148.48605328199 4888.480355519849
1.994323243923835 33311.74451582117 3922.3306823209236
1.9943379843958406 33306.51831744902 2377.6784285794824
1.9943527228917097 32875.467502729065 1113.4894737405605
1.9943674594122311 33242.08464445424 645.4706108030182
1.9943821939581947 32433.512204746836 940.3346111596172
1.994396926530388 31311.442572072614 857.4955968495976
1.9944116571295982 31018.57635177935 696.800386701523
1.9944263857566114 31989.7439617603 603.7445686632856
1.9944411124122123 33500.63322459029 758.0456150167387
1.9944558370971857 33315.34784990999 951.4838789354646
1.9944705598123145 32802.5433213902 1378.7513358891051
1.9944852805583795 32063.88307470922 1415.2348404059142
1.9944999993361625 31371.010203751175 1283.5592387747188
1.9945147161464438 31578.432788884016 1284.0884945834355
1.994529430990003 32768.397811174946 1275.0518199240853
1.994544143867617 33908.73789328242 1739.7723971866642
1.9945588547800637 35307.99208103511 1231.848448852095
1.9945735637281188 37043.77003279459 1196.6836006789522
1.9945882707125582 38539.163102537874 584.2699235405889
1.9946029757341561 38266.28649959555 454.9462825667743
1.9946176787936838 37453.94085189685 370.9480448938608
1.9946323798919148 36769.99388984429 835.0658580396799
1.9946470790296216 37062.700036724505 8534.647885847766
1.9946617762075718 37639.32646265111 9447.018751185804
1.9946764714265368 37215.39655665009 9432.170228253432
1.9946911646872836 36507.04401295715 2214.67494984117
1.9947058559905797 34112.228314817876 1195.1264655545763
1.9947205453371917 31961.10268169705 1676.4640937494241
1.9947352327278853 31172.750792844607 1671.8300533389515
1.9947499181634236 33027.315670384996 1650.5907044387263
1.99476460164457 32934.67530930121 714.3089072880163
1.9947792831720883 32089.15447665508 417.7600397230982
1.9947939627467384 31803.64153127435 618.0426476100342
1.9948086403692806 34002.69573336352 820.595472087994
1.9948233160404751 35978.760595292595 558.934377524858
1.9948379897610797 35557.577045799284 387.7533146762364
1.9948526615318518 34768.428713242916 449.02240893040016
1.9948673313535483 33788.98214732726 866.1809827551533
1.9948819992269247 34230.93031059517 1112.7022624991894
1.9948966651527336 35341.88333811425 1442.8508893365233
1.9949113291317313 35492.36710892763 1824.392167421977
1.9949259911646682 35472.044716841614 1857.3188370207122
1.994940651252296 35340.406935073486 1757.7112696212628
1.9949553093953658 36173.93375068331 1897.8905438569354
1.994969965594627 37059.35386846258 2391.4848422828727
1.9949846198508279 36133.013263140325 2773.705159505208
1.9949992721647158 35164.00266898754 2716.194580078125
1.9950139225370374 32800.45260736818 2667.540283203125
1.9950285709685383 32632.593388298155 2644.6695963541665
1.9950432174599628 31836.812320103585 2615.768798828125
1.995057862012055 30068.9703129578 2611.195393880208
1.9950725046255566 29148.36191328894 2651.0145670572915
1.9950871453012107 28642.96753244456 2797.522705078125
1.9951017840397562 29385.576267166805 2985.894368489583
1.9951164208419339 29779.52018551628 3181.2621256510415
1.9951310557084818 30257.887212273366 3363.0270182291665
1.995145688640138 31497.708594884774 3462.408284505208
1.9951603196376388 33250.163454820955 3469.2148437499995
1.9951749487017205 35133.303088773464 3398.149251302083
1.9951895758331164 36133.44688082782 3322.96240234375
1.995204201032561 35363.02417593647 3248.847981770833
1.995218824300788 35535.79240499799 3104.016520182291
1.9952334456385274 36456.39696840082 2972.137451171875
1.9952480650465114 37040.1869765384 2859.090901692708
1.9952626825254691 35323.01817287892 2791.353108723958
1.9952772980761286 32941.22141034441 2735.023193359375
1.9952919116992192 32180.44766492168 2696.4662272135415
1.995306523395466 31359.098598272416 2660.7877604166665
1.995321133165596 30778.00884490215 2624.98583984375
1.9953357410103334 30582.981154443063 2607.395345052083
1.9953503469304026 31667.279029768775 2598.098714192708
1.9953649509265259 32882.01167923664 2612.205078125
1.9953795529994258 33885.5485604299 2622.662434895833
1.9953941531498218 35458.38154454816 2663.790852864583
1.9954087513784349 36929.45990116714 2731.8375651041665
1.9954233476859846 37122.41304346926 2842.52783203125
1.9954379420731878 36080.70147266166 2942.062255859375
1.995452534540761 33732.1819729749 3021.057942708333
1.9954671250894216 31677.63577162928 3014.291585286458
1.9954817137198828 31136.548453605865 3003.4658203125
1.9954963004328605 31179.657997706665 2952.192220052083
1.9955108852290657 32204.52849349547 2914.6650390625
1.9955254681092114 32338.09327870458 2886.068196614583
1.9955400490740087 34266.883855336586 2910.551513671875
1.9955546281241683 36499.57245024113 3017.716796875
1.995569205260397 37039.48908892555 3217.122802734375
1.9955837804834056 36106.30369244503 3542.663655598958
1.9955983537938986 33389.029868703896 4194.807454427083
1.9956129251925838 36379.534454991925 5372.251139322916
1.9956274946801655 39678.19306022148 7627.126627604166
1.9956420622573485 39813.81594489 11329.330078125
1.9956566279248342 33216.09229007438 15066.367513020832
1.995671191683327 34616.05040047616 16096.996419270832
1.9956857535335264 35770.834586787605 13797.134440104164
1.995700313476133 37151.92558473178 10072.747884114582
1.9957148715118467 32633.44462232366 7458.09423828125
1.9957294276413646 32712.864164603885 6049.869954427082
1.9957439818653844 34386.417422107086 5158.93310546875
1.9957585341846025 33424.27798606095 4369.03271484375
1.995773084599713 31881.97196451316 3680.295817057291
1.9957876331114115 31491.06869234755 3138.7529296874995
1.9958021797203904 31627.864339250948 2804.799641927083
1.9958167244273428 31342.81541246764 2631.448079427083
1.9958312672329586 30623.32391019273 2554.090657552083
1.9958458081379293 30544.25643316763 2505.7631022135415
1.995860347142943 30993.223692937736 2482.750081380208
1.9958748842486902 32205.054648277874 2453.272054036458
1.9958894194558556 33158.31316857398 2452.6278483072915
1.995903952765127 34159.787410408404 2460.14404296875
1.995918484177189 34538.03932947863 2496.0546061197915
1.995933013692727 33898.25886776286 2548.945638020833
1.9959475413124235 33718.45253287313 2649.984130859375
1.9959620670369616 34485.24477673717 2837.064534505208
1.995976590867021 36119.32249643078 3094.362874348958
1.9959911128032848 37349.579499298576 3345.6662597656245
1.99600563284643 36208.89347350783 3472.9755859374995
1.996020150997136 35263.37043164341 3457.8974609374995
1.9960346672560803 33818.206504838934 3350.983968098958
1.9960491816239392 34732.668234920464 3232.030517578125
1.9960636941013885 34692.57587544266 3141.620524088541
1.996078204689102 35224.6011641888 3079.592610677083
1.996092713387754 35038.28581188536 3030.4454752604165
1.9961072201980166 34373.26306130053 2944.1886393229165
1.9961217251205616 32978.69313862196 2803.632893880208
1.996136228156059 32106.069141430977 2626.7578125
1.9961507293051786 34324.171525837446 2499.21826171875
1.996165228568589 37726.67178146174 2438.096923828125
1.996179725946958 38436.05455676574 2412.94287109375
1.9961942214409518 37238.65272026816 2411.1569010416665
1.9962087150512362 35431.387943602924 2445.307861328125
1.9962232067784758 35492.297859189865 2542.9609375
1.9962376966233344 35828.66794268732 2741.584309895833
1.9962521845864742 35729.272666617166 3094.065673828125
1.9962666706685572 35651.880777691345 3523.384114583333
1.9962811548702442 34538.948140819266 3785.521809895833
1.9962956371921943 32182.28530788317 3668.994954427083
1.996310117635067 30353.95805683808 3287.8695475260415
1.9963245961995195 29432.1424714073 2877.2203776041665
1.9963390728862083 31239.102303649895 2637.50048828125
