igrins/spectra/wd_1436-216_K_20190414_smoothed.ecsv
# %ECSV 0.9
# ---
# datatype:
# - {name: WAVELENGTH, unit: um, datatype: float64}
# - {name: FLUX, datatype: float64}
# - {name: ERROR, datatype: float64}
# schema: astropy-2.0
WAVELENGTH FLUX ERROR
[from data line 13706]
2.0535710434483088 35980.570411142755 2282.267903645833
2.053584315999483 34759.0897968142 2093.8732503255205
2.0535975868450485 33796.67475041936 2009.4630940755208
2.05361085598475 33009.89524602861 1998.83154296875
2.0536241234183303 32351.820781659877 2015.4586181640625
2.0536373891455306 32315.50255830284 2073.9278564453125
2.053650653166091 32525.205391407955 2173.9638671875
2.05366391547975 34656.272248496236 2354.784505208333
2.053677176086245 40396.852936637195 2688.2572428385415
2.053690434985314 44145.19969759032 3201.4833170572915
2.053703692176691 44975.30054232577 4060.97314453125
2.053716947660111 45598.963746000125 5752.160725911458
2.053730201435305 46592.082102457025 9682.221028645832
2.0537434535020074 32214.12671200422 20073.635416666664
2.0537567038599462 4903.04665891357 45364.560546875
2.053769952508851 41093.58657265533 79536.39713541666
2.05378319944845 76359.94099932615 93640.83072916666
2.053796444678469 93789.55872896676 77859.06510416666
2.0538096881986347 54125.14582544389 43933.957356770836
2.0538229300086703 27648.165500886607 20543.169596354164
2.053836170108299 32071.85767680328 10062.114095052082
2.053849408497243 30431.777988846712 5872.49267578125
2.0538626451752227 34177.40045360171 4077.185791015625
2.0538758801419563 32954.04840192667 3210.384521484375
2.0538891133971626 32864.60328062714 2793.842366536458
2.0539023449405587 31693.749693384896 2650.57373046875
2.0539155747718594 33009.47439646125 2752.269124348958
2.0539288028907796 33531.78371765684 3015.6845703125
2.053942029297032 34578.880221330255 3236.196126302083
2.05395525399033 33645.56356758547 3181.186279296875
2.0539684769703817 32409.023017140295 2848.38916015625
2.053981698236898 30896.66392740001 2408.2953287760415
2.053994917789587 30575.051687388757 2090.8109130859375
2.054008135628156 31863.213168378934 1920.5851236979165
2.0540213517523096 32809.34305195609 1845.926025390625
2.054034566161753 33177.27794918244 1795.6416015624998
2.0540477788561895 33311.36931806305 1768.452880859375
2.054060989835321 32969.985198470866 1757.632364908854
2.0540741990988494 32920.73776248298 1767.8056640625
2.054087406646471 32767.89244872736 1789.045166015625
2.054100612477889 33506.10237378736 1892.9154866536458
2.054113816592796 34929.92263038701 2116.2979736328125
2.0541270189908905 35629.72976530714 2379.13525390625
2.0541402196718654 37127.136988159706 2598.1486002604165
2.054153418635417 38170.54053935855 2684.2706705729165
2.054166615881235 38896.89412166594 2694.0068359375
2.05417981140901 36427.42662706754 2647.7783203125
2.054193005218434 35815.18411943225 2538.7655436197915
2.0542061973091936 36537.07085508988 2447.867757161458
2.0542193876809764 37792.667248126214 2430.344970703125
2.0542325763334692 37038.24576426807 2551.5654296875
2.054245763266357 36096.48270886105 2748.596028645833
2.0542589484793212 36548.67255874056 2981.403401692708
2.054272131972047 37703.767951516245 3344.287679036458
2.054285313744214 39764.804846479135 4051.198649088541
2.054298493795503 47067.31141866346 5562.074869791666
2.0543116721255914 47778.06292090542 8910.929361979166
2.0543248487341574 43311.96003911671 17258.572428385414
2.054338023620877 45859.54785473732 36422.250651041664
2.054351196785425 65137.952365915386 65682.30859375
2.0543643682274753 77259.51144320112 88841.51432291666
2.0543775379467015 51397.72888657143 87415.97265625
2.054390705942773 28889.395189210514 62303.82942708333
2.05440387221536 17760.400203262187 33192.11621093749
2.0544170367641335 30698.010497000938 15165.943196614582
2.0544301995887597 28387.47173098616 7909.899739583332
2.054443360688904 25494.198036923663 4964.70458984375
2.0544565200642326 24423.11660181806 3604.375732421875
2.05446967771441 25548.224272418593 2897.6484374999995
2.054482833639097 27497.6657957406 2503.171956380208
2.0544959878379574 29231.465784853786 2255.383138020833
2.0545091403106497 30954.427024056487 2113.77197265625
2.0545222910568333 31992.952687726185 2015.7614339192708
2.054535440076166 32589.19323979141 1949.565226236979
2.0545485873683047 32099.774168685726 1887.6329345703125
2.054561732932904 31235.947344591223 1840.4639485677083
2.054574876769619 31203.535262997197 1805.8497314453125
2.0545880188781007 31632.344934044526 1784.7781575520833
2.054601159258003 31999.402455322783 1772.329142252604
2.0546142979089748 31741.95489758304 1765.1835123697915
2.0546274348306652 30943.169805530204 1760.037923177083
2.0546405700227233 30716.5268035666 1757.2757568359373
2.0546537034847945 30834.001482429994 1765.2421061197915
2.054666835216525 31827.48713600728 1785.6893717447915
2.054679965217559 32812.553245932104 1819.1413167317708
2.054693093487539 33005.00074616875 1881.2328694661455
2.0547062200261066 32559.039963539763 2025.2975260416665
2.0547193448329035 31863.862024321155 2272.2795003255205
2.054732467907568 30946.81329691374 2567.152669270833
2.0547455892497384 28253.317259391606 2695.5209147135415
2.0547587088590515 27125.341794912772 2586.76171875
2.0547718267351436 27157.348117991358 2332.873860677083
2.054784942877648 30199.47304873964 2155.7711588541665
2.0547980572861984 31188.227669862725 2111.624348958333
2.0548111699604266 32289.91522576657 2154.552490234375
2.0548242808999633 32450.329569300833 2252.0131022135415
2.0548373901044386 33609.84289397258 2402.8984375
2.05485049757348 34089.74392782446 2633.718017578125
2.0548636033067154 35071.00847891005 3008.230712890625
2.054876707303768 36163.00279329969 3676.064534505208
2.054889809564266 36140.387546857615 4973.73876953125
2.0549029100878307 37437.30785210767 7838.646647135416
2.054916008874084 37428.18836236379 14778.97265625
2.0549291059226475 52173.01751526189 32800.50423177083
2.05494220123314 41035.03921745942 68694.791015625
2.054955294805181 37760.85705880636 100828.06119791666
2.054968386638387 13508.080093819995 107712.51302083333
2.054981476732374 10453.165887305482 80571.76041666666
2.0549945650867567 16228.168752506192 45726.55598958333
2.055007651701149 26347.891928590696 21592.840494791668
2.055020736575162 38016.44708769041 10671.967610677082
2.055033819708408 33111.099269367165 6255.255533854166
2.055046901100496 31896.368670619533 4285.541748046875
2.0550599807510346 34040.003325738246 3344.612711588541
2.0550730586596315 36363.2268444801 2823.079182942708
2.055086134825893 37586.2724642346 2511.5599772135415
2.055099209249424 36965.941042337436 2303.715169270833
2.0551122819298264 36777.88471228973 2166.034016927083
2.0551253528667055 37245.915155980736 2067.7116292317705
2.0551384220596596 37087.67284274427 2007.4844563802083
2.0551514895082907 36501.09581131642 1965.32470703125
2.0551645552121967 36152.16288084437 1956.6032714843748
2.055177619170975 36352.897904913305 1974.3561197916665
2.055190681384222 37188.265267704584 2011.5749104817708
2.0552037418515336 37166.80030567979 2019.7964680989583
2.0552168005725013 36368.61279494417 1979.035685221354
2.05522985754672 35337.20189592589 1906.7438151041665
2.055242912773781 34448.693948103835 1854.1285807291665
2.055255966253272 33953.401561568964 1895.947062174479
2.055269017984784 33063.13372460299 2198.003702799479
2.0552820679679042 32856.464379608195 2658.4532470703125
2.0552951162022186 32459.156560640593 3081.580403645833
2.0553081626873135 31667.691526300976 3168.324951171875
2.0553212074227716 31540.894629497903 2861.5046386718745
2.0553342504081753 30471.502545972617 2405.8971354166665
2.0553472916431086 30900.338261414825 2050.0560709635415
2.0553603311271487 31728.92896400523 1936.2687174479165
2.055373368859876 34529.698296901304 1960.5659179687498
2.0553864048408688 36387.706799330044 2001.182902018229
2.0553994390697032 36618.079683239695 2074.1129964192705
2.0554124715459547 36005.93569973731 2177.460978190104
2.0554255022691974 36476.56367345155 2327.0878092447915
2.055438531239004 35929.134788346404 2516.3788248697915
2.055451558454945 34687.29895838893 2795.139973958333
2.0554645839165935 32793.83213852039 3229.516357421875
2.055477607623516 32953.12618813361 3972.876790364583
2.0554906295752824 35129.435220076186 5405.0078125
2.055503649771459 35731.11771589368 8548.834147135416
2.055516668211611 40090.3637784877 16180.956217447916
2.0555296848953017 62266.56798319385 35309.85579427083
2.055542699822096 99744.22173917657 76271.35221354166
2.0555557129915547 145271.06086564276 111434.97395833333
2.0555687244032383 134235.49292877765 122373.99218749999
2.055581734056707 89319.94685027277 93492.42447916666
2.0555947419515177 38255.07823019959 56409.711588541664
2.0556077480872283 25400.79654321583 27633.60546875
2.0556207524633945 33136.90252392998 13362.425130208332
2.05563375507957 32102.909037692498 7485.01220703125
2.055646755935308 30613.92478638096 4875.195231119791
2.0556597550301614 29732.53893488013 3633.660807291666
2.0556727523636797 31095.10596554794 3011.566731770833
2.055685747935414 32430.862441555364 2640.2021484375
2.0556987417449113 32961.82218325914 2410.7477213541665
2.055711733791719 33274.99992798532 2257.769368489583
2.055724724075383 33790.45091386656 2154.8134765625
2.055737712595448 34031.09388397573 2079.320109049479
2.055750699351457 34846.9565992951 2030.1222330729165
2.0557636843429528 35116.31247709168 2003.2173665364583
2.0557766675694755 34952.164742252644 1981.4188639322915
2.055789649030565 33678.85089184761 1964.068400065104
2.0558026287257607 31911.58959213412 1938.994384765625
2.055815606654599 31045.51327455423 1922.7759602864583
2.055828582816615 31230.811287791796 1916.5564778645833
2.055841557211345 31717.055520842398 1924.1075846354165
2.0558545298383217 31646.892400750723 1934.7530924479165
2.055867500697078 32539.674696728533 1958.0910237630208
2.0558804697871444 32986.994164780815 2007.6637369791665
2.0558934371080513 32706.068624526742 2078.745402018229
2.055906402659326 31045.644954327934 2112.5797526041665
2.0559193664404973 30026.642010510506 2083.17041015625
2.0559323284510906 29890.643561142653 2021.4745279947915
2.0559452886906313 29442.454197249368 1989.2502034505205
2.055958247158643 30237.23907490116 2009.652628580729
2.0559712038546483 31019.005448243952 2044.1986083984373
2.055984158778168 32584.2501647522 2062.539143880208
2.055997111928722 34172.22837996235 2102.1349283854165
2.056010063305829 35724.7701348572 2173.4108072916665
2.056023012909008 35671.697095605414 2292.1591796875
2.0560359607377734 33939.68714212091 2428.2030436197915
2.0560489067916414 32096.59805547228 2621.041097005208
2.056061851070125 31938.811481103756 2878.24755859375
2.0560747935727375 31969.936738662538 3290.9191080729165
2.0560877342989903 32098.00035924592 4089.19287109375
2.0561006732483933 33400.94344923608 5678.693929036458
2.0561136104204554 38434.923656719926 8972.279296875
2.0561265458146845 34514.02117672651 16661.185221354164
2.056139479430587 30404.992902379094 34907.146484375
2.0561524112676683 18119.914701967988 70033.30338541666
2.0561653413254315 31048.257787910803 101973.97916666666
2.0561782696033806 73179.93084244968 114398.1328125
2.0561911961010173 92908.42407575695 92014.49609375
2.05620412081784 77633.80321365844 58849.797526041664
2.05621704375335 33619.23694771042 29811.72786458333
2.0562299649070437 20028.6643665132 15141.319498697914
2.056242884278418 26673.44590547753 9214.6552734375
2.056255801866969 31830.683969985977 8767.846028645832
2.0562687176721908 25810.863259062608 11378.74072265625
2.056281631693575 18716.576916489204 14409.661783854166
2.0562945439306155 17072.14232393898 15513.867838541666
2.0563074543827997 25787.39832202434 14112.586263020832
2.0563203630496205 31370.608542649978 10814.960286458332
2.056333269930563 33194.90152062921 7202.568359375
2.0563461750251157 30740.797674558133 4594.531901041666
2.0563590783327634 31196.59134144548 3832.405598958333
2.056371979852991 31943.256866515014 4789.99462890625
2.0563848795852806 33156.4353416863 7389.843261718749
2.0563977775291145 31056.35935743677 10517.04150390625
2.056410673683974 28614.573557183357 12564.214192708332
2.0564235680493375 27587.023816294033 12314.727213541666
2.0564364606246843 30010.56458785382 9857.780761718748
2.0564493514094906 31856.35415357348 6430.685139973958
2.056462240403232 33390.93456392326 3615.2164713541665
2.056475127605383 34436.47993380476 2420.353515625
2.0564880130154175 34932.95946494813 2234.071858723958
2.056500896632807 35048.43133146414 2171.5150553385415
2.056513778457023 35112.44780285688 2159.3310546875
2.056526658487534 33887.15140481276 2174.523193359375
2.056539536723809 33628.879063543274 2212.68359375
2.0565524131653143 34572.55976561796 2241.5555826822915
2.0565652878115173 36046.91477974574 2277.93017578125
2.056578160661882 37146.4211972974 2341.675618489583
2.05659103171587 36577.46647789039 2467.37255859375
2.0566039009729464 36774.79348722246 2655.836181640625
2.0566167684325705 36554.48218857336 2978.676595052083
2.056629634094203 36950.40781160987 3445.917236328125
2.0566424979573013 35397.22597684263 3929.228352864583
2.0566553600213235 33877.37058254245 4177.659586588541
2.056668220285725 33097.76379603149 4152.9072265625
2.056681078749961 32741.803998123498 4055.7360026041665
2.056693935413485 35565.70118447808 4209.50634765625
2.056706790275749 38885.19038130729 4839.00341796875
2.056719643336204 41795.97928921206 6314.72119140625
2.0567324945943017 42987.39195897605 9778.5
2.0567453440494887 43817.68242287358 18135.005208333332
2.056758191701214 41123.32914308969 37297.531901041664
2.056771037548922 79948.81433223712 73338.24739583333
2.0567838815920583 141203.70173549216 112900.7265625
2.0567967238300677 177747.9641920469 118904.05989583333
2.056809564262392 140018.06291123634 91324.54296875
2.0568224028884714 68823.93737315529 47769.24218749999
2.0568352397077487 27603.53796655487 23104.059244791664
2.05684807471966 21118.33839776656 11749.7197265625
2.0568609079236437 26037.926157259564 6976.4169921875
2.056873739319137 31982.47239373675 4912.627766927083
2.056886568905574 34764.791285115236 3879.349690755208
2.056899396682389 35921.49772418743 3290.9899088541665
2.056912222649015 34915.809113488795 2916.8486328125
2.0569250468048823 33522.8352861518 2674.3649088541665
2.0569378691494227 32884.97838750819 2516.1986490885415
2.0569506896820644 33001.89071290451 2402.3702799479165
2.056963508402235 33832.83079706959 2332.5865885416665
2.056976325309361 34337.557856579064 2280.7972819010415
2.0569891404028677 34205.00545679113 2233.5748697916665
2.0570019536821795 34618.82877036125 2187.835042317708
2.057014765146719 34423.358735230446 2164.314697265625
2.0570275747959084 34655.4240034328 2158.6808268229165
2.0570403826291663 33410.34514081308 2152.527587890625
2.0570531886459142 32852.455177549695 2149.2137858072915
2.057065992845569 32388.959307430858 2136.7218424479165
2.0570787952275467 32035.83996422083 2124.2635904947915
2.0570915957912637 31941.89282124817 2118.953206380208
2.057104394536134 30614.397243990916 2131.747639973958
2.0571171914615696 30607.1973490368 2166.542317708333
2.0571299865669834 31401.962157515693 2244.014729817708
2.057142779851786 33864.870868445425 2383.43798828125
2.057155571315386 34813.82608625287 2577.1805826822915
2.057168360957192 34951.329450697616 2685.1339111328125
2.0571782459584247 33145.456675606656 2838.4041748046875
2.057181148776611 33974.87636491449 2832.5496826171875
2.0571939347730472 34448.15914886208 2074.7369590257135
2.0571942619489723 35388.716089072346 1467.040818394121
2.0572102754993637 34911.42306747478 1379.4171972941733
2.057226286610861 33732.351484311264 1509.9617063332848
2.057242295284723 32736.129850515856 1764.2118314319287
2.0572583015222077 32597.04668172983 1840.4309888225862
2.0572743053245737 33349.39726483301 1895.186516535452
2.057290306693077 33495.74674016121 1513.9710033464205
2.057306305628973 33861.226864768214 853.6666153853914
2.0573223021335156 34736.7462870458 1035.5705780980334
2.0573382962079587 37318.2541326216 2686.1073528623665
