igrins/spectra/wd_1436-216_K_20190414.ecsv
# %ECSV 1.0
# ---
# datatype:
# - {name: WAVELENGTH, unit: um, datatype: float64}
# - {name: FLUX, datatype: float64}
# - {name: ERROR, datatype: float64}
# schema: astropy-2.0
WAVELENGTH FLUX ERROR
[from data line 22305]
2.3019569309221017 23654.491851128696 2472.1728515625
2.301973504846267 23718.829281294355 2457.15625
2.3019900770099686 23953.627917461075 2493.123291015625
2.30200664741179 23636.068497946282 2512.574462890625
2.30202321605032 23790.238434761566 2501.142333984375
2.302039782924148 23954.014606253026 2492.039306640625
2.3020563480318676 24929.745787915213 2517.663330078125
2.3020729113720746 25933.942890733022 2620.31591796875
2.3020894729433676 24721.93346002432 2793.093994140625
2.302106032744349 23666.13701168751 2998.07373046875
2.3021225907736227 22419.993864145847 3173.984619140625
2.302139147029796 21856.064706373163 3240.798095703125
2.30215570151148 20864.8014997965 3259.140869140625
2.302172254217286 19126.880606511993 3135.19921875
2.302188805145832 18134.79552275226 2999.921875
2.302205354295736 18177.495101206056 2927.4375
2.302221901665619 16825.11223552293 2830.59228515625
2.302238447254106 17449.708792069978 2864.37744140625
2.302254991059825 18540.46588280928 2864.8232421875
2.3022715330814054 21234.604824475005 2829.17626953125
2.3022880733174804 21329.698338682432 2750.3173828125
2.302304611766686 21461.88506502773 2627.08642578125
2.3023211484276604 21866.38881077782 2571.14111328125
2.3023376832990468 22783.51254189338 2505.057373046875
2.3023542163794883 22407.59200525257 2467.774658203125
2.302370747667633 22848.693770345883 2462.305419921875
2.30238727716213 23213.69916881708 2477.757568359375
2.3024038048616333 23007.92891900429 2490.070556640625
2.3024203307647984 22502.02658345891 2469.64501953125
2.3024368548702845 22139.603019310605 2468.283447265625
2.3024533771767524 21949.051730234998 2500.66796875
2.3024698976828666 22448.931797056553 2537.630615234375
2.3024864163872953 23233.075940380248 2545.069580078125
2.3025029332887077 23835.64859585343 2551.2314453125
2.302519448385777 23105.48153085797 2589.48828125
2.3025359616771808 22609.933796748788 2622.54931640625
2.3025524731615956 22891.516580259093 2678.18115234375
2.3025689828377027 24192.691372540823 2716.478271484375
2.302585490704188 25148.49025783029 2788.359375
2.302601996759739 26620.619769260873 2872.11083984375
2.3026185010030447 26220.741384728026 2923.06005859375
2.3026350034327976 25135.461932104427 3005.791259765625
2.3026515040476947 23031.12030980408 3068.40380859375
2.3026680028464352 22550.940693298817 3018.869384765625
2.3026844998277185 22508.63235838846 3016.441162109375
2.3027009949902513 23637.24989737394 3055.101806640625
2.3027174883327395 23528.241524675443 2888.304443359375
2.302733979853894 23470.01665013125 3039.95751953125
2.3027504695524263 23304.66869821679 3144.550048828125
2.3027669574270537 24327.202185856004 3097.3154296875
2.3027834434764944 24399.13518000064 3019.403564453125
2.30279992769947 23785.883018598986 2929.85107421875
2.302816410094704 21856.464663398277 2793.384765625
2.3028328906609246 21412.68281186334 2620.778076171875
2.3028493693968617 21101.335626448847 2496.432373046875
2.302865846301248 22400.88272115396 2462.36181640625
2.3028823213728193 23439.11337787412 2402.3388671875
2.3028987946103143 24033.003333854987 2375.929931640625
2.3029152660124748 23963.282425076126 2398.44677734375
2.3029317355780448 23528.219325640173 2387.155029296875
2.3029482033057715 22949.483823545757 2381.736328125
2.302964669194404 21276.426901853687 2399.3193359375
2.302981133242697 19622.123691760375 2414.091796875
2.3029975954494053 19322.175922144455 2448.733154296875
2.3030140558132874 20025.776989275117 2459.904296875
2.3030305143331056 19450.31136322961 2424.343994140625
2.3030469710076225 18240.491800900505 2431.970458984375
2.303063425835607 18228.96721262374 2471.274169921875
2.3030798788158275 19883.01789728852 2466.186279296875
2.303096329947059 21322.246542474044 2485.505126953125
2.303112779228075 22303.44998853014 2486.00390625
2.303129226657655 22877.052579710115 2425.2783203125
2.303145672234581 22954.682714542854 2372.877197265625
2.3031621159576363 22797.983430415774 2362.092041015625
2.3031785578256083 23559.767343728858 2365.923095703125
2.3031949978372874 23221.413697625594 2378.820556640625
2.303211435991467 22530.007558192738 2374.650634765625
2.3032278722869415 21669.96084903652 2367.318115234375
2.303244306722509 22684.708277869744 2411.60400390625
2.303260739296973 23351.68038954518 2466.871826171875
2.3032771700091352 23265.79194597681 2509.816162109375
2.303293598857805 22940.962547453295 2538.96044921875
2.3033100258417907 22925.066670893222 2552.564208984375
2.3033264509599065 23052.266628195386 2561.0625
2.303342874210967 23210.363416702505 2533.977294921875
2.303359295593791 23036.24224306987 2508.358642578125
2.3033757151072 23685.752899413346 2506.17578125
2.3033921327500186 24308.674763849365 2559.438720703125
2.3034085485210736 24274.817093467398 2598.972412109375
2.3034249624191934 23530.578850858434 2660.810791015625
2.3034413744432127 23303.217813530013 2760.39306640625
2.3034577845919677 24136.308361357762 2795.32666015625
2.3034741928642943 25028.598503041176 2878.62890625
2.303490599259036 25742.210578150633 2957.56640625
2.3035070037750365 26061.91085643138 3108.6689453125
2.303523406411142 25637.306445329206 3328.982666015625
2.303539807166204 24168.500016593924 3534.653076171875
2.3035562060390733 23541.980589668045 3677.578369140625
2.303572603028606 24018.4917517723 3776.70703125
2.303588998133662 24169.80820895597 3688.57275390625
2.303605391353101 23877.935836437326 3451.55078125
2.3036217826857883 23564.38576133613 3147.273193359375
2.30363817213059 23481.993658518913 2843.33349609375
2.303654559686377 22873.138114498306 2689.68994140625
2.303670945352021 22678.40872625664 2669.258544921875
2.303687329126398 22912.227423671797 2748.351318359375
2.3037037110083864 24307.4681543305 2933.72900390625
2.3037200909968676 25072.684631299373 3098.657470703125
2.303736469090725 26275.864425145952 3173.30810546875
2.3037528452888463 26141.98672638304 3161.376953125
2.303769219590122 25010.229360513542 3086.247802734375
2.303785591993443 23762.84393459469 2973.306884765625
2.3038019624977064 23703.780928279328 2844.12060546875
2.3038183311018106 24276.84267654356 2845.62158203125
2.3038346978046556 23684.560130255326 3037.248779296875
2.3038510626051467 21052.539334860707 3225.57373046875
2.3038674255021903 17925.83100245033 3460.879638671875
2.3038837864946964 16476.721852342358 3580.753662109375
2.303900145581577 16439.050754769454 3449.88232421875
2.303916502761749 17064.39785912509 3151.598388671875
2.3039328580341296 18199.87414313016 2845.66357421875
2.30394921139764 19229.266484524695 2643.313232421875
2.3039655628512046 19677.976079834727 2455.534912109375
2.3039819123937506 19597.110769657087 2352.340576171875
2.303998260024208 19477.12069992431 2314.04833984375
2.304014605741509 20412.29232429531 2299.681396484375
2.3040309495445883 20797.675737770107 2309.696044921875
2.304047291432385 21942.26197197322 2309.217041015625
2.304063631403841 22664.050188982248 2335.7548828125
2.304079969457899 23173.680015112634 2354.00048828125
2.3040963055935078 23607.618847943275 2390.89208984375
2.3041126398096146 24249.259191772107 2410.0556640625
2.3041289721051736 24375.901343066842 2395.20458984375
2.30414530247914 23415.40391058412 2368.81103515625
2.3041616309304724 22881.889630062375 2345.585693359375
2.3041779574581316 23408.090384060582 2311.303466796875
2.304194282061082 24234.48963188417 2303.7939453125
2.30421060473829 24537.740520809966 2287.691650390625
2.304226925488725 24637.49909894863 2263.266357421875
2.304243244311361 24907.456873107643 2304.973876953125
2.3042595612051717 25437.58999820476 2275.134765625
2.3042758761691364 24365.39332194136 2324.0400390625
2.304292189202236 23277.89384968334 2398.12646484375
2.304308500303454 22894.996465761018 2461.146484375
2.3043248094717788 23388.283014831213 2632.614013671875
2.3043411167061985 24986.301458996702 2890.104248046875
2.3043574220057064 25620.701697944925 3367.499755859375
2.304373725369298 25296.2320765049 4095.550537109375
2.3043900267959705 25010.81643745122 4697.609375
2.3044063262847256 26767.970571494072 5131.2236328125
2.304422623834568 29228.40232669418 5080.0390625
2.3044389194445043 29121.645138239666 4529.5498046875
2.3044552131135436 26587.160115098275 3793.09130859375
2.3044715048406985 24627.13774199773 3298.6689453125
2.3044877946249844 23763.440795148254 3028.076904296875
2.3045040824654195 22710.89276360906 2841.668701171875
2.304520368361026 21500.16111700369 2735.35498046875
2.3045366523108255 21516.33055875067 2682.343505859375
2.304552934313847 23178.074986288706 2628.34228515625
2.3045692143691188 25671.204038415024 2645.897216796875
2.304585492475675 26602.614736901094 2692.33349609375
2.304601768632548 25735.29156618206 2699.775390625
2.3046180428387792 24018.46628771066 2707.991943359375
2.3046343150934083 23300.991021845268 2667.344970703125
2.3046505853954793 24497.47323699286 2585.875244140625
2.3046668537440382 25745.66941149467 2501.357421875
2.3046831201381357 26441.003008508305 2493.57861328125
2.3046993845768236 25011.375623391974 2468.36328125
2.304715647059157 23487.54226783637 2432.064697265625
2.3047319075841957 22210.71189843239 2406.403076171875
2.3047481661509983 21013.96995943983 2360.872802734375
2.3047644227586304 20210.140856482492 2333.730224609375
2.304780677406158 19702.596969937396 2318.067138671875
2.304796930092652 20166.955139990252 2300.619384765625
2.304813180817183 20555.197843049962 2288.793212890625
2.3048294295788274 20394.17507411367 2290.550537109375
2.3048456763766625 20207.727371668247 2335.3974609375
2.3048619212097696 19873.267354732474 2428.898193359375
2.304878164077233 19466.917681766885 2595.800048828125
2.3048944049781395 19799.81788335503 2839.850341796875
2.3049106439115783 21130.142940029516 3027.825927734375
2.304926880876642 21906.307266749325 3111.612548828125
2.3049431158724247 21832.81047664424 3067.239501953125
2.3049593488980262 21476.826565567128 2880.435546875
2.304975579952546 21741.32418402147 2633.806396484375
2.3049918090350903 22052.817695128062 2440.40576171875
2.3050080361447627 22559.433173772122 2323.3193359375
2.3050242612806744 23637.35471149856 2264.208740234375
2.305040484441938 23306.679424903585 2219.217529296875
2.3050567056276687 22546.990145321524 2188.88671875
2.3050729248369835 22261.057125676296 2175.646240234375
2.305089142069004 23712.127229677506 2176.25830078125
2.3051053573228546 24319.172835494603 2166.59814453125
2.30512157059766 23697.49851010864 2136.685546875
2.3051377818925523 22766.083169542042 2154.89013671875
2.3051539912066628 22319.524837879788 2146.682373046875
2.305170198539126 22394.181939111404 2136.467529296875
2.3051864038890804 22950.147015227332 2139.5908203125
2.305202607255667 23495.215661204722 2152.47705078125
2.30521880863803 24328.439180986643 2154.227294921875
2.305235008035315 23824.16174124566 2181.633056640625
2.305251205446672 23036.627777554095 2161.9326171875
2.305267400871254 22243.289620261345 2145.3173828125
2.305283594308215 23209.62130147597 2171.208984375
2.3052997857567132 24072.951421853228 2176.120849609375
2.3053159752159105 24857.49258120102 2189.65380859375
2.30533216268497 23989.99083082054 2221.44970703125
2.3053483481630583 24322.70206422149 2256.21240234375
2.305364531649344 24211.531505578016 2339.640380859375
2.305380713143001 25200.557466279126 2479.4365234375
2.305396892643204 25083.634819697465 2667.092041015625
2.3054130701491298 25399.661701564863 2862.748291015625
2.30542924565996 25068.377406466585 3078.909423828125
2.305445419174879 23913.030089990705 3295.70556640625
2.305461590693073 23193.256086793168 3369.85888671875
2.3054777602137304 22912.847143862535 3253.0390625
2.3054939277360442 22910.60570270943 3086.135498046875
2.30551009325921 22153.14661578565 2954.492919921875
2.305526256782426 21624.703785545484 2891.1220703125
2.3055424183048916 23199.27217130571 2752.754150390625
2.3055585778258116 25075.54601126639 2569.640625
2.3055747353443916 25321.953084627334 2419.5751953125
2.3055908908598424 24163.80372353755 2338.163818359375
2.3056070443713743 23741.492006656084 2278.24169921875
2.3056231958782045 23894.014421700675 2248.38232421875
2.3056393453795496 24081.039917195638 2222.010009765625
2.3056554928746307 22646.177302213626 2203.987060546875
2.305671638362671 22529.265275242662 2203.255859375
2.305687781842898 23385.80957923709 2216.12353515625
2.305703923314541 23839.1744137644 2236.5419921875
2.3057200627768313 22981.080689559978 2265.190185546875
2.305736200229005 21861.09499360904 2279.58935546875
2.3057523356702987 22228.262948359235 2274.310791015625
2.305768469099954 22590.81816066772 2252.465576171875
2.3057846005172142 21813.75412170341 2234.583740234375
2.305800729921326 19688.230861423246 2208.1796875
2.3058168573115396 18472.364319032473 2146.2802734375
2.3058329826871056 18005.544566565244 2120.458984375
2.3058491060472797 19187.448115349725 2108.9267578125
2.3058652273913203 19789.873119842538 2084.422607421875
2.3058813467184875 20895.088267965933 2126.00244140625
2.3058974640280447 21030.299194703264 2138.169921875
2.3059135793192596 21691.332231707787 2148.6474609375
2.3059296925913992 22437.352434954308 2209.774658203125
2.305945803843738 22755.32861122417 2285.986083984375
2.30596191307555 21706.582189610817 2367.77294921875
2.3059780202861138 21093.781981300526 2481.173583984375
2.3059941254747085 22091.43031027854 2562.99267578125
2.3060102286406186 24000.56345424799 2632.742431640625
2.3060263297831307 24846.39367024265 2666.849853515625
2.306042428901534 24657.106954468483 2634.249267578125
2.306058525995121 24417.909613874755 2603.215576171875
2.3060746210631846 24535.094506792382 2539.3671875
2.306090714105026 24227.711181208975 2490.480712890625
2.306106805119943 23532.82365598245 2403.5546875
2.306122894107241 23207.13697245464 2338.403564453125
2.3061389810662254 22731.890198516117 2264.3779296875
2.306155065996206 22844.653392964457 2183.43212890625
2.3061711488964933 22200.950307550556 2168.384033203125
2.306187229766405 22717.126736143782 2154.927978515625
2.306203308605257 22885.02256306612 2138.36572265625
2.3062193854123705 23134.233254072256 2133.817138671875
2.306235460187068 23585.83533141353 2144.1591796875
2.3062515329286772 23549.99661361507 2163.986083984375
2.306267603636527 23306.714370888298 2198.520263671875
2.306283672309949 23289.867934929272 2279.600830078125
2.306299738948279 23585.946883881385 2333.5390625
2.306315803550854 23693.462377069285 2339.756103515625
2.306331866117015 24087.087043845982 2336.359375
2.306347926646105 24778.30382229039 2289.448486328125
2.3063639851374713 25547.897199640378 2230.802490234375
2.3063800415904616 24556.04359250968 2182.720947265625
2.3063960960044296 22603.150732794136 2167.27734375
2.3064121483787288 21906.297485271247 2163.181396484375
2.3064281987127178 22379.47158388033 2157.704345703125
2.3064442470057567 24301.835781683272 2168.8251953125
2.306460293257209 25210.409093431717 2193.35205078125
2.306476337466442 25744.79035677442 2223.90869140625
2.3064923796328234 25805.232869848474 2267.117919921875
2.3065084197557257 25760.135496036586 2403.8916015625
2.306524457834525 24505.746670150977 2647.73291015625
2.3065404938685967 23239.877533692466 3003.966796875
2.3065565278573237 22442.367639396878 3286.653564453125
2.3065725598000877 22222.271504743658 3396.794677734375
2.306588589696275 21883.569962509755 3252.003173828125
2.3066046175452763 22263.830695408946 2942.14501953125
2.3066206433464824 22843.86863184651 2585.935546875
2.306636667099288 23497.560103293283 2380.83154296875
2.306652688803091 22945.42022232729 2261.9921875
2.3066687084572934 23360.736770069656 2167.51220703125
2.3066847260612957 23791.577759644995 2113.51806640625
2.306700741614506 23788.791894276335 2126.924072265625
2.306716755116334 23344.357880616495 2104.720703125
2.3067327665661903 22692.394238510133 2101.827880859375
2.30674877596349 22209.59095306723 2106.87158203125
