igrins/spectra/wd_1436-216_K_20190414.ecsv
# %ECSV 1.0
# ---
# datatype:
# - {name: WAVELENGTH, unit: um, datatype: float64}
# - {name: FLUX, datatype: float64}
# - {name: ERROR, datatype: float64}
# schema: astropy-2.0
WAVELENGTH FLUX ERROR
[from data line 20528]
2.274389147654646 23508.268071804843 3053.094482421875
2.2744053619932036 24191.32568878416 2556.90869140625
2.274421574461506 24077.992482477217 2316.32861328125
2.2744377850585153 22654.594319018906 2292.5576171875
2.2744539937831965 21680.77224042478 2292.477783203125
2.2744702006345174 22226.95245946577 2259.267822265625
2.274486405611446 23588.853116795683 2245.639404296875
2.2745026087129574 24704.973491798446 2244.743896484375
2.274518809938025 24722.991912684065 2221.545166015625
2.274535009285628 25654.48956780777 2227.745361328125
2.2745512067547446 25780.924670415363 2225.795654296875
2.27456740234436 26542.935792984954 2209.544189453125
2.274583596053458 25509.15705679464 2248.65625
2.274599787881028 24362.09341283462 2216.779052734375
2.27461597782606 23847.054092406248 2225.50341796875
2.274632165887549 24231.304645521337 2245.825927734375
2.274648352064488 24897.330943767243 2256.794189453125
2.2746645363558784 24311.55355786792 2298.697021484375
2.274680718760721 24695.556835460702 2304.843994140625
2.274696899278018 25285.936752577905 2380.852783203125
2.274713077906778 25967.919477394502 2547.873779296875
2.2747292546460094 26309.984457186132 2723.89013671875
2.2747454294947236 25736.06326916182 2941.25537109375
2.2747616024519357 25654.255841594782 3198.768310546875
2.274777773516661 25174.113696342523 3257.70458984375
2.2747939426879205 24878.092645631652 3193.7451171875
2.2748101099647364 25149.770425259023 2959.189208984375
2.2748262753461335 25320.28607663232 2695.870849609375
2.2748424388311377 25608.360623172008 2521.645263671875
2.2748586004187805 24038.07736087197 2450.81591796875
2.2748747601080943 23315.84893762014 2396.684814453125
2.274890917898114 23657.139653390557 2332.465087890625
2.274907073787878 24708.407934519797 2306.32177734375
2.2749232277764264 24797.624652375733 2303.576171875
2.274939379862803 24103.441342002116 2278.8173828125
2.274955530046051 24350.376767980168 2232.796142578125
2.2749716783252216 24771.998935931988 2224.666015625
2.2749878246993647 24774.173172707022 2197.505126953125
2.2750039691675337 24356.44806366509 2188.236328125
2.2750201117287854 24232.53724750402 2204.01416015625
2.275036252382177 24380.57799617321 2202.548095703125
2.2750523911267715 24220.890564824724 2218.72412109375
2.2750685279616323 23879.30709270112 2272.961669921875
2.2750846628858263 25106.50639398531 2267.2578125
2.275100795898422 25543.02374284631 2254.60205078125
2.275116926998492 25039.990973018903 2293.5810546875
2.27513305618511 24083.599434605934 2288.76708984375
2.2751491834573554 24367.736738726606 2287.435302734375
2.275165308814304 25270.588872067623 2307.769775390625
2.27518143225504 25883.248603114647 2321.067138671875
2.275197553778649 26057.949874634018 2299.675048828125
2.275213673384218 25341.987574130326 2290.143798828125
2.2752297910708372 24874.305896047717 2269.49267578125
2.2752459068375996 24612.24783959365 2263.275634765625
2.2752620206835994 25374.745978094274 2253.658203125
2.275278132607936 25598.924622834886 2241.70947265625
2.2752942426097085 25946.433212172826 2247.443359375
2.275310350688021 25826.39584870734 2262.05029296875
2.27532645684198 25282.35828124827 2312.960205078125
2.2753425610706937 24372.198858351054 2407.430419921875
2.275358663373271 24490.883538576196 2594.20703125
2.2753747637488284 24861.723104833123 2883.153076171875
2.275390862196481 25298.765028016867 3459.637939453125
2.275406958715347 26932.755078725328 4294.61279296875
2.275423053304549 27566.292475829356 5026.13037109375
2.275439145963211 26936.13342214541 5274.9404296875
2.275455236690459 23808.4786979461 4888.39697265625
2.275471325485422 22693.588226404907 3998.817626953125
2.2754874123472337 22945.106233138846 3291.116455078125
2.275503497275028 23896.51356066143 2859.329345703125
2.275519580267941 24462.551766376055 2628.22607421875
2.2755356613251143 24723.46587667116 2535.644775390625
2.275551740445688 24504.054064652835 2546.826904296875
2.2755678176288088 23634.707038741664 2556.15771484375
2.2755838928736245 22641.34596483527 2674.60986328125
2.275599966179284 23183.651694573477 2991.984130859375
2.2756160375449412 23355.853307827318 3496.200439453125
2.275632106969752 25544.83972426766 4065.356689453125
2.275648174452873 25546.92418645759 4489.7373046875
2.2756642399934655 25153.666282952734 4595.58203125
2.2756803035906934 23222.045882195085 4305.83935546875
2.275696365243723 22492.095201940196 3636.35595703125
2.2757124249517218 23188.710234813923 3000.775390625
2.2757284827138613 23633.844470995147 2651.457763671875
2.2757445385293154 23522.244641129655 2489.570068359375
2.2757605923972593 24427.563720606377 2433.815673828125
2.2757766443168745 24953.75820479687 2413.91796875
2.275792694287341 25323.788515292672 2441.075927734375
2.2758087423078424 25135.258508840292 2592.13427734375
2.2758247883775673 25926.328359241306 2922.05810546875
2.275840832495703 27341.429240435886 3372.098876953125
2.275856874661444 28311.990582275714 4084.759033203125
2.2758729148739834 27327.2592195013 4848.708984375
2.2758889531325193 26285.270711665464 5079.6220703125
2.2759049894362504 23988.441224401897 4696.70263671875
2.2759210237843805 23071.68662721786 4082.29345703125
2.275937056176114 23821.751441002532 3514.190673828125
2.2759530866106594 24853.572868897103 3058.09326171875
2.275969115087226 26299.314887775 2784.37109375
2.275985141605028 25939.331283193773 2644.6396484375
2.27600116616328 26604.553994898335 2489.57763671875
2.2760171887612004 25964.78171995383 2390.82666015625
2.2760332093980105 25205.690153505402 2314.186767578125
2.276049228072934 24779.840242728933 2255.4296875
2.276065244785196 25840.455477085794 2226.290283203125
2.276081259534025 26630.31633794548 2233.416015625
2.2760972723186534 26193.97336917812 2260.33154296875
2.276113283138315 25490.327734611463 2250.427001953125
2.276129291992245 25474.55606402275 2204.095458984375
2.2761452988796833 26606.982095370353 2177.886962890625
2.276161303799872 27263.239460476798 2161.343994140625
2.2761773067520554 27115.62150380668 2152.650390625
2.27619330773548 26067.458759577294 2150.69189453125
2.276209306749396 25810.149064676036 2160.6337890625
2.2762253037930553 25497.978255506667 2138.238525390625
2.276241298865712 24975.50703747352 2119.45166015625
2.2762572919666244 24861.428452583878 2115.132080078125
2.276273283095052 24562.33837023428 2123.756103515625
2.2762892722502577 24822.90765787632 2115.479736328125
2.2763052594315067 24893.083600314134 2098.079833984375
2.276321244638067 25430.562440756563 2113.02685546875
2.276337227869209 25224.96280596499 2141.081787109375
2.2763532091242062 24626.086713227487 2153.975341796875
2.276369188402333 24749.125844900067 2152.801025390625
2.276385165702869 25176.571000942946 2156.3837890625
2.276401141025095 25070.98756985442 2245.350341796875
2.2764171143682947 25080.570038816717 2381.641357421875
2.2764330857317536 25462.96593549738 2577.810791015625
2.2764490551147603 26046.536927679048 2845.540283203125
2.276465022516607 25761.60424772634 3173.015380859375
2.2764809879365875 25409.74603015122 3559.78955078125
2.276496951373998 25079.802757307352 3831.64453125
2.2765129128281383 25252.298581160394 3721.665283203125
2.276528872298311 25892.318364893516 3458.05810546875
2.2765448297838176 25736.906965654332 3172.94873046875
2.276560785283968 25353.858671382273 2849.930908203125
2.276576738798071 23800.742377497372 2530.020263671875
2.2765926903254394 23511.0120395844 2339.1337890625
2.2766086398653873 24482.50050957351 2234.010986328125
2.2766245874172326 26274.332758994606 2179.454833984375
2.276640532980296 27428.332210329907 2166.975341796875
2.276656476553899 27222.08023451329 2177.27197265625
2.276672418137368 26209.746133389795 2204.374755859375
2.27668835773003 24771.770403611925 2251.021728515625
2.2767042953312173 24308.276765288145 2263.22412109375
2.276720230940261 25044.249677682426 2231.97900390625
2.276736164556499 25160.02980972052 2232.940185546875
2.276752096179268 24332.16776884532 2214.13623046875
2.27676802580791 23460.886066449435 2213.775390625
2.2767839534417686 24792.182316000573 2180.942138671875
2.2767998790801904 25632.876093229035 2155.870361328125
2.276815802722523 25639.27225409494 2134.976806640625
2.27683172436812 24674.872625889304 2120.96337890625
2.2768476440163337 24986.883667634676 2138.21435546875
2.2768635616665214 25521.763909380374 2147.73828125
2.2768794773180425 25283.333867736637 2146.263916015625
2.2768953909702585 24417.27572920071 2193.432861328125
2.2769113026225356 23639.800064488536 2258.044677734375
2.276927212274239 23281.818569041523 2294.166015625
2.276943119924739 23322.457255908426 2330.348876953125
2.2769590255734093 24186.560525651636 2392.7041015625
2.2769749292196244 24490.414396817607 2402.0400390625
2.27699083086276 24262.863337212773 2343.166259765625
2.277006730502199 24153.024621275137 2253.745361328125
2.277022628137323 24677.440077688232 2179.493896484375
2.2770385237675175 25786.280002679363 2149.254638671875
2.277054417392171 25122.82614984366 2150.767333984375
2.277070309010674 25185.021751773675 2180.370849609375
2.27708619862242 24671.882190731318 2197.19873046875
2.277102086226805 25080.019522142822 2163.313720703125
2.2771179718232264 25001.275081937547 2194.897705078125
2.277133855411087 25369.42099860229 2293.801513671875
2.2771497369897897 25104.029812120454 2444.656005859375
2.277165616558742 25942.39997707036 2712.89892578125
2.277181494117351 28036.047929225206 3224.03759765625
2.27719736966503 29468.23986234598 3779.321533203125
2.277213243201192 30166.897539506113 4118.0654296875
2.2772291147252544 27397.550169184113 4033.7275390625
2.277244984236637 25827.470920830718 3545.3916015625
2.2772608517347623 23668.27773306744 2948.22607421875
2.277276717219054 23444.359073813514 2577.034423828125
2.2772925806889392 24040.204783181915 2417.078369140625
2.277308442143849 24299.75628255492 2314.70947265625
2.2773243015832145 24748.403118053488 2281.579345703125
2.277340159006472 24197.217904901354 2241.75439453125
2.2773560144130602 23879.009560017465 2202.59716796875
2.2773718678024166 23825.768603018776 2135.73193359375
2.277387719173986 23843.48823864268 2102.555908203125
2.2774035685272147 24900.57063042839 2125.140625
2.2774194158615493 25581.546054883285 2161.3017578125
2.2774352611764423 25627.13381594953 2152.94921875
2.2774511044713455 25274.24243785986 2149.601806640625
2.277466945745715 24790.627136427876 2147.06494140625
2.277482784999011 25606.02060137334 2123.698974609375
2.277498622230694 25929.65875764072 2103.6904296875
2.277514457440228 26027.7532354433 2089.636474609375
2.277530290627078 25864.370558143753 2099.57080078125
2.2775461217907162 25826.20691081235 2075.206787109375
2.277561950930612 25413.068045620057 2080.794189453125
2.27757777804624 25127.575636324807 2081.837158203125
2.2775936031370785 25273.01377332987 2095.765380859375
2.277609426202605 25831.717014968315 2111.693115234375
2.277625247242304 25381.240481146422 2086.3935546875
2.277641066255659 24266.703539418595 2077.3388671875
2.277656883242157 23817.23330718925 2075.53759765625
2.2776726982012883 24010.045675908998 2063.94921875
2.2776885111325464 25007.35095066222 2062.933349609375
2.277704322035427 25615.07952729294 2061.662841796875
2.2777201309094264 25883.791566735286 2050.652099609375
2.277735937754046 25678.964242776834 2037.8988037109375
2.2777517425687877 25487.199931544394 2012.1956787109375
2.277767545353159 24329.997485915545 2017.1336669921875
2.2777833461066668 24101.710267038354 2026.0155029296875
2.2777991448288235 23998.924945898907 2028.7939453125
2.277814941519142 24900.139377789455 2031.98095703125
2.2778307361771373 24843.437036705083 2038.98193359375
2.27784652880233 25278.796981585467 2046.5340576171875
2.2778623193942407 25635.722119269107 2068.08935546875
2.277878107952393 25475.242230906213 2086.46826171875
2.277893894476314 25323.937014930867 2072.972412109375
2.277909678965533 24924.03427365262 2097.989013671875
2.277925461419582 24676.512124951994 2113.3603515625
2.277941241837996 23489.94355719162 2105.549072265625
2.27795702022031 23212.020401951602 2121.617431640625
2.277972796566066 23627.786078895853 2090.61474609375
2.277988570874805 24176.12512040418 2077.50146484375
2.2780043431460726 25401.9053091682 2057.93701171875
2.2780201133794167 26182.777499757605 2086.048583984375
2.2780358815743855 26308.64229142085 2131.84814453125
2.2780516477305337 25561.032507295608 2164.043212890625
2.278067411847416 25122.655764516607 2148.671875
2.278083173924591 25372.359547023447 2151.80078125
2.278098933961618 25823.238295018917 2160.009765625
2.2781146919580615 25846.87370514467 2195.11181640625
2.2781304479134867 25878.29174742374 2283.84814453125
2.2781462018274623 25524.340565864837 2382.62060546875
2.278161953699559 25835.167508296494 2464.8310546875
2.2781777035293507 26293.588209434558 2573.681640625
2.278193451316415 27742.251099770176 2530.750732421875
2.2782091970603284 27785.104164684555 2383.213623046875
2.2782249407606745 27240.15551325932 2254.990234375
2.278240682417036 25445.196608273065 2181.18408203125
2.278256422029 24916.032974114856 2145.92822265625
2.278272159596156 25366.158554371843 2151.85986328125
2.2782878951180967 25655.86319720287 2163.9072265625
2.278303628594416 26245.18717132812 2173.533447265625
2.2783193600247107 25643.50769414688 2168.935546875
2.2783350894085808 25468.427567588777 2128.532958984375
2.2783508167456286 23708.58333239106 2112.82470703125
2.278366542035461 23483.35514866668 2076.841064453125
2.278382265277683 23739.226874089418 2073.99853515625
2.278397986471907 24121.394467641265 2058.465576171875
2.2784137056177443 24534.221718411136 2048.406494140625
2.2784294227148116 24686.09126487043 2039.0565185546875
2.2784451377627266 25162.002892140026 2041.0291748046875
2.2784608507611095 24960.54492219499 2037.900390625
2.278476561709584 24498.756532831652 2032.37060546875
2.278492270607776 24913.064810266034 2052.32421875
2.2785079774553147 25111.125071931056 2065.451171875
2.278523682251831 25127.25781077145 2071.371337890625
2.2785393849969577 25134.44796444922 2082.96875
2.2785550856903316 25210.24462945595 2103.173583984375
2.278570784331593 25292.808271537157 2117.73291015625
2.2785864809203824 24868.58508297749 2118.0546875
2.278602175456345 24776.21186327366 2084.758544921875
2.2786178679391256 24524.302736811456 2088.494873046875
2.278633558368376 25035.15226860029 2078.524169921875
2.278649246743748 24799.012244905894 2079.144775390625
2.2786649330648943 24688.146985828665 2050.051513671875
2.278680617331474 24240.575945584926 2073.300537109375
2.2786962995431472 24476.955424671723 2053.44384765625
2.2787119796995756 24906.684713496405 2053.98388671875
2.2787276578004243 23439.225936755793 2072.188232421875
2.278743333845362 19225.006439188513 2092.593017578125
2.278759007834058 16070.291737283344 2217.3056640625
2.2787746797661863 17704.99873361265 2290.404296875
2.2787903496414215 22224.689994774442 2283.638671875
2.278806017459443 25919.38122000316 2306.523681640625
2.2788216832199306 26125.91647834502 2313.130615234375
2.2788373469225687 25747.45826829953 2272.167724609375
2.2788530085670424 24989.645019224983 2223.53515625
2.278868668153041 24271.432553028902 2152.502197265625
2.2788843256802553 23621.49746579376 2118.0146484375
2.27889998114838 24761.91175312184 2092.411376953125
2.2789156345571113 26355.396309998287 2079.447998046875
2.278931285906148 27612.14389752606 2071.23828125
2.278946935195192 27599.46541943791 2059.03173828125
2.2789625824239477 27558.05958929054 2057.05078125
2.2789782275921224 27274.123054326465 2076.249267578125
2.2789938706994253 26609.658923195293 2075.31396484375
2.2790095117455693 25708.240337418905 2058.8544921875
2.2790251507302677 25396.363624053476 2054.9638671875
2.2790407876532397 25842.95910619561 2068.026611328125
2.2790564225142047 26143.47459388074 2063.524658203125
2.2790720553128847 26662.402816229504 2047.5626220703125
