igrins/spectra/wd_1436-216_K_20190414_smoothed.ecsv
# %ECSV 0.9
# ---
# datatype:
# - {name: WAVELENGTH, unit: um, datatype: float64}
# - {name: FLUX, datatype: float64}
# - {name: ERROR, datatype: float64}
# schema: astropy-2.0
WAVELENGTH FLUX ERROR
[from data line 7902]
1.9722856112847167 55057.30696186224 5931.172017765265
1.972300221093813 85267.8888342011 15199.181661744346
1.972314829032506 61713.04434190347 39953.46151187129
1.9723294351012663 44034.16260481263 38461.95797884189
1.9723440393005593 13774.286798025267 33395.63520559988
1.9723586416308545 23750.493167395514 11695.42272093331
1.9723732420926192 30014.3126575816 11054.746713831377
1.9723878406863191 35972.41823936277 8298.778763622064
1.9724024374124212 39296.32045725273 5048.36772846313
1.9724170322713914 38305.556707188895 2966.719764256445
1.9724316252636938 37457.38108071242 1741.0142965524783
1.9724462163897942 37058.44439055155 2189.3933916992305
1.9724608056501551 37818.590884803416 3883.7382426469817
1.9724753930452408 37454.629238487505 4620.338236314339
1.972489978575514 37487.00123503596 5286.728453207401
1.9725045622414374 35905.43797497605 4703.831498884421
1.9725191440434722 35712.5355210258 4711.577625643953
1.9725337239820808 35175.01160126187 4516.137022619143
1.972548302057723 35363.61723104368 3364.6229065115576
1.9725628782708595 36305.97916531061 2287.058385228337
1.9725774526219502 36527.017942889994 2410.805169769682
1.9725920251114533 38576.8260014687 1688.6493397690276
1.9726065957398287 37427.1105125529 1693.7796391492461
1.9726211645075333 36875.46516586437 1073.165450551693
1.9726357314150251 36675.781576525755 1493.1177017122181
1.972650296462762 37989.4107332739 2321.6615201637132
1.9726648596511984 39313.82904411363 2212.8556817007684
1.9726794209807923 38542.759250650735 1894.3538717155325
1.972693980451998 38220.36054212597 2254.7286969477914
1.97270853806527 36654.598509484305 3499.1187777111963
1.9727230938210631 35589.918850650305 4705.41379383757
1.9727376477198315 34580.713839946766 4391.297407959397
1.972752199762028 36545.88830000512 3810.7497796299613
1.9727667499481056 38506.646783259624 2433.803376667972
1.9727812982785156 40600.623743197626 1659.4285637616333
1.9727958447537095 41293.46840886909 1164.8117549890326
1.9728103893741396 39213.69991978342 1016.2789028992862
1.972824932140256 37269.89640453632 927.9616517433853
1.9728394730525085 36372.64275719987 2032.2123668962518
1.9728540121113463 37692.69496187424 3454.8145783094465
1.972868549317218 38719.66888954984 3841.2630810360406
1.972883084670573 38616.347918288986 3319.462162795593
1.9728976181718587 38261.170075139424 2907.6614168617953
1.9729121498215219 37586.816322720944 3452.8106649958577
1.9729266796200091 34518.09777027022 3377.9560967856605
1.9729412075677684 31619.374147677045 2808.9221016041956
1.9729557336652435 30362.231110223474 3259.1833899618123
1.97297025791288 31973.467368723228 2698.275863328465
1.972984780311123 32750.78378223398 2881.502460985162
1.9729993008604163 31429.90042667235 1800.1325545390973
1.9730138195612028 30984.60592579863 2455.4679433268934
1.9730283364139265 32485.761944150407 2185.145730415885
1.9730428514190295 36801.71122871394 2907.418919612282
1.973057364576953 39221.00278824444 5937.278288445594
1.973071875888139 36051.29506042825 6118.568215395743
1.973086385353028 33503.97645458534 6282.06741334483
1.973100892972061 28584.37654410037 5956.507654272923
1.9731153987456767 31411.80037979696 5971.861368498382
1.973129902674315 31117.098090674805 5032.808212951443
1.9731444047584135 33859.29883652827 1221.2986885781334
1.9731589049984122 33374.69681980231 1641.4835207137664
1.9731734033947472 33059.35242608638 1472.0922370849935
1.9731878999478556 33075.608246044314 9524.57097539326
1.9732023946581747 32490.766352651866 8449.81167116347
1.9732168875261396 30642.515969719072 8257.307284085553
1.9732313785521862 28892.952598790143 842.5108924477036
1.9732458677367495 28583.925625543667 1445.7538449171998
1.9732603550802632 30702.747186929086 1921.073042807674
1.9732748405831617 32228.31185710157 2311.4919739506677
1.9732893242458782 33056.6222076443 1740.99072560086
1.973303806068845 32435.815005524946 1525.9283254075985
1.9733182860524945 31779.205306651424 666.9273614259371
1.9733327641972584 31528.753142656307 1356.8371554493938
1.9733472405035677 33039.68510044947 1131.9956759774882
1.973361714971853 35096.78142291582 1031.9736533050766
1.9733761876025444 36072.89138735318 1327.1390035520294
1.9733906583960716 35658.91106798695 1768.417831083897
1.973405127352863 34446.80751039389 2365.3242235534617
1.9734195944733472 33820.327368669714 1541.9391979941645
1.9734340597579518 33121.05958345138 1401.9192108412367
1.9734485232071055 35367.08066007204 1494.7537332640436
1.9734629848212335 37373.66781611751 4394.16230025154
1.9734774446007626 42293.187578309735 4801.121600613168
1.9734919025461177 41902.74189839199 4370.358997477933
1.9735063586577257 40193.22166967195 3278.645991500732
1.97352081293601 35191.51272871382 3808.7481259763563
1.9735352653813951 32323.43615006425 4544.967447916666
1.973549715994304 31829.448826190866 3583.509033203125
1.9735641647751603 33787.30257482971 3211.7916666666665
1.973578611724386 36068.74754891562 3127.2242838541665
1.973593056842404 36879.726371525736 3085.25439453125
1.9736075001296343 36600.55031988627 3056.82177734375
1.9736219415864986 37185.967768427145 3044.4274088541665
1.973636381213417 38778.258473206144 3052.32470703125
1.9736508190108095 38640.92469349594 3070.764729817708
1.9736652549790952 36940.76337463593 3100.139404296875
1.9736796891186923 35272.60961237771 3116.180013020833
1.9736941214300192 35105.05427701216 3288.3925781249995
1.9737085519134945 36056.94574796169 3913.6554361979165
1.9737229805695338 38428.41287395339 5101.0888671875
1.973737407398554 39252.739027638214 6566.38818359375
1.9737518324009724 38699.77791491061 7691.06103515625
1.9737662555772026 36497.34864535412 8230.806966145832
1.9737806769276605 35904.11103502448 8146.341471354166
1.9737950964527606 38105.146023951835 8321.818359375
1.9738095141529162 46299.90026027561 10519.445638020832
1.9738239300285407 46902.73123162985 13824.7470703125
1.9738383440800475 45527.15454854075 14820.551106770832
1.9738527563078478 35762.82494994356 12214.470214843748
1.9738671667123546 34248.641140712076 7982.359375
1.9738815752939767 34258.28743252396 5339.64697265625
1.9738959820531279 35907.25900047358 4189.106526692708
1.973910386990216 38715.49623979267 3742.249837239583
1.9739247901056507 37630.009182303926 3666.5859375
1.9739391913998408 37076.23629612803 3845.120849609375
1.9739535908731962 34353.661377401295 4247.508626302083
1.9739679885261237 33611.511143749805 4845.931315104166
1.9739823843590314 35205.106304472254 5532.438151041666
1.9739967783723251 34257.60660188052 6128.252115885416
1.9740111705664118 34958.32996049551 6465.473307291666
1.9740255609416963 33202.92211189844 6402.149739583332
1.9740399494985856 34427.851254676905 5888.093587239583
1.9740543362374827 33542.20291421296 5145.908365885416
1.9740687211587926 33654.548963152665 4517.186848958333
1.9740831042629183 33689.28178540384 4340.418294270833
1.974097485550263 34527.97864547625 4626.7783203125
1.97411186502123 36346.91228350067 5395.946940104166
1.9741262426762203 36828.92774007537 6855.8671875
1.974140618515635 36424.101191848444 9401.751302083332
1.9741549925398763 31555.370220795543 12643.3388671875
1.9741693647493437 30641.485801603343 15072.178059895832
1.9741837351444373 30676.62735568347 16045.571940104164
1.9741981037255563 36430.11926495701 17069.752604166664
1.9742124704930992 33520.613806805166 22169.028971354164
1.9742268354474644 33671.1799233506 36839.039713541664
1.9742411985890496 60714.15276499624 54893.926432291664
1.9742555599182516 47484.78887965869 58623.38802083333
1.9742699194354676 50209.258301090435 46505.533854166664
1.9742842771410927 23291.479345994107 26242.471028645832
1.9742986330355228 39618.89028485924 14670.01220703125
1.9743129871191536 35805.986964296615 8787.89013671875
1.9743273393923784 33932.421176703414 6087.779622395832
1.974341689855592 33528.05797065445 4732.429361979166
1.9743560385091867 34881.002872688725 4013.780517578125
1.9743703853535561 35497.390776204 3631.077799479166
1.9743847303890927 37571.78507753701 3408.318277994791
1.9743990736161874 40020.570248382406 3271.951171875
1.9744134150352317 39929.27966188112 3146.956136067708
1.9744277546466162 37802.77819955103 3040.525960286458
1.974442092450731 35294.39139345293 2958.503255208333
1.974456428447966 35045.83536768086 2940.9437662760415
1.9744707626387101 37664.62463825633 2945.567626953125
1.9744850950233512 37850.846544637265 2964.722005208333
1.9744994256022779 38340.255471268494 3005.177815755208
1.9745137543758773 36652.81236982349 3114.0001627604165
1.9745280813445363 36441.4790590918 3336.1337890625
1.974542406508641 35922.52135180488 3847.2013346354165
1.9745567298685776 37177.14380134043 4979.377766927083
1.9745710514247312 41046.972261926356 7040.233235677083
1.9745853711774863 36999.705867766505 9371.51220703125
1.9745996891272277 33105.5190153406 10055.956380208332
1.974614005274338 28621.256283392286 8683.212727864582
1.974628319619201 29685.254916882677 6312.436197916666
1.974642632162199 30699.25904677172 4647.246419270833
1.9746569429037142 31685.844778664105 3831.724690755208
1.9746712518441278 33422.8153616796 3357.998128255208
1.9746855589838206 32532.5129579245 3061.8981119791665
1.9746998643231737 30586.37423928143 2868.0870768229165
1.9747141678625666 29576.05337615531 2716.363037109375
1.9747284696023786 29683.584941197976 2647.9173990885415
1.9747427695429878 29649.458593394425 2596.749348958333
1.9747570676847734 30343.062472747108 2563.4515787760415
1.9747713640281126 31805.08649504024 2518.574055989583
1.9747856585733827 33761.24498556866 2496.888753255208
1.9747999513209604 34071.42579176535 2471.337158203125
1.9748142422712218 35373.782631740134 2458.018391927083
1.9748285314245417 35716.05623450056 2443.3365885416665
1.9748428187812954 37570.457734944284 2440.695149739583
1.9748571043418577 38560.91702986215 2429.613606770833
1.9748713881066036 38857.03111334858 2431.787109375
1.9748856700759039 37599.76512419496 2432.796956380208
1.9748999502501332 35909.48813661686 2433.7391764322915
1.9749142286296637 35382.633659770574 2440.726806640625
1.9749285052148668 36407.20810129962 2470.4525553385415
1.9749427800061135 36906.23739184947 2486.5367838541665
1.9749570530037748 36872.73727189176 2488.545491536458
1.9749713242082207 35977.23225030182 2484.6373697916665
1.9749855936198215 36199.80231377127 2497.202473958333
1.974999861238945 38199.40513374817 2525.856689453125
1.9750141270659605 39094.4403310257 2550.95068359375
1.975028391101236 39583.91444935723 2580.8490397135415
1.9750426533451386 38216.11647710517 2602.5478515625
1.9750569137980354 37501.75781867246 2646.059326171875
1.9750711724602925 37072.59512508576 2777.510498046875
1.9750854293322766 37164.2055812503 3138.55224609375
1.975099684414352 42652.02144353856 4213.408040364583
1.9751139377068834 47181.41385020493 6290.113037109375
1.9751281892102361 46108.29156780429 8740.085774739582
1.975142438924773 39873.37394349335 10432.1484375
1.9751566868508565 36966.41314502557 10532.440755208332
1.9751709329888503 38589.49459682263 9056.919596354166
1.9751851773391158 39825.615182558526 6590.692301432291
1.9751994199020155 37459.94421512044 4306.050455729166
1.975213660677909 35899.346264251624 2939.030924479166
1.9752278996671582 35613.0615049756 2571.636962890625
1.9752421368701212 34649.37293459989 2530.044189453125
1.975256372287159 34362.57286790628 2555.9098307291665
1.975270605918629 34002.08282582377 2597.947347005208
1.975284837764891 34889.19334278375 2682.811279296875
1.9752990678263014 36492.689776407984 2841.693359375
1.9753132961032183 36565.78765887579 3197.657470703125
1.9753275225959976 37959.284492941544 3941.357421875
1.9753417473049957 38950.67452713572 5228.096842447916
1.9753559702305687 40520.33236076686 6648.022135416666
1.9753701913730708 39118.30031337974 7010.363281249999
1.9753844107328573 36362.77569145385 6127.287272135416
1.975398628310281 33904.96648806338 4591.424641927083
1.9754128441056964 33362.027085129725 3539.42138671875
1.9754270581194557 33130.669735092124 3033.634358723958
1.9754412703519117 33904.82908876287 2831.189208984375
1.975455480803417 37299.86122592591 2832.291015625
1.9754696894743202 47975.74743914482 3035.3717447916665
1.9754838963649743 57540.95504064257 3259.446695963541
1.9754981014757294 57900.602388031184 3273.2323404947915
1.975512304806934 51285.662973818835 3066.694254557291
1.9755265063589382 43812.05434748374 2791.1778971354165
1.9755407061320898 41585.16533006291 2614.157958984375
1.9755549041267373 37926.87469742715 2494.1920572916665
1.9755691003432279 35616.65497600952 2435.465576171875
1.975583294781909 34998.77520217511 2432.848225911458
1.9755974874431266 34907.345174612456 2478.926513671875
1.975611678327226 34512.096838670404 2578.3353678385415
1.9756258674345537 33253.66423374196 2719.525390625
1.9756400547654538 32989.57705101855 2872.395589192708
1.9756542403202708 33617.582224789236 2972.8434244791665
1.9756684240993485 34649.96555972259 2972.4310709635415
1.9756826061030295 34292.63562874545 2880.5279947916665
1.975696786331657 33239.9167027849 2726.281005859375
1.975710964785573 31384.043468217424 2593.235921223958
1.9757251414651185 31524.89191263606 2519.369140625
1.9757393163706345 31980.125675005776 2561.6149088541665
1.9757534895024622 33110.145576489 2815.801350911458
1.9757676608609416 33059.021010587916 3305.586018880208
1.975781830446411 33312.11235864887 3909.876953125
1.9757959982592104 32552.542517208734 4327.365152994791
1.9758101642996773 31665.50208596865 4364.625895182291
1.9758243285681496 30497.436182438385 4156.371419270833
1.9758384910649656 32791.374668918295 4210.426920572916
1.9758526517904607 36640.552003708115 5064.158610026041
1.975866810744971 39377.61208455786 7152.28271484375
1.9758809679288334 39893.722233533364 9892.019856770832
1.9758951233423814 33168.33381987727 11442.921223958332
1.9759092769859508 28616.34515404509 10687.016764322916
1.9759234288598744 23196.46256826815 8176.56201171875
1.9759375789644869 25132.715315034904 5726.100748697916
1.97595172730012 26458.79303836466 4167.559326171875
1.975965873867107 28579.406320277012 3303.970621744791
1.9759800186657792 29144.930334714405 2848.3515625
1.9759941616964685 29708.953997419783 2622.0226236979165
1.9760083029595048 30353.701531349532 2524.7265625
1.976022442455219 31046.69435299604 2491.014404296875
1.976036580183941 30914.17306860759 2511.8148600260415
1.9760507161459993 33241.421004208845 2608.5011393229165
1.9760648503417217 36248.56048910931 2822.759358723958
1.9760789827714385 37686.57779259489 3241.0687662760415
1.9760931134354751 37007.45154488814 4067.005208333333
1.9761072423341597 37500.266195561984 5606.134195963541
1.9761213694678181 38606.38909675169 7700.345377604166
1.976135494836777 37015.74443044176 8782.161458333332
1.9761496184413612 33068.25944554637 8273.439778645832
1.976163740281895 28955.215978036445 6586.673014322916
1.976177860358703 27610.21162474409 5217.177897135416
1.9761919786721092 27968.672775348856 4366.475504557291
1.9762060952224376 30405.895274349557 3675.4025065104165
1.9762202100100095 31985.354071780777 3033.3656412760415
1.9762343230351473 32632.440136957877 2543.3583984375
1.9762484342981732 32259.177032079086 2277.878987630208
1.9762625437994081 32077.72845606604 2184.1312662760415
1.976276651539172 32207.401833151962 2175.916015625
1.9762907575177853 32333.242747660708 2165.538899739583
1.976304861735567 32682.378149943703 2163.7694498697915
1.9763189641928367 32701.990523973174 2151.495442708333
1.976333064889912 32769.41412303498 2121.717041015625
1.9763471638271102 33006.4149364262 2087.2264811197915
1.9763612610047498 33268.04756697134 2062.13427734375
1.9763753564231479 33168.55982354877 2077.833821614583
1.9763894500826191 33426.58091815367 2102.516927083333
1.97640354198348 33704.86803675464 2126.589925130208
1.9764176321260458 33846.793664716606 2123.19140625
