igrins/spectra/wd_1436-216_K_20190414.ecsv
# %ECSV 0.9
# ---
# datatype:
# - name: WAVELENGTH
#   unit: um
#   datatype: float64
# - name: FLUX
#   datatype: float64
# - name: ERROR
#   datatype: float64
# schema: astropy-2.0
WAVELENGTH FLUX ERROR
[from data line 21417]
1.6659222780722318 64508.52361457797 1001.5896328376216
1.6659345384396314 65191.38832051237 3965.732718884644
1.66594679712239 61719.299434609224 5497.877613782425
1.6659590541210472 64235.24258499475 6590.864877546717
1.6659713094361415 66515.07721451456 9656.518878024284
1.6659835630682112 62004.46327924603 5648.300354306613
1.6659958150177967 61432.984516920485 3622.390320156702
1.6660080652854359 65177.12259992064 3068.780335931191
1.6660203138716678 67221.81955079651 1073.860207411443
1.666032560777033 66408.68419959891 3698.718185777951
1.666044806002069 66124.42415297094 2761.4545249973808
1.6660570495473166 64443.60716160133 769.9299795111916
1.6660692914133153 59308.01242044798 243.1182389644476
1.666081531600604 54908.17889660281 877.9238990857843
1.6660937701097225 55674.849166554566 2359.094110324551
1.6661060069412115 59759.53584488064 585.5298262808592
1.6661182420956095 61510.00649286315 1156.9064744702614
1.666130475573457 63343.00669076564 1321.4286461483825
1.6661427073752944 64963.93491367766 1313.731146152476
1.6661549375016615 65171.884399734954 835.889782901318
1.6661671659530983 63682.3633349633 3393.666850821456
1.6661793927301456 66789.2257019778 1964.4217634457361
1.6661916178333436 67420.84845286193 2948.7893317310854
1.666203841263233 65729.40339858035 3336.2511199045725
1.6662160630203542 68280.35271893781 3538.8661833154274
1.6662282831052473 67771.58666715902 818.7552290261505
1.666240501518454 67109.31290915594 1127.7212242221328
1.6662527182605147 69830.4629019748 1362.3848043494681
1.66626493333197 69752.71766228488 2874.1869114939636
1.6662771467333615 67086.47783636625 130.54480276348528
1.66628935846523 69018.19045292071 704.3978713116459
1.6663015685281162 66029.9431523977 691.6154482130202
1.6663137769225624 64301.70634781114 1835.3538415322803
1.666325983649109 67969.67665380036 615.0490029554903
1.6663381887082986 64830.44106284052 1577.3817715567466
1.666350392100671 65104.36004221019 208.96230880038667
1.6663625938267699 61272.02903756926 330.2425614533105
1.6663747938871354 63450.819184139174 1182.8870555551896
1.6663869922823105 65365.27821893627 2535.082890103545
1.666399189012836 65091.469482587745 1424.9308799606765
1.6664113840792543 64795.533247347135 186.6219370044484
1.6664235774821077 65327.59101900726 421.9961414063325
1.6664357692219376 68255.05090292217 4170.017544416557
1.6664479592992874 70293.37377853024 5729.419334422709
1.6664601477146985 66140.22330383451 4783.581181219332
1.6664723344687136 66191.56029470329 3223.912115764632
1.666484519561876 71020.87008099248 34.685362767284424
1.666496702994727 70557.26985858742 3418.207119930133
1.6665088847678102 65782.67502680462 1846.0930316785623
1.666521064881668 69480.46636583851 2237.72879659701
1.666533243336843 66559.38819620867 170.37801323733177
1.6665454201338785 65495.39621063504 3145.7234958634745
1.6665575952733174 67488.51978975655 871.647176230169
1.6665697687557028 69510.87380154981 3745.5161798071426
1.6665819405815787 67150.26435670457 4223.729461536806
1.6665941107514874 68945.26167096764 3251.4504106405498
1.666606279265972 68273.70016056993 3479.6753635947907
1.6666184461255775 67773.64831694511 2280.0538472015505
1.6666306113308456 66966.70230480933 3020.8700376844017
1.666642774882322 70781.95035495186 3916.326359735885
1.6666549367805488 66411.81337307933 1505.6296189123664
1.66666709702607 67014.66111253347 1949.2779009399942
1.66667925561943 68227.22314229091 94.44439527019375
1.6666914125611731 64062.67010857945 3943.8073317281273
1.6667035678518431 55670.9392009429 1855.8265216284176
1.6667157214919837 54259.389103555804 207.22353746568575
1.6667278734821396 57516.10368328192 3249.7219302789076
1.6667400238228547 62644.87792012339 3319.147975827167
1.6667521725146746 67693.7117257325 3084.6725795013263
1.6667643195581427 72387.26520359251 1543.3466506936136
1.6667764649538042 64987.36247401084 994.9071004325883
1.666788608702203 63805.24598414717 766.2473095809836
1.6668007508038851 65437.863627321174 1907.8741338869415
1.6668128912593942 70606.53640566705 2219.2464966526213
1.666825030069277 69991.47016664682 407.8472063750128
1.6668371672340765 69726.50386697025 1124.5228036448236
1.6668493027543392 65909.77858099123 1154.704353686034
1.6668614366306096 66462.02727301228 4276.781298821396
1.6668735688634335 67516.81428621891 1071.1404512425336
1.6668856994533563 67587.11674674861 206.15691073214697
1.6668978284009228 67732.45082791029 517.2963598292698
1.66690995570668 67369.67847926288 1449.0210501698195
1.666922081371172 64742.09581563198 1775.1198941546352
1.6669342053949459 65366.15495400066 3817.266373095525
1.6669463277785461 65518.25155893309 1135.272969883279
1.6669584485225206 63404.109290346474 1319.8756631496951
1.6669705676274138 65622.25802386379 1044.7563270618898
1.6669826850937717 65410.8190906274 2700.5300152951504
1.6669948009221411 67436.0218706796 1482.580864612911
1.6670069151130686 70675.72057935662 618.4464213836421
1.6670190276671006 69229.81766972145 577.4947783951288
1.6670311385847825 66573.00515645044 3290.785484499714
1.667043247866662 66361.61745884756 1332.4756906837206
1.667055355513285 63721.30362633132 265.5875364309644
1.6670674615251988 63451.61982103202 1432.7553238697196
1.6670795659029498 64201.32651842957 3235.1461079952765
1.6670916686470851 65450.710918229546 301.5314300191395
1.6671037697581519 70207.24748486384 1235.5435464149243
1.6671158692366965 67630.10819811736 806.1261552593757
1.6671279670832673 67308.50492406772 3956.393944542381
1.6671400632984104 66868.82591416697 1398.0577435866703
1.6671521578826742 69501.09809529014 3797.9779180470773
1.667164250836605 71154.51385114716 741.2040174460267
1.6671763421607515 68998.39158659297 1939.2079331481805
1.6671884318556605 68514.9501684965 1921.9198183266494
1.6672005199218798 68766.21397413759 402.47662015848545
1.667212606359957 66635.53997287503 183.29349943937092
1.6672246911704411 67081.38363534216 1006.4329612890559
1.667236774353879 65961.70360343438 1023.9266258267367
1.667248855910819 67390.47536043203 3178.8131767605605
1.6672609358418091 65608.29033404181 58.78467900601857
1.6672730141473975 68145.70243307251 382.6946331699084
1.6672850908281343 67844.31108178881 220.03518572275166
1.6672971658845648 67608.39101427294 531.7861549160816
1.6673092393172395 68055.75191070768 1568.2997023694732
1.6673213111267062 66776.89547936617 383.2013276835957
1.6673333813135145 67670.1008913804 2157.2019694731175
1.6673454498782123 65515.325200460626 2818.0444422680907
1.6673575168213488 66269.69377985314 368.9055285287551
1.6673695821434726 68076.06677068638 1186.4142577204302
1.6673816458451336 66539.14164142696 1822.5443655190961
1.6673937079268797 62267.360193434215 805.719221986668
1.667405768389261 63059.47974118304 490.66865724499894
1.667417827232826 64568.14976843293 149.9711495462387
1.6674298844581252 65351.965742278575 796.1461450772192
1.6674419400657066 63602.451521396375 235.42073279658152
1.6674539940561217 66664.19780875952 2104.705034308438
1.6674660464299182 69034.72944190179 1675.9386946154082
1.6674780971876473 70832.8442309751 2626.9468920149616
1.6674901463298577 72187.32163015193 6265.882093891239
1.6675021938570995 72488.81998734824 2154.9511111204138
1.6675142397699236 72672.19873231275 2669.0961602568245
1.667526284068879 73862.81701430712 7025.355458078783
1.6675383267545167 77476.13986059031 5568.7556267131295
1.6675503678273864 72624.63949565319 2902.3069834234716
1.6675624072880388 72129.67351845426 2456.2590107692586
1.6675744451370242 69624.31545009086 45.60142967681323
1.6675864813748928 69576.65303037481 111.00862909791263
1.6675985160021958 70880.4496422374 6018.1501811353755
1.6676105490194832 69453.37681280184 1335.7726496803539
1.6676225804273064 72463.97607326953 1799.3669871374886
1.6676346102262163 68765.73847787836 2490.335438595389
1.6676466384167632 68418.75282446886 1607.151291640795
1.6676586649994987 70661.62934782417 1973.2719912139173
1.6676706899749736 70739.62185607603 253.72889628839866
1.66768271334374 70703.74850574843 3111.5626625976943
1.667694735106348 69494.54255408102 2943.7731393395693
1.6677067552633498 70179.8148449747 3898.6402594706437
1.6677187738152963 68320.08086923661 4635.571421548449
1.6677307907627401 66095.23697620754 5922.262753285499
1.6677428061062314 66024.33098758524 2279.4787683439235
1.6677548198463232 66016.11321845447 559.2931361671289
1.667766831983567 62280.519957183365 1848.666160057132
1.6677788425185145 68351.27675186089 393.834854583846
1.6677908514517181 66104.52404911895 2434.163489858533
1.6678028587837288 66960.67625861302 2477.8245080079823
1.6678148645151005 69944.5971663408 3903.1526580184823
1.6678268686463844 66502.55433654081 3657.551523447106
1.6678388711781327 67870.493045119 1492.6477982587076
1.6678508721108989 67376.04983536775 1795.1345335322371
1.6678628714452348 68837.91962286063 795.7094591437343
1.6678748691816934 69601.23490838172 936.1487360071436
1.667886865320826 68662.54087994079 1421.1276973425684
1.6678988598631876 71200.4259509834 2361.2091426569855
1.6679108528093296 64628.77097379276 4782.9857353643065
1.667922844159806 66287.96072640354 2117.1262195778777
1.6679348339151692 68647.88651063084 3568.03155418262
1.667946822075972 66974.98386080896 1823.8783058401073
1.6679588086427686 67703.62465228947 17.55351939162087
1.6679707936161121 68371.47278487806 2349.2039006324844
1.6679827769965556 69537.85719460125 2007.8892025312198
1.6679947587846529 68739.7758345623 4852.415937620178
1.6680067389809565 65642.4914022935 4686.6555737704275
1.6680187175860217 62150.49406569641 2145.4579855602497
1.668030694600402 66779.45869594986 2211.2006853641033
1.668042670024651 65433.74170199305 1389.3424544052273
1.6680546438593216 68519.95475196179 2800.881529322741
1.6680666161049698 67847.63982314258 194.20315702709962
1.6680785867621484 65518.218617508835 2853.481834563306
1.6680905558314114 68082.49662659208 3314.4545463380323
1.6681025233133147 67096.43010015739 3917.2327268989175
1.6681144892084112 69642.71421310533 3110.596328653021
1.6681264535172557 65095.83089501703 1361.702980069347
1.6681384162404027 69922.908645007 1987.8258648532835
1.6681503773784072 66542.91631668329 3321.1524116925307
1.6681623369318244 66858.8217925711 765.3433461622379
1.6681742949012084 67843.61614965099 543.1112218576005
1.668186251287114 65848.30451656529 2836.5958183309713
1.6681982060900966 69559.47650681503 1683.0491890695641
1.668210159310711 70171.96317875263 4005.5846276702705
1.6682221109495128 68218.1680094594 1344.0207648286025
1.6682340610070574 72996.32175680924 4108.053399230412
1.6682460094839 73103.52037599834 5516.5400885189065
1.6682579563805953 72740.32237256838 1622.025957465275
1.6682699016976994 71657.76257942473 6608.95917469281
1.6682818454357682 67289.7839933856 6533.644086150881
1.6682937875953572 69546.39941773447 5508.416783589648
1.6683057281770224 68367.98380213251 3355.335037238999
1.6683176671813194 70772.26927746432 3723.178821666825
1.6683296046088045 74205.93015818288 658.823098231086
1.668341540460033 69178.69074548318 3043.1424187698103
1.6683534747355622 70488.33610938606 2530.5194976290095
1.668365407435948 69235.30000575479 1470.3817296812972
1.6683773385617457 70627.19099630036 196.15881025310813
1.6683892681135126 71591.51724236582 158.07061108387936
1.6684011960918055 65355.11727780552 730.9872909394721
1.66841312249718 68375.54539007557 3997.4008387200474
1.6684250473301945 67720.00564240983 4838.870262092633
1.6684369705914042 63699.160068768644 1601.2574580739843
1.6684488922813663 64665.32588716438 10968.558019777991
1.6684608124006377 69347.72595135753 885.9539418942213
1.6684727309497764 66905.26291963476 31.97850609217945
1.6684846479293378 69163.39090816003 4475.683533394186
1.6684965633398805 71768.79754822385 1189.0550302008241
1.6685084771819614 63319.93566991919 867.5432855480278
1.6685203894561382 70039.51496704968 805.9049065953872
1.6685323001629677 69793.6894013608 2135.1477616830975
1.6685442093030076 72961.06525463375 788.6115401378955
1.6685561168768166 74200.62865283186 3888.6996875492755
1.668568022884951 66815.6119334677 723.3841681833428
1.6685799273279696 69930.5817168462 72.30667278799874
1.6685918302064295 69631.91239906776 6168.309850252986
1.66860373152089 65065.87822999444 2876.469493047402
1.6686156312719076 66983.01214408933 2565.66742588363
1.6686275294600417 68548.53093286401 14.055482924863204
1.66863942608585 67304.93659611109 805.1519103855526
1.6686513211498917 65458.54179616164 859.1581027689267
1.6686632146527232 64855.38903865456 1057.62216917025
1.668675106594905 71981.3984160003 1501.3470436029563
1.6686869969769957 78323.8740376307 1861.1348394766771
1.668698885799553 69624.37738731323 2536.3582654399943
1.6687107730631356 62364.38508279019 2175.7271240412765
1.668722658768304 60037.35511332975 2878.8049798027614
1.6687345429156153 62149.95819490104 917.2213404019301
1.6687464255056292 63384.33297460227 1588.863903006806
1.668758306538906 68343.39039145985 252.71667580743386
1.668770186016003 67504.78884347608 6955.609492820953
1.6687820639374813 71359.64772505306 2456.3588275193374
1.6687939403038987 68380.2387954524 1088.1507202809694
1.6688058151158163 73848.54734556146 953.6663082353042
1.6688176883737922 73832.23117421327 5359.641705420996
1.6688295600783873 74475.21717379257 3807.5230915474713
1.6688414302301606 75301.35505965447 3889.8769901241326
1.6688532988296725 68739.7244093622 1410.6394230864223
1.668865165877482 70792.9299565634 7504.742093459268
1.6688770313741506 75321.31135979634 13746.693785040392
1.6688888953202368 72172.49334950586 13914.734021253495
1.6689007577163024 74301.7503213171 9429.813426325638
1.6689126185629064 74687.59463172275 7827.58231162446
1.6689244778606096 68036.16889737436 445.7302025608716
1.6689363356099733 70185.68688085058 3719.87784827603
1.668948191811557 69085.38285404249 1674.3048152201884
1.6689600464659218 71519.04534761308 159.2816728353354
1.668971899573628 78825.95646478853 3130.2447188670612
1.668983751135237 105479.81390518778 12349.569874463605
1.6689956011513094 73815.99839967824 4920.186980134094
1.6690074496224063 77357.18521989367 1867.0667539514384
1.6690192965490889 75107.27246607134 1989.4361815966645
1.669031141931918 76967.07349751166 2754.754794494066
1.6690429857714553 75055.34067162286 4717.498068962388
1.669054828068262 77460.77994857961 707.0277062903906
1.6690666688228997 81134.22317905787 2376.725695128698
1.6690785080359294 70005.46883207034 1734.4732410218944
1.6690903457079134 73002.98841452152 2955.29463014644
1.6691021818394127 71513.05497625959 4951.469186931899
1.6691140164309892 72134.20731713522 2374.1530801457648
1.669125849483206 74174.18657668433 4738.00243040404
1.6691376809966234 64782.07530597376 8682.629292174539
1.669149510971804 69638.50161710006 6183.086955500064
1.6691613394093114 67871.86409727058 4676.830573216779
1.6691731663097051 65506.70012499357 7182.548661103941
1.6691849916735495 69737.89680050159 4360.997100646778
1.6691968155014065 69627.871493247 8770.777024013782
1.6692086377938387 37446.361645566525 7939.777973805925
1.6692204585514079 71431.73439028801 877.9495495876205
1.669232277774678 57540.118246410384 50898.9081254811
1.6692440954642105 99255.8794823451 20403.56671358186
1.6692559116205692 nan nan
1.6692677262443163 nan nan
1.669279539336016 nan nan
1.6692913508962302 nan nan
1.669303160925523 77008.29399106403 6714.36474609375
1.6693149694244567 74274.79448328546 5773.97412109375
1.6693267763935955 75696.4388534208 5300.06591796875
1.6693385818335025 72500.04631762792 4926.3525390625
1.6693503857447416 61795.535232783426 4711.47216796875
1.6693621881278757 68219.21159937557 4588.228515625
1.6693739889834698 78768.6701118348 4546.6142578125
1.6693857883120866 71171.29741557241 4760.9208984375
1.6693975861142902 66945.71717749945 4819.57275390625
1.669409382390645 70689.65808864574 4910.892578125
