igrins/spectra/wd_1436-216_H_20190414.ecsv
# %ECSV 1.0
# ---
# datatype:
# - {name: WAVELENGTH, unit: um, datatype: float64}
# - {name: FLUX, datatype: float64}
# - {name: ERROR, datatype: float64}
# schema: astropy-2.0
WAVELENGTH FLUX ERROR
[from data line 14467]
1.6547316778410652 69526.90041532993 3875.158447265625
1.6547433240723939 66458.6665445395 3983.986328125
1.6547549688072198 64418.738561535545 4064.28759765625
1.6547666120461113 65476.72815720445 3935.45849609375
1.6547782537896372 70142.22528899925 3888.845947265625
1.6547898940383672 71556.64993372005 3901.054931640625
1.6548015327928693 69009.52068036521 3898.659912109375
1.654813170053714 68062.07329134541 3898.708984375
1.6548248058214698 68431.57290818541 3837.097900390625
1.6548364400967064 69598.11672629573 3840.381103515625
1.6548480728799921 66736.87714682825 3834.576171875
1.6548597041718975 65201.32728844173 3791.419921875
1.6548713339729915 65018.87394177377 3771.74609375
1.654882962283843 67875.96153222233 3800.25048828125
1.6548945891050235 67620.44746132618 3781.60498046875
1.6549062144371007 68183.45981886219 3884.8984375
1.6549178382806455 66600.30830981911 3830.04638671875
1.654929460636227 68363.8066930697 3829.970703125
1.6549410815044152 67949.5093425574 3830.546142578125
1.6549527008857803 68809.95601526508 3833.351318359375
1.654964318780892 70782.83836641216 3853.798583984375
1.6549759351903204 71846.3113037294 3885.97509765625
1.6549875501146352 71745.10422673331 3824.673583984375
1.6549991635544077 67559.38048987421 3785.076171875
1.6550107755102073 66608.0610103168 3749.538818359375
1.6550223859826045 66496.19519383935 3753.494873046875
1.655033994972169 69343.59308255218 3827.562744140625
1.6550456024794722 69941.82415601374 3804.271728515625
1.6550572085050843 69874.25336397397 3870.523193359375
1.6550688130495754 70381.49577712979 3920.35986328125
1.6550804161135162 69869.90651956128 3811.919677734375
1.6550920176974782 69618.90428933786 3727.77978515625
1.6551036178020313 67644.74783552282 3717.739501953125
1.6551152164277465 65834.49922893477 3661.976318359375
1.6551268135751949 64238.44818264567 3649.34228515625
1.6551384092449468 61734.30965854449 3696.649169921875
1.6551500034375737 58970.640033459524 3630.799072265625
1.6551615961536472 59735.401819375955 3630.1630859375
1.6551731873937368 61777.84190616216 3602.649169921875
1.6551847771584158 67651.00336617275 3626.3173828125
1.6551963654482535 69347.7719270763 3691.461181640625
1.6552079522638221 70576.68569604956 3746.308837890625
1.655219537605693 70274.80478900397 3688.914794921875
1.6552311214744377 71389.93994021311 3759.361572265625
1.6552427038706272 70902.34677430314 3807.3095703125
1.655254284794834 69927.21007822527 3744.5400390625
1.6552658642476288 67338.99431611966 3749.0576171875
1.655277442229583 65881.6184547398 3755.88623046875
1.65528901874127 62306.03379788599 3740.610595703125
1.6553005937832603 61761.56864657749 3814.076171875
1.6553121673561255 63360.387293330925 3917.5263671875
1.6553237394604383 65624.2253933073 4212.2412109375
1.6553353100967712 63895.0436745631 5673.4921875
1.655346879265695 62670.92148739824 8571.1787109375
1.6553584469677824 58862.58328161555 11199.841796875
1.655370013203606 59961.967452910394 13600.810546875
1.6553815779737373 58188.35645971288 14236.322265625
1.6553931412787493 63207.04127568871 13430.048828125
1.655404703119214 65759.54611168182 11404.2958984375
1.6554162634957037 66591.05584670987 8620.876953125
1.655427822408792 65834.59503113705 5726.4287109375
1.6554393798590499 64683.38980539283 4090.7587890625
1.655450935847051 66544.31146800981 3764.61572265625
1.6554624903733677 67236.65311192996 3691.14794921875
1.6554740434385726 68042.42087821386 3583.056396484375
1.6554855950432392 67679.40564148908 3537.665771484375
1.65549714518794 66671.62932346738 3524.916015625
1.6555086938732477 66867.40952114828 3515.22412109375
1.6555202410997356 68774.42378600186 3515.120849609375
1.655531786867977 71198.61949293833 3570.61669921875
1.6555433311785446 73026.81857720613 3564.675537109375
1.655554874032012 74769.06631448062 3554.46923828125
1.6555664154289527 75051.46357234572 3506.603271484375
1.6555779553699392 75734.37720657737 3456.92236328125
1.6555894938555453 73541.83630285598 3455.245361328125
1.655601030886345 73123.72242893565 3442.058837890625
1.6556125664629104 71807.74286795725 3409.3076171875
1.655624100585817 73962.53809552174 3440.34912109375
1.6556356332556368 73902.6981180611 3449.541015625
1.6556471644729454 74328.88636536877 3397.34228515625
1.6556586942383145 71816.68190691194 3341.0166015625
1.6556702225523192 71362.98687293839 3391.849609375
1.6556817494155327 71117.1987694437 3467.43115234375
1.65569327482853 71603.83017736033 3391.28955078125
1.6557047987918845 70866.66206005686 3388.8408203125
1.6557163213061694 69452.63123767723 3429.147705078125
1.6557278423719606 69817.68114584287 3414.4326171875
1.6557393619898317 70903.39083199986 3345.019287109375
1.6557508801603564 70322.80386247241 3371.162109375
1.6557623968841095 69832.73711497345 3317.781005859375
1.6557739121616653 70210.18297910562 3331.1396484375
1.6557854259935985 71693.81241326069 3351.3134765625
1.655796938380484 74205.26541499462 3393.824951171875
1.655808449322895 73624.32759890537 3520.25634765625
1.6558199588214078 73374.48749328888 3428.678466796875
1.6558314668765968 70866.65481854416 3397.606689453125
1.6558429734890356 70759.81397811335 3319.60986328125
1.6558544786593004 70575.43631953701 3296.263671875
1.655865982387966 72608.98684601436 3350.427490234375
1.6558774846756066 72883.5674537871 3437.8369140625
1.6558889855227976 72975.62151342226 3554.86376953125
1.6559004849301147 70221.87439522501 3639.914794921875
1.6559119828981326 68768.76875857754 3639.840576171875
1.6559234794274262 68388.59866966934 3568.8427734375
1.6559349745185712 70573.70464741475 3528.036376953125
1.6559464681721432 72612.19762182987 3570.059326171875
1.6559579603887178 73725.71541206609 3570.639404296875
1.6559694511688698 72036.37336690203 3563.456787109375
1.6559809405131747 71008.60706457804 3492.14794921875
1.6559924284222087 70256.23672212363 3366.07470703125
1.6560039148965475 72288.87900683114 3246.435791015625
1.656015399936766 73581.92056607055 3228.39111328125
1.6560268835434415 73817.75395530966 3172.99169921875
1.6560383657171494 73462.04296274204 3178.02294921875
1.6560498464584643 72658.92299098587 3162.754638671875
1.6560613257679635 73065.15095924314 3172.18115234375
1.6560728036462227 70935.6829047466 3231.493408203125
1.6560842800938187 68850.31056269495 3238.531982421875
1.6560957551113271 68856.89055257928 3283.646484375
1.6561072286993237 69896.68823655312 3201.2646484375
1.6561187008583855 72414.54947462681 3201.377197265625
1.6561301715890886 73280.90823383289 3187.659423828125
1.6561416408920104 73009.26305497045 3169.4755859375
1.656153108767725 73091.52874199557 3138.484375
1.6561645752168117 71386.94819470697 3157.088623046875
1.6561760402398458 70441.8404468711 3163.833251953125
1.6561875038374045 69119.75805277347 3169.569580078125
1.6561989660100638 68863.98076016002 3169.563232421875
1.656210426758401 71280.55901963756 3133.59326171875
1.6562218860829938 71839.64376508577 3104.022705078125
1.656233343984418 71841.98419777153 3078.53955078125
1.6562448004632506 68807.80353984673 3025.915283203125
1.65625625552007 66216.87041177173 3052.968017578125
1.656267709155452 66838.041010576 3031.330322265625
1.6562791613699743 69485.38299960617 3068.05712890625
1.6562906121642147 71692.33116188741 3057.4052734375
1.6563020615387496 71628.76221927474 3039.16552734375
1.6563135094941563 71063.99760934168 3061.213623046875
1.656324956031014 70188.00821631204 3057.009765625
1.6563364011498978 69105.14824161991 3040.30810546875
1.6563478448513878 68695.06563151962 3028.8359375
1.6563592871360597 68889.34458927857 3012.750732421875
1.6563707280044915 70869.98836789708 2980.5380859375
1.6563821674572625 71531.03731213117 2959.056640625
1.6563936054949493 72894.45642591537 2957.44384765625
1.6564050421181293 74189.31537704627 3063.5380859375
1.6564164773273815 75365.63163940661 3060.12548828125
1.656427911123284 76353.95152854125 3054.619873046875
1.6564393435064142 74623.81287797513 3072.146484375
1.6564507744773507 72047.39607293191 3040.415283203125
1.6564622040366714 70385.92434822644 3010.851806640625
1.6564736321849551 70148.18006877272 3022.930419921875
1.6564850589227802 71211.65992692526 3028.603271484375
1.6564964842507242 70231.03043231464 3080.7197265625
1.6565079081693668 69282.17336314471 3165.209716796875
1.6565193306792858 68288.20307941458 3373.63037109375
1.6565307517810595 70644.76470688409 3616.42041015625
1.6565421714752675 73560.6051601261 3847.02197265625
1.6565535897624881 75646.8357273067 3829.5380859375
1.6565650066433006 75076.71276871228 3650.09716796875
1.6565764221182828 72280.15438901645 3383.6015625
1.6565878361880146 71324.22348304203 3156.564697265625
1.6565992488530743 71162.84605139507 3054.847412109375
1.6566106601140413 71436.89807232613 2961.92236328125
1.6566220699714949 71294.31191344156 2908.10107421875
1.6566334784260144 71263.73087401272 2961.45751953125
1.656644885478178 71870.85800155796 2946.305908203125
1.656656291128566 71841.3905162238 2908.432861328125
1.656667695377758 72395.62268695114 2891.918212890625
1.6566790982263329 71081.56707683933 2915.444580078125
1.6566904996748701 69840.04488215625 2860.943359375
1.656701899723949 67805.53164225578 2874.04736328125
1.6567132983741502 68085.13272537972 2897.111328125
1.6567246956260524 68510.49901834686 2838.490234375
1.6567360914802363 69932.20640654294 2826.875244140625
1.6567474859372804 71548.92451256697 2834.371337890625
1.6567588789977663 72924.36865590292 2850.578857421875
1.656770270662273 71628.03097426519 2865.215576171875
1.6567816609313797 71334.10520620656 2821.882568359375
1.6567930498056682 71633.27964715072 2811.61962890625
1.6568044372857171 73918.83150513576 2815.7568359375
1.6568158233721078 73774.80422183883 2855.314208984375
1.6568272080654196 72711.69753198102 2824.404296875
1.656838591366233 71771.246680417 2883.712158203125
1.6568499732751292 71485.81720067786 2837.010009765625
1.656861353792688 71449.8325855608 2817.353759765625
1.6568727329194899 70565.79034456337 2808.9970703125
1.6568841106561156 71255.90389696171 2835.338623046875
1.656895487003146 71335.89984697504 2839.931640625
1.6569068619611615 69937.74666919812 2851.35400390625
1.656918235530743 69393.34283873615 2801.223388671875
1.6569296077124716 70584.90823958418 2869.9755859375
1.6569409785069273 73675.4548163921 2836.44775390625
1.6569523479146921 73051.8100445394 2854.109375
1.6569637159363468 72252.4791083326 2875.375732421875
1.6569750825724716 71594.23655036217 2991.808349609375
1.6569864478236491 71612.5338226938 2862.763916015625
1.6569978116904596 71063.2151538787 2799.685791015625
1.6570091741734845 71379.68656092504 2827.53076171875
1.6570205352733054 73445.07020992777 2833.745361328125
1.6570318949905032 75180.43388513738 2802.5703125
1.6570432533256603 75302.90597551074 2797.108642578125
1.6570546102793569 73913.7092060275 2869.787353515625
1.657065965852176 71933.77546621958 2823.932373046875
1.6570773200446978 70004.36253342955 2792.983642578125
1.6570886728575058 70468.51971657033 2811.190185546875
1.6571000242911804 70501.77047486622 2802.7021484375
1.657111374346304 71165.13054307146 2815.86474609375
1.6571227230234582 71152.7538181063 2819.48291015625
1.6571340703232253 72266.4542866392 2833.2841796875
1.6571454162461872 73737.05128665759 2806.389404296875
1.6571567607929265 74762.0032900474 2828.660888671875
1.6571681039640245 75019.73570949095 2783.13427734375
1.6571794457600642 74795.4302446718 2769.9423828125
1.6571907861816273 74190.77200596043 2769.783203125
1.657202125229297 73151.32932811283 2768.17626953125
1.6572134629036546 71471.83471604489 2750.9580078125
1.6572247992052835 69033.56353168878 2682.773193359375
1.6572361341347657 68666.68572294468 2715.124267578125
1.6572474676926845 69180.30512721211 2716.23681640625
1.6572587998796218 71628.54906886196 2693.58447265625
1.6572701306961606 73614.50214896363 2732.706298828125
1.6572814601428836 74319.0341159175 2750.61181640625
1.6572927882203745 73317.51784069567 2750.382568359375
1.6573041149292151 72392.37917662642 2746.57373046875
1.6573154402699894 71944.34807772434 2773.5693359375
1.6573267642432798 72996.52601056539 2753.23876953125
1.657338086849669 72915.2365829466 2747.241943359375
1.6573494080897417 72453.3934308546 2696.0546875
1.65736072796408 70892.51745883476 2675.03564453125
1.6573720464732673 69870.20549470218 2681.86376953125
1.6573833636178872 69999.77699804548 2698.43310546875
1.6573946793985228 71348.86194005975 2672.798095703125
1.6574059938157584 72845.63500167952 2739.468505859375
1.6574173068701767 73393.65473146115 2723.205078125
1.6574286185623626 72590.06459573879 2687.406494140625
1.6574399288928985 72593.44085575201 2696.066650390625
1.657451237862368 71565.57481305383 2693.64501953125
1.6574625454713559 71047.13542060845 2665.94091796875
1.6574738517204455 69560.94246825576 2675.68115234375
1.6574851566102213 70817.30399953252 2676.661376953125
1.657496460141267 71112.62803887825 2684.05517578125
1.657507762314166 71325.84545684172 2634.03515625
1.6575190631295034 69694.9134628768 2642.186767578125
1.6575303625878635 68941.97538044819 2743.355224609375
1.6575416606898299 68824.7927518138 2643.52197265625
1.6575529574359875 69850.3460361013 2623.341796875
1.65756425282692 70773.27077137117 2644.25927734375
1.6575755468632127 71145.85411810002 2604.96923828125
1.6575868395454492 72936.8302585456 2622.489990234375
1.6575981308742147 71956.02954944316 2662.023681640625
1.6576094208500944 70684.79298274544 2610.6123046875
1.6576207094736717 68984.5711235362 2639.390869140625
1.657631996745532 68930.40374858465 2601.922607421875
1.6576432826662608 69179.9308142439 2585.458251953125
1.6576545672364422 68419.24376731817 2614.94677734375
1.6576658504566608 67930.96886240257 2583.216796875
1.6576771323275028 68721.52538879821 2564.49267578125
1.6576884128495526 69854.4638789797 2565.775146484375
1.6576996920233955 70680.12693306268 2612.90771484375
1.6577109698496162 70115.13978722176 2593.56884765625
1.657722246328801 69209.23876657482 2576.452880859375
1.6577335214615347 70121.55075284763 2557.73828125
1.6577447952484032 71231.31478993976 2610.944580078125
1.6577560676899907 72828.73973389393 2608.732421875
1.657767338786884 71518.53368707254 2618.48681640625
1.6577786085396684 70068.07899300472 2663.664794921875
1.6577898769489292 68648.4808351337 2608.345947265625
1.6578011440152522 70283.49001700769 2628.1279296875
1.657812409739224 71987.37289593063 2607.562744140625
1.6578236741214296 73369.69193996703 2572.5556640625
1.6578349371624546 73637.37363227343 2622.818115234375
1.6578461988628859 73967.80727128685 2604.145751953125
1.6578574592233093 72149.45757023233 2591.978515625
1.6578687182443108 72236.35608879171 2591.727783203125
1.6578799759264768 70502.45407349925 2561.8056640625
1.6578912322703931 68982.31931758404 2576.093994140625
1.6579024872766464 67880.50077748875 2557.468017578125
1.6579137409458227 67530.44430866768 2556.22216796875
1.6579249932785087 68540.82263728355 2542.61669921875
1.657936244275291 67875.2970697862 2540.2470703125
1.657947493936756 67423.54176777366 2533.756103515625
1.6579587422634905 67624.00096305177 2523.747314453125
1.657969989256081 66725.77715905893 2548.478759765625
1.6579812349151137 68124.41916838639 2519.59033203125
1.6579924792411769 67438.72037680262 2549.24609375
1.6580037222348556 68184.25779272153 2524.17578125
1.6580149638967383 68902.81033641887 2546.453125
1.6580262042274112 70868.400860995 2572.1953125
1.6580374432274614 70575.6767678257 2533.365966796875
1.6580486808974768 69154.28995186956 2542.29736328125
1.6580599172380435 68513.52105299251 2540.26171875
1.6580711522497495 70997.3157558114 2561.4755859375
1.658082385933182 72618.56446872484 2587.65185546875
1.6580936182889285 73914.47014590274 2574.892333984375
1.6581048493175754 72157.56788348076 2546.4189453125
1.6581160790197116 70264.5969385541 2558.231689453125
1.658127307395924 69104.15235357679 2551.455322265625
