igrins/spectra/wd_1436-216_H_20190414.ecsv
# %ECSV 1.0
# ---
# datatype:
# - {name: WAVELENGTH, unit: um, datatype: float64}
# - {name: FLUX, datatype: float64}
# - {name: ERROR, datatype: float64}
# schema: astropy-2.0
WAVELENGTH FLUX ERROR
[from data line 22713]
1.7543541310021835 55906.72797465043 3374.037841796875
1.7543658117284862 55797.744456370565 3450.223388671875
1.7543774911433814 55732.168234140794 3510.965576171875
1.7543891692475841 54983.16432945011 3348.552001953125
1.7544008460418097 53163.294544528246 3148.7978515625
1.7544125215267734 51318.09140479217 2748.390380859375
1.7544241957031914 49468.90095187357 2516.12841796875
1.7544358685717811 49196.39052009066 2469.696044921875
1.7544475401332575 50390.89541759095 2457.48046875
1.7544592103883383 52141.73040833038 2462.68994140625
1.7544708793377406 53394.63581173643 2463.16650390625
1.754482546982182 54043.61528665155 2468.057373046875
1.7544942133223804 54925.61764866643 2475.68505859375
1.7545058783590546 56437.89846992956 2490.874755859375
1.7545175420929222 58412.75918190228 2543.94775390625
1.7545292045247027 59999.74441318041 2490.69970703125
1.754540865655115 60130.033947070886 2521.14306640625
1.754552525484879 60796.58548229178 2488.04345703125
1.7545641840147146 61112.24317876352 2526.05859375
1.7545758412453412 62261.73007990144 2575.051025390625
1.7545874971774802 61916.880348410275 2534.88720703125
1.7545991518118522 60862.69259602623 2552.375
1.7546108051491784 60188.21762270711 2533.3857421875
1.7546224571901796 60239.76634081069 2551.966552734375
1.7546341079355783 58980.535109878314 2543.446533203125
1.754645757386097 56952.19848789077 2514.304443359375
1.7546574055424566 56183.93013419977 2473.042724609375
1.754669052405382 56875.48977152147 2479.464111328125
1.754680697975595 58683.34432775319 2513.180908203125
1.7546923422538188 60059.05005501547 2513.21044921875
1.7547039852407775 62468.272470853204 2489.05810546875
1.7547156269371953 63684.73289641221 2486.6201171875
1.7547272673437968 63408.966197862814 2487.657470703125
1.754738906461306 61953.81623179426 2506.9931640625
1.7547505442904485 60090.97714446409 2466.849365234375
1.7547621808319498 59246.530990129395 2461.714599609375
1.7547738160865352 56840.2885575435 2454.248779296875
1.7547854500549311 56539.3724927378 2445.2158203125
1.7547970827378632 55798.19792864109 2490.742431640625
1.7548087141360587 57813.10972959686 2481.686767578125
1.7548203442502441 57962.68383094717 2463.8134765625
1.7548319730811472 58125.88001796703 2517.30810546875
1.7548436006294956 57381.39866471364 2516.065185546875
1.7548552268960174 58959.392752228996 2510.982666015625
1.7548668518814399 59921.8955945795 2524.0361328125
1.7548784755864926 61225.32841130741 2518.271240234375
1.7548900980119044 60763.9290228469 2561.605712890625
1.7549017191584044 60880.95098606357 2591.497314453125
1.7549133390267222 61305.63432907285 2613.302734375
1.7549249576175876 61158.16989737617 2653.294189453125
1.7549365749317307 60942.11517859236 2655.837158203125
1.754948190969882 59169.98873356312 2645.64990234375
1.7549598057327729 58774.98881227625 2632.823486328125
1.7549714192211343 58128.37018126724 2645.935546875
1.7549830314356976 58836.49496317316 2645.279541015625
1.7549946423771945 59674.48138210861 2756.589111328125
1.7550062520463579 61562.99820098534 2906.993408203125
1.755017860443919 63070.236721908695 3229.15966796875
1.755029467570612 64758.9015981452 3465.961181640625
1.7550410734271698 63868.522122948576 3641.703125
1.7550526780143243 61921.79404073069 3748.5908203125
1.7550642813328114 58944.94062598332 3892.5703125
1.755075883383364 55936.20054466258 3902.2783203125
1.755087484166717 54178.94702638087 3950.150146484375
1.7550990836836047 53178.93084695819 4469.24267578125
1.755110681934763 53803.48048729093 5511.33642578125
1.755122278920926 55819.90470832974 7333.22998046875
1.7551338746428304 58272.83403064775 10822.9892578125
1.7551454691012123 57347.53676871082 16927.537109375
1.755157062296807 58471.57050333331 23401.408203125
1.755168654230353 52482.319069817095 20342.326171875
1.755180244902586 54253.411011746546 13819.998046875
1.7551918343142432 52653.51921623465 9102.5712890625
1.7552034224660626 57325.84753780636 6441.40380859375
1.7552150093587835 58808.79437347346 5010.12939453125
1.755226594993142 57830.830191994646 4158.13330078125
1.7552381793698777 57737.145723844566 3640.425537109375
1.7552497624897299 57701.21617511096 3311.68212890625
1.755261344353438 61378.759314382296 3090.18408203125
1.755272924961741 62305.79443169896 2965.0810546875
1.7552845043153786 63439.97327399768 2823.953369140625
1.755296082415092 61517.604258840234 2757.5029296875
1.7553076592616212 60136.76306280894 2693.279052734375
1.7553192348557078 57910.0002660338 2627.16259765625
1.7553308091980915 57930.48245364873 2640.798828125
1.755342382289515 58226.21033730393 2585.04150390625
1.7553539541307202 58069.72899899651 2563.348388671875
1.7553655247224496 58730.69547070302 2523.03564453125
1.7553770940654447 59740.156643057446 2514.380126953125
1.7553886621604484 60956.45086635176 2528.831787109375
1.755400229008205 60496.52819630422 2552.203369140625
1.7554117946094567 59444.035277811636 2491.21142578125
1.755423358964949 58024.891592916036 2527.1953125
1.755434922075424 57871.30621876842 2526.91357421875
1.7554464839416275 58598.615823332715 2515.589599609375
1.755458044564304 58268.83491223217 2483.767333984375
1.7554696039441986 56697.54052797245 2471.737548828125
1.7554811620820567 55422.51804191444 2468.848388671875
1.755492718978624 55752.2486481572 2502.079345703125
1.7555042746346468 56793.07927321188 2511.350341796875
1.7555158290508712 57454.093475817135 2537.235107421875
1.7555273822280442 57262.8680075342 2542.8359375
1.7555389341669125 55950.16658456318 2538.651611328125
1.7555504848682242 55838.331737698354 2639.9853515625
1.7555620343327265 56944.69260332719 2707.552734375
1.755573582561167 56932.0303252919 2714.250732421875
1.7555851295542948 55854.742371712666 2625.798095703125
1.7555966753128587 55274.247991741126 2575.6357421875
1.7556082198376073 55484.906776469186 2550.703125
1.7556197631292896 56065.45715281874 2504.593017578125
1.7556313051886554 54716.96995169426 2517.18505859375
1.7556428460164555 55726.16946803483 2499.654052734375
1.7556543856134394 56360.90295525534 2487.060546875
1.7556659239803571 57847.887471433685 2492.096923828125
1.7556774611179606 58551.080072320634 2483.014404296875
1.7556889970270015 60131.22772784787 2504.8349609375
1.7557005317082306 62413.105156083344 2503.370361328125
1.7557120651624 62641.00807142435 2474.04345703125
1.7557235973902614 61343.596060571464 2470.90673828125
1.7557351283925684 58998.424551219345 2492.65673828125
1.7557466581700736 58971.362012448415 2484.45458984375
1.7557581867235301 58513.98491567545 2488.69384765625
1.7557697140536908 58703.890036691475 2494.78759765625
1.7557812401613107 58954.64199733029 2486.468505859375
1.7557927650471428 59565.164774524346 2515.95751953125
1.755804288711942 60230.83006784879 2511.493408203125
1.7558158111564637 59393.32507938297 2477.244384765625
1.7558273323814628 59224.78155647468 2490.065673828125
1.7558388523876947 58421.72360229706 2437.409423828125
1.7558503711759152 58612.01785954299 2444.93310546875
1.7558618887468795 57969.16939215282 2486.408447265625
1.7558734051013458 56813.6086972916 2473.1953125
1.7558849202400701 55217.28923711572 2447.625244140625
1.7558964341638086 55663.96602969781 2444.375244140625
1.7559079468733199 57090.395543900784 2455.478759765625
1.7559194583693616 57571.98432338715 2483.048095703125
1.7559309686526916 55948.41558792362 2471.702392578125
1.7559424777240678 54820.624632711544 2422.480712890625
1.7559539855842496 52944.95325792989 2399.9794921875
1.755965492233996 52440.434254388354 2419.226318359375
1.7559769976740653 52771.73832036279 2413.28466796875
1.7559885019052193 55631.50590190021 2464.117431640625
1.7560000049282156 57463.00761583957 2426.908203125
1.7560115067438165 55744.81256194206 2418.871826171875
1.7560230073527812 53073.766397586005 2423.140625
1.7560345067558716 51576.23585155043 2389.515869140625
1.7560460049538484 52152.27783630892 2406.1962890625
1.7560575019474738 54017.80643764448 2399.899169921875
1.7560689977375101 55819.08999036537 2378.552978515625
1.756080492324718 57040.85379565835 2435.0693359375
1.7560919857098616 57127.16419055439 2442.430908203125
1.7561034778937028 57116.92881862699 2433.12841796875
1.756114968877006 57999.620075689745 2461.220703125
1.7561264586605339 58163.05466946918 2423.169677734375
1.756137947245051 57624.806897626986 2428.0791015625
1.756149434631321 57236.463869999665 2427.995361328125
1.7561609208201079 56046.145607052385 2414.678955078125
1.7561724058121775 56152.65350032397 2383.784912109375
1.7561838896082949 53978.79985719509 2425.4404296875
1.7561953722092254 53421.10503986235 2407.186767578125
1.7562068536157347 51530.69848117113 2416.93115234375
1.75621833382859 51311.11602321504 2397.528076171875
1.7562298128485563 52782.52140529666 2396.962158203125
1.7562412906764013 54543.40149615015 2392.174560546875
1.7562527673128911 57381.65222688731 2444.6015625
1.7562642427587944 57784.752946857 2529.1650390625
1.756275717014879 58097.57507966206 2485.681640625
1.7562871900819126 57774.862747082676 2466.82373046875
1.756298661960663 57566.99421342778 2468.548828125
1.7563101326519 58305.794957559265 2497.09033203125
1.7563216021563917 57780.1859824657 2469.12255859375
1.7563330704749083 57387.68785115477 2441.969482421875
1.756344537608219 54969.03083430846 2440.040283203125
1.7563560035570942 54722.026417869536 2396.59326171875
1.756367468322304 56123.0833262088 2441.832763671875
1.7563789319046197 58129.22340965572 2468.7451171875
1.7563903943048116 58770.647086879675 2454.837158203125
1.7564018555236516 57834.69813511222 2454.11376953125
1.7564133155619106 57289.145821472994 2474.706787109375
1.7564247744203612 57224.54018967082 2535.047119140625
1.7564362320997755 58159.733655269214 2581.28515625
1.7564476886009264 59004.823646923505 2592.36865234375
1.7564591439245862 60366.23902664302 2624.500244140625
1.7564705980715292 60518.71076832283 2610.401123046875
1.7564820510425285 60885.122651003054 2572.411865234375
1.7564935028383577 59955.771948705675 2546.769775390625
1.7565049534597916 59280.90075482666 2495.826171875
1.7565164029076044 57900.670928297135 2487.99365234375
1.7565278511825715 56429.40820159285 2485.45654296875
1.7565392982854677 56051.832917679654 2468.762939453125
1.7565507442170685 55957.10930929499 2522.347412109375
1.7565621889781493 56525.65675830681 2579.77099609375
1.7565736325694883 55093.10974050994 2564.1123046875
1.7565850749918597 54877.52550367398 2582.403564453125
1.756596516246041 54529.85619107768 2527.8798828125
1.7566079563328099 55481.19791330798 2526.312255859375
1.7566193952529436 57210.46151073296 2558.976318359375
1.7566308330072211 58413.05537821293 2583.5078125
1.756642269596418 58431.78291642822 2644.590576171875
1.756653705021315 56925.920328823646 2628.441650390625
1.7566651392826897 57027.90086483839 2614.630859375
1.7566765723813214 59099.3125302009 2613.881591796875
1.7566880043179902 58849.14740136471 2620.534912109375
1.7566994350934753 58375.82634759132 2636.531005859375
1.7567108647085565 57694.47030189683 2732.932861328125
1.7567222931640152 58418.08651754948 2823.622314453125
1.7567337204606313 57211.88061879603 2934.84326171875
1.7567451465991857 56715.48226600238 3158.16796875
1.756756571580461 55736.9234315726 3511.665283203125
1.7567679954052369 55636.379133890165 4046.0771484375
1.756779418074297 57239.61592486902 5040.55322265625
1.756790839588424 60320.44891762946 6866.4189453125
1.756802259948399 63512.553807044795 9726.0927734375
1.7568136791550064 66364.42238037742 12717.20703125
1.7568250972090287 64704.59819479661 12337.6201171875
1.7568365141112492 60980.04585000038 9145.4404296875
1.7568479298624533 56414.89297306916 6541.005859375
1.7568593444634242 54546.19243634517 4921.7255859375
1.756870757914947 56301.63413523714 3958.117431640625
1.756882170217806 55482.20005299995 3394.54736328125
1.7568935813727875 56677.224796203845 3094.041259765625
1.756904991380676 56096.86805091028 2910.7607421875
1.7569059440335248 56824.88954217001 nan
1.7569164002422577 57568.88438907289 2867.560791015625
1.7569196154930447 58381.62305785026 2845.3308497755283
1.7569332850315915 58975.11549457653 2798.3815473941277
1.7569469526494692 59478.9201585942 2854.4153820540328
1.7569606183469817 58425.01899461657 2843.523045178251
1.7569742821244347 56963.1129076087 2801.638884657296
1.756987943982132 55879.75146045832 2701.972589784192
1.7570016039203795 55262.12438556186 2659.8101092701713
1.7570152619394834 56154.71976676152 2619.2299866106623
1.75702891803975 56356.00708572049 2618.4373810849243
1.7570425722214857 58286.944036998495 2556.8697399486196
1.7570562244849974 58986.08202288686 2562.8798554397054
1.7570698748305926 58602.26394542869 2536.533407332098
1.75708352325858 57100.270579168675 2528.3737148180835
1.7570971697692668 55405.87347786364 2522.5909284789363
1.757110814362962 54488.700714664395 2518.530968782475
1.7571244570399744 53339.14936535179 2517.126131062716
1.7571380978006137 52982.18178149378 2510.041995349374
1.7571517366451903 54249.54939997046 2506.704163017649
1.757165373574014 56560.1282380207 2509.630557241545
1.757179008587395 59092.72447452176 2549.012783804172
1.7571926416856456 60676.33631434197 2591.9808551472424
1.757206272869076 61119.959835129695 2591.1533643261205
1.7572199021379986 61525.106233182916 2624.1288205569654
1.7572335294927257 60576.27904120894 2620.3089394404424
1.7572471549335702 60622.05261035184 2580.017736842156
1.7572607784608445 60162.96485519773 2630.7148820149
1.7572744000748628 59920.107224143656 2649.9619788009927
1.7572880197759382 59292.42388824967 2670.363835163364
1.757301637564385 58620.866563444404 2692.1687400471474
1.757315253440519 58267.00632420152 2740.0506334639176
1.7573288674046543 57208.38416453698 2827.9513849826
1.7573424794571064 55933.867193380574 2878.9532934459658
1.7573560895981912 55877.70298592746 3012.4913985350227
1.7573696978282247 56095.80468322731 3221.178482936795
1.7573833041475244 58052.66936374098 3574.0415465772007
1.7573969085564072 59888.710013714466 4295.795766923142
1.7574105110551903 60165.56857529762 5508.360280345317
1.757424111644191 58078.108644222375 8030.20956131283
1.7574377103237282 51239.51176753038 13106.007184562166
1.7574513070941207 45331.189192860875 21301.230329956703
1.7574649019556867 48234.93209200715 20839.965014763027
1.7574784949087467 55328.58379480436 13082.629507026648
1.7574920859536205 61867.50537212266 8116.621677165475
1.7575056750906275 61572.25602504878 5517.470493898038
1.757519262320089 59995.105712022734 4275.1468596635295
1.7575328476423258 60898.13612067142 3652.459101140357
1.7575464310576596 61654.406682048015 3319.971532793837
1.7575600125664121 63041.49644593231 3131.3721191762656
1.757573592168906 63209.26773905722 2998.103836328591
1.7575871698654633 61933.39781782873 2913.723949259521
1.7576007456564071 61550.466420301214 2847.4659167324994
1.757614319542062 60744.4299767925 2825.4259603697255
1.7576278915227497 60830.96035186011 2765.895805549392
1.757641461598796 60383.77086449726 2779.4652877850463
1.757655029770526 60815.15087147721 2748.0655391608707
1.7576685960382632 60327.84807237892 2729.530644834488
1.7576821604023343 59534.296220803546 2659.9133048958065
1.7576957228630652 59068.049924139385 2589.0127768459824
1.7577092834207815 59062.162513522904 2598.9500761887543
1.75772284207581 60278.84115156217 2590.927898854483
1.757736398828478 59242.922747294986 2580.209585453377
1.7577499536791126 58589.35744976385 2596.8947697814847
1.7577635066280415 56341.708057447664 2582.683353792683
1.7577770576755938 54763.287873404806 2537.6561636854663
1.7577906068220976 53887.0317888392 2496.642898256671
1.7578041540678822 52539.375177991984 2469.6796423390165
1.7578176994132764 51658.222123679145 2457.6071497284092
1.757831242858611 50901.296011620376 2469.199590449769
1.7578447844042155 51414.77467118262 2471.0251471376337
1.7578583240504217 53261.24864167285 2465.3604581152827
