igrins/spectra/wd_1436-216_K_20190414.ecsv
# %ECSV 0.9
# ---
# datatype:
# - name: WAVELENGTH
#   unit: um
#   datatype: float64
# - name: FLUX
#   datatype: float64
# - name: ERROR
#   datatype: float64
# schema: astropy-2.0
WAVELENGTH FLUX ERROR
[from data line 21852]
2.172855157973985 29248.78158413839 1793.759521484375
2.172869654073421 27923.63360981599 1784.2064208984375
2.1728841483013244 27408.94167671289 1718.6475830078125
2.1728986406578876 28168.084362505266 1641.908935546875
2.172913131143302 28532.73262548689 1615.6868896484375
2.1729276197577603 28272.53907244813 1606.455322265625
2.172942106501458 27767.006112561154 1614.399169921875
2.1729565913745876 29035.351406483733 1617.334716796875
2.172971074377346 30712.39170487163 1609.0435791015625
2.1729855555099276 31505.661148659634 1603.3201904296875
2.173000034772529 29207.437621848283 1611.1370849609375
2.1730145121653477 29804.874447063274 1603.4071044921875
2.1730289876885807 30423.57001013212 1614.9437255859375
2.173043461342427 31008.271892400797 1643.1295166015625
2.1730579331270854 31733.036371671587 1683.020263671875
2.173072403042756 32994.20024487243 1690.1978759765625
2.1730868710896383 32059.892546444655 1689.34228515625
2.173101337267933 28641.57994005021 1682.425048828125
2.1731158015778433 27843.078820360846 1627.940673828125
2.1731302640195698 29999.421041639824 1596.5062255859375
2.173144724593317 29025.9432357998 1589.9429931640625
2.1731591832992883 27662.360891177035 1588.4400634765625
2.1731736401376867 27680.53054926518 1583.6412353515625
2.1731880951087184 29284.951314260546 1571.7666015625
2.173202548212588 28819.01033254172 1577.638916015625
2.173216999449503 28280.983557991447 1583.57763671875
2.1732314488196693 28101.561974956672 1587.739013671875
2.1732458963232957 29124.222504144604 1589.6654052734375
2.173260341960589 28844.3920585055 1587.7115478515625
2.1732747857317594 28135.69193599275 1600.3807373046875
2.1732892276370155 29021.48537591373 1588.197265625
2.1733036676765676 29550.557999176646 1567.15673828125
2.173318105850627 29626.949768340477 1579.714599609375
2.1733325421594056 27488.879917054663 1581.013427734375
2.173346976603115 29080.85841023486 1574.07861328125
2.1733614091819677 30278.6283733912 1568.4388427734375
2.173375839896179 29715.557925383117 1573.8214111328125
2.173390268745961 28417.62970831407 1570.1243896484375
2.1734046957315294 30562.908870482792 1562.0279541015625
2.1734191208530995 29964.23533610229 1562.1826171875
2.1734335441108885 29251.502565550716 1556.3790283203125
2.173447965505112 30386.905032439776 1559.704833984375
2.173462385035988 30582.281318210546 1563.9588623046875
2.173476802703735 28914.251248391152 1567.4449462890625
2.173491218508571 29447.635180950983 1576.7010498046875
2.1735056324507163 29100.948492818858 1580.1932373046875
2.173520044530391 30679.12650542874 1579.3385009765625
2.1735344547478146 31517.126434954054 1584.9112548828125
2.173548863103209 30162.194987925894 1585.9925537109375
2.173563269596799 30088.617100614592 1589.9139404296875
2.1735776742288033 30008.147699407134 1591.38232421875
2.173592076999448 30413.589431999302 1589.9378662109375
2.1736064779089563 30172.99952395767 1588.560791015625
2.173620876957553 28125.985332919117 1575.4573974609375
2.173635274145464 30218.86213010201 1576.2337646484375
2.1736496694729146 29773.983645858123 1586.7864990234375
2.1736640629401314 30646.347026137693 1591.882080078125
2.173678454547343 30170.37191945572 1577.735595703125
2.1736928442947767 29687.747476254663 1571.6527099609375
2.1737072321826623 28983.217278511896 1573.5877685546875
2.1737216182112267 30606.688652586985 1577.541015625
2.1737360023807017 28801.39957826015 1580.4156494140625
2.173750384691318 29763.41428558071 1581.4649658203125
2.1737647651433063 28497.95196096024 1581.7235107421875
2.173779143736899 27948.61746166336 1585.2457275390625
2.173793520472329 30606.78807194492 1600.427734375
2.173807895349829 29699.500383371986 1607.1314697265625
2.173822268369634 30710.154360255237 1675.4866943359375
2.173836639531978 28609.007423198284 1758.6058349609375
2.173851008837096 30618.090338500057 1832.084716796875
2.173865376285224 29689.1681966328 1862.7340087890625
2.1738797418765996 27098.355111900833 1801.9796142578125
2.1738941056114593 28836.053381770653 1711.4451904296875
2.1739084674900413 29462.689026847544 1645.828857421875
2.1739228275125844 28098.625730886517 1611.7459716796875
2.1739371856793266 28451.136172446233 1559.5599365234375
2.173951541990509 27352.01545437216 1533.698974609375
2.1739658964463735 28132.786112262842 1527.5552978515625
2.1739802490471587 28735.478111118893 1575.8482666015625
2.173994599793108 25954.853792420567 1603.3592529296875
2.1740089486844636 25120.269827384047 1586.591064453125
2.174023295721469 29489.265638229605 1572.5009765625
2.174037640904368 29773.600738051766 1586.470458984375
2.174051984233405 30517.329554117223 1592.709716796875
2.174066325708825 30158.66061134019 1587.9354248046875
2.174080665330875 28021.878214159704 1584.164794921875
2.1740950030998003 28008.123259811287 1593.175537109375
2.174109339015849 29654.455790656586 1587.1790771484375
2.1741236730792672 29144.320995519847 1566.1295166015625
2.1741380052903057 28052.30729238996 1570.458740234375
2.174152335649212 27580.668874739302 1576.0291748046875
2.174166664156237 28443.046934087124 1565.8408203125
2.174180990811631 29335.879006700547 1571.3675537109375
2.174195315615645 29234.5311430577 1574.662109375
2.174209638568531 30022.34988469385 1571.71826171875
2.174223959670541 30204.462883228716 1578.2564697265625
2.1742382789219277 29041.14647667761 1564.3651123046875
2.1742525963229458 27939.599777999792 1572.760009765625
2.1742669118738505 27155.847124582462 1582.541259765625
2.1742812255748953 25791.620849788185 1575.5137939453125
2.174295537426337 25492.477051864917 1581.6380615234375
2.174309847428431 27202.515694368787 1587.736328125
2.1743241555814357 28197.551385351126 1598.1756591796875
2.174338461885609 28384.434377319463 1599.85107421875
2.1743527663412077 29547.958826315986 1591.27880859375
2.174367068948491 28756.547194705294 1604.4102783203125
2.1743813697077212 29037.85114980379 1607.992919921875
2.1743956686191552 28215.55237298775 1622.7366943359375
2.1744099656830564 28924.946587610022 1645.994873046875
2.1744242608996855 29116.979270839805 1658.3612060546875
2.174438554269306 29366.15293215349 1700.83642578125
2.17445284579218 29527.53650738736 1747.3817138671875
2.174467135468571 29435.016801713606 1844.5118408203125
2.174481423298744 30891.159423391986 1997.5885009765625
2.1744957092829633 30778.176686830702 2214.826416015625
2.1745099934214953 28820.950176068356 2459.65478515625
2.1745242757146066 27229.997419260744 2686.07861328125
2.1745385561625636 10526.773506654117 2544.90234375
2.1745528347656333 9966.098834649552 2182.60205078125
2.1745671115240848 27577.773104324428 1895.910888671875
2.1745813864381875 30572.09393637616 1778.447265625
2.1745956595082108 30722.273026700954 1698.7489013671875
2.174609930734424 30166.54695905391 1660.3243408203125
2.1746242001170994 30243.11481716174 1628.194091796875
2.174638467656508 27577.341858240557 1613.426513671875
2.1746527333529215 27426.54544181826 1605.2197265625
2.1746669972066135 28655.789051820906 1590.756591796875
2.174681259217859 28809.976398701216 1589.4573974609375
2.1746955193869293 28851.938913404112 1578.3536376953125
2.1747097777141016 30225.103277512542 1571.5595703125
2.1747240341996505 30768.890173049407 1586.588623046875
2.1747382888438516 31785.724923557696 1574.3282470703125
2.1747525416469835 30200.65557609728 1564.038330078125
2.174766792609323 28914.8612381447 1564.51025390625
2.1747810417311473 30319.44405853845 1565.8997802734375
2.1747952890127373 30686.389660570163 1575.702880859375
2.1748095344543708 30350.805160798427 1561.4071044921875
2.174823778056329 29219.729715488244 1562.731201171875
2.1748380198188926 31465.76105373155 1561.8363037109375
2.1748522597423423 29618.687865279582 1559.174072265625
2.174866497826961 30609.41664994635 1572.163330078125
2.174880734073032 31418.68101865434 1573.1839599609375
2.174894968480838 30865.1089626435 1565.610595703125
2.174909201050663 31058.995252945657 1564.3697509765625
2.1749234317827923 28340.09130015108 1562.8642578125
2.174937660677512 30515.325658294656 1553.5830078125
2.174951887735107 32721.73355805065 1568.49267578125
2.1749661129558646 29625.51136289592 1589.6114501953125
2.1749803363400724 29257.47926999055 1612.8760986328125
2.1749945578880183 29747.539931516916 1630.2498779296875
2.175008777599991 29390.779856055546 1626.40966796875
2.1750229954762803 30908.432112880633 1615.01318359375
2.1750372115171763 29214.836996828297 1590.256591796875
2.175051425722969 27446.01437108684 1571.6131591796875
2.1750656380939515 27742.201122226237 1553.76416015625
2.175079848630414 28715.182516476594 1549.22998046875
2.1750940573326503 29619.848527018657 1565.0235595703125
2.1751082642009534 30470.702711220783 1566.5411376953125
2.1751224692356175 30049.991966200134 1570.9822998046875
2.175136672436937 29039.55300588931 1546.8941650390625
2.175150873805209 31187.917894419305 1546.5625
2.175165073340726 30636.581854368735 1543.7744140625
2.1751792710437883 30449.080692941312 1545.7169189453125
2.175193466914691 29517.53545300805 1553.4879150390625
2.1752076609537334 28883.12588092352 1555.0621337890625
2.1752218531612133 29457.000209903283 1562.4808349609375
2.1752360435374314 28719.133442957598 1555.0982666015625
2.175250232082685 29852.839432297453 1557.6842041015625
2.175264418797278 30250.87033789722 1547.7877197265625
2.1752786036815097 30513.31128780934 1537.635498046875
2.1752927867356826 29950.77052969062 1535.71923828125
2.175306967960099 30285.207115922884 1571.4840087890625
2.1753211473550627 28043.600823079196 1617.7086181640625
2.1753353249208778 28785.262972035933 1571.317626953125
2.1753495006578483 29223.144366708188 1588.1629638671875
2.1753636745662797 28210.641602181255 1581.2923583984375
2.1753778466464784 27144.40835607593 1592.912841796875
2.17539201689875 28098.842992539463 1622.0496826171875
2.1754061853234035 27611.961333853036 1615.67041015625
2.1754203519207445 30381.748893811015 1609.3797607421875
2.175434516691083 30525.82154794508 1604.33447265625
2.1754486796347283 29658.68229307316 1574.9083251953125
2.1754628407519907 30199.15800244461 1555.876708984375
2.175477000043179 29587.924419432846 1552.8153076171875
2.1754911575086053 30489.100502806155 1559.456787109375
2.175505313148583 30491.69769818758 1568.774169921875
2.175519466963422 28019.08354184254 1548.4952392578125
2.1755336189534376 30204.16028393056 1529.007568359375
2.1755477691189427 32113.802744153436 1530.6376953125
2.175561917460252 31895.99084136037 1516.7518310546875
2.175576063977681 29121.98146397499 1521.5155029296875
2.1755902086715446 28691.559756726045 1509.9312744140625
2.17560435154216 31179.138112454304 1525.084228515625
2.1756184925898445 28867.305892279786 1529.17822265625
2.1756326318149166 28733.47435931105 1518.9093017578125
2.175646769217693 29738.692819676522 1522.191650390625
2.175660904798493 28771.763282220556 1522.84716796875
2.175675038557638 29023.76292204221 1525.72802734375
2.1756891704954477 29826.69797069259 1517.140380859375
2.1757033006122435 30235.354701136668 1532.16943359375
2.175717428908345 30124.447001770306 1542.403564453125
2.1757315553840786 28400.395649039172 1537.8551025390625
2.1757456800397637 27789.240033535592 1532.523681640625
2.175759802875726 28718.808296513307 1528.478271484375
2.1757739238922897 28981.646003879658 1526.829345703125
2.17578804308978 27894.887284828957 1526.40185546875
2.175802160468521 29623.245850078754 1537.1412353515625
2.175816276028842 31082.65003681525 1546.1907958984375
2.1758303897710682 30277.742350817043 1534.72216796875
2.1758445016955275 29368.660445917467 1541.2408447265625
2.175858611802548 29773.074144555918 1554.012451171875
2.175872720092459 29174.269737964645 1550.8607177734375
2.1758868265655904 30393.332540643125 1550.469970703125
2.175900931222273 29753.8638357965 1544.3634033203125
2.1759150340628373 30544.40534279506 1536.8857421875
2.1759291350876153 30135.171878137317 1565.819580078125
2.175943234296938 29845.433245596167 1547.57763671875
2.1759573316911394 32032.39038791602 1573.9278564453125
2.1759714272705546 30720.489502358494 1624.1229248046875
2.175985521035515 30937.853258013518 1956.8133544921875
2.1759996129863577 29374.765122165838 2277.50048828125
2.176013703123419 26793.5232042319 2422.38134765625
2.1760277914470323 28235.990353944257 2346.974609375
2.176041877957537 31837.802706166094 2009.17724609375
2.1760559626552696 33961.623072349365 1674.3634033203125
2.176070045540569 30133.597886743177 1551.913818359375
2.1760841266137736 28584.008276802837 1566.693115234375
2.176098205875223 29230.393038317925 1611.024658203125
2.176112283325258 29738.217436734674 1658.0093994140625
2.1761263589642197 30140.107899899835 1703.551513671875
2.1761404327924487 27813.89716523203 1731.2266845703125
2.1761545048102886 28495.39248640699 1712.6783447265625
2.176168575018081 30601.105490306854 1677.4053955078125
2.176182643416169 29300.506480607688 1632.5997314453125
2.1761967100048984 27333.191261665674 1582.0894775390625
2.176210774784614 28833.503325444424 1563.8775634765625
2.17622483775566 28943.966020945998 1585.7601318359375
2.1762388989183834 26549.508224149416 1628.2928466796875
2.176252958273132 27638.540637650218 1790.62451171875
2.176267015820251 30276.5552430518 2193.922119140625
2.1762810715600907 30645.73327095952 2642.719970703125
2.176295125492999 30832.749840834214 2905.81640625
2.1763091776193257 31615.884579351892 2831.0732421875
2.176323227939421 28373.83948072614 2391.03759765625
2.176337276453635 28433.98890075847 1977.772705078125
2.1763513231623204 29486.2818856979 1805.681884765625
2.176365368065828 27515.894505786506 1682.2257080078125
2.1763794111645116 27286.74283643554 1609.024169921875
2.1763934524587247 27369.424900519723 1572.6832275390625
2.1764074919488214 28830.937118263537 1546.4954833984375
2.176421529635155 28296.04171374425 1530.86865234375
2.1764355655180823 27549.4097941919 1517.9044189453125
2.1764495995979605 28328.74172571571 1503.2406005859375
2.1764636318751442 27903.6778648704 1503.8033447265625
2.1764776623499915 27344.393658432025 1502.0762939453125
2.176491691022861 27915.608930800325 1492.403564453125
2.176505717894111 28335.52601909281 1496.88916015625
2.1765197429641003 28999.16849491271 1487.301025390625
2.1765337662331903 29565.783048534144 1475.2337646484375
2.176547787701741 29468.975813559948 1474.8182373046875
2.1765618073701143 28597.659269120148 1483.3092041015625
2.176575825238671 28069.174797605225 1471.182861328125
2.1765898413077758 28626.04401679658 1469.1392822265625
2.1766038555777905 29581.538222352017 1461.947509765625
2.176617868049079 29711.278374324862 1462.4173583984375
2.1766318787220067 28965.8606557524 1462.044189453125
2.1766458875969388 28590.146378987498 1467.13916015625
2.1766598946742413 29247.37880190529 1483.8095703125
2.176673899954281 29316.110275647497 1477.914794921875
2.1766879034374242 28124.445766665107 1476.426513671875
2.1767019051240406 28295.293628909098 1463.2279052734375
2.1767159050144977 27666.675356203523 1448.373779296875
2.176729903109165 28371.450055724283 1438.9962158203125
2.1767438994084127 30053.359282682886 1462.7723388671875
2.176757893912611 30601.30978083678 1475.200927734375
2.1767718866221313 28880.237633173503 1468.390380859375
2.1767858775373456 29273.181400561432 1467.4974365234375
2.1767998666586275 30035.839688194388 1477.192138671875
2.1768138539863484 27778.730215288713 1462.673095703125
2.1768278395208833 28117.613238600814 1456.0540771484375
2.176841823262607 28911.39914818452 1459.172607421875
2.1768558052118943 29421.531568321403 1454.0653076171875
2.176869785369121 30787.13262842656 1453.8614501953125
2.176883763734664 30068.578984697844 1459.60400390625
2.1768977403089 29006.60965426176 1457.83935546875
2.176911715092207 28345.73223108576 1445.7310791015625
2.1769256880849643 27067.157928945417 1431.4051513671875
2.176939659287551 27162.48003493146 1446.3978271484375
2.1769536287003457 27109.65673411402 1463.1654052734375
