igrins/spectra/wd_1436-216_H_20190414.ecsv
# %ECSV 1.0
# ---
# datatype:
# - {name: WAVELENGTH, unit: um, datatype: float64}
# - {name: FLUX, datatype: float64}
# - {name: ERROR, datatype: float64}
# schema: astropy-2.0
WAVELENGTH FLUX ERROR
[from data line 18004]
1.6968510832777706 61423.28418028832 3006.4157883138087
1.6968635518733624 62255.926297951846 2924.5266643768978
1.696876018765636 63482.31862348642 2930.942083329615
1.6968884839551082 64091.55478424313 2937.0817521189842
1.6969009474422962 64510.25406260693 2945.707089541467
1.6969134092277165 65068.49518628803 2903.4024498002073
1.6969258693118867 66535.57348685563 2931.6316241111194
1.6969383276953243 67627.10918172424 2950.732622867878
1.6969507843785472 67837.86319980424 2935.4217125975574
1.6969632393620726 67128.95230696921 2966.018374498813
1.696975692646419 68125.65401530568 2991.9924826911724
1.6969881442321044 66956.1316924038 3032.301549551101
1.6970005941196469 65390.16505780045 2980.6907607259905
1.6970130423095648 64331.40011378846 2951.018589621353
1.6970254888023768 65940.51595262627 2993.193480281578
1.6970379335986019 66258.10392063917 2977.2359316357915
1.697050376698759 65910.9703998728 2989.3272879834276
1.697062818103366 64363.58674056204 2993.1200656429464
1.6970752578129435 65053.68198696132 2983.9786692464336
1.6970876958280103 65171.12836979475 2996.069260577548
1.6971001321490855 66549.70706700449 3047.1708701550533
1.6971125667766893 67008.51375167313 3055.3574301503777
1.6971249997113416 67205.22002688143 3178.3168141530264
1.6971374309535623 66871.47996247606 3371.684741389345
1.6971498605038708 65651.42568427703 3512.5713116248157
1.6971622883627886 65943.13345953831 3452.738096155992
1.6971747145308351 65494.21334539555 3277.662232908098
1.6971871390085322 65820.70851091233 3122.8764881854545
1.6971995617963989 64928.69703022664 3104.433941258439
1.6972119828949574 65096.606545521325 3105.093411676995
1.6972244023047292 64727.91618636616 3154.8419682866506
1.697236820026234 64725.45280885743 3286.594060184621
1.697249236059994 66035.06172159992 3601.777969078639
1.6972616504065305 66945.41957099529 4027.9595821428643
1.6972740630663659 66683.31606294037 4214.968896408675
1.6972864740400218 64717.11318049992 4064.2973761587145
1.6972988833280196 65602.5387047194 3710.3376571153967
1.6973112909308818 66646.23380278278 3462.6861555105684
1.6973236968491314 68377.24904341085 3352.0546706225196
1.69733610108329 68987.70048159645 3292.4748181634945
1.6973485036338805 68582.16445300652 3321.2120320182594
1.6973609045014262 66624.6772258871 3341.3503491301094
1.6973733036864493 63335.606175659384 3312.782736154729
1.6973857011894735 60314.94417425091 3290.099411269472
1.6973980970110223 59084.90394913514 3231.1593986392672
1.697410491151618 60015.25898748936 3183.5170592100994
1.6974228836117855 62348.97940871388 3108.319040776351
1.6974352743920476 64454.55066670157 3096.865191031538
1.6974476634929287 65246.19147724166 3117.3164122646076
1.6974600509149527 64360.4485733346 3117.2485697443426
1.6974724366586438 64375.5488613149 3150.784688274576
1.6974848207245263 65103.277789840045 3236.0085726201255
1.6974972031131252 67089.34319437538 3228.670244701052
1.6975095838249656 67813.47778546582 3150.840767768695
1.6975219628605707 66689.39520469701 3093.6020077271332
1.6975343402204666 65808.38169476083 3067.910790569459
1.697546715905178 65036.67019865221 3055.364877300341
1.697559089915231 66894.93488110276 3047.6316675290095
1.6975714622511504 68473.43633421295 3070.8612692018323
1.6975838329134625 69145.99385661054 3077.2805167919546
1.6975962019026922 67701.98970709436 3051.908167528857
1.6976085692193659 67075.50536437491 3013.1416764289347
1.6976209348640101 66280.04431880929 3045.734681540646
1.6976332988371503 65742.42158986954 3031.8815604318793
1.697645661139314 64733.106663142054 3023.9322720830946
1.697658021771026 65728.71673278222 3034.3153359099842
1.6976703807328148 66488.07903657331 3009.390260847298
1.6976827380252066 66834.06005238154 3074.5083125640967
1.6976950936487283 66737.61243291615 3118.657614881561
1.6977074476039073 66924.14978642947 3105.807573428964
1.6977197998912714 65639.8995523749 3128.3146472080575
1.6977321505113467 63643.233526491786 3181.5306352017196
1.6977444994646629 64199.68230700513 3169.7283146894483
1.6977568467517459 65571.86824599386 3129.255029169775
1.6977691923731253 66837.17676818278 3115.6980371044833
1.697781536329328 65385.63851228221 3119.993906782028
1.6977938786208835 63226.27607985252 3136.1064827879927
1.6978062192483192 62455.6078921602 3139.9508574286397
1.697818558212164 63466.05642042684 3130.3939376359162
1.697830895512947 65528.455549346065 3088.3795651636274
1.697843231151197 65943.37095222832 3118.068890597345
1.697855565127443 65024.04474824839 3117.208699643389
1.6978678974422137 63056.61524892048 3130.6025532866347
1.6978802280960397 63523.191616694734 3139.471695932858
1.69789255708945 64234.461505017694 3121.517850121531
1.6979048844229745 66283.34592411233 3133.121163252493
1.6979172100971425 66112.09649084687 3137.421208866844
1.6979295341124845 66265.02471019475 3136.095458091734
1.6979418564695306 67034.81378727042 3121.336109620507
1.6979541771688114 67340.77788857622 3154.5445488075766
1.6979664962108567 67836.79953123555 3196.0723527629198
1.6979788135961977 67706.529905865 3174.1746139722377
1.6979911293253658 67251.44943538541 3141.6073932892236
1.6980034433988906 67070.56442575854 3147.035859115187
1.698015755817304 67646.27261495976 3164.6856077576617
1.6980280665811376 68062.67348887092 3203.669568170204
1.6980403756909224 68769.25672804023 3164.7490043927214
1.6980526831471898 67833.74856624707 3232.165961721511
1.6980649889504726 67732.24786727416 3218.838852541527
1.6980772931013015 66510.90226933593 3219.8720498678026
1.6980895956002091 66781.6966923827 3232.096207753171
1.6981018964477284 68495.15823081626 3282.6450635878496
1.6981141956443901 69277.47203771136 3227.628446133121
1.698126493190728 69496.14904516647 3194.814194414039
1.6981387890872746 68145.60075381128 3222.8755222083782
1.6981510833345625 67724.79822158831 3211.7987178476887
1.6981633759331252 66574.4207384033 3240.4879259121903
1.6981756668834953 67610.76027927973 3287.6743415789238
1.698187956186206 68081.11703875242 3248.075523798962
1.698200243841792 69299.23590342459 3242.313825418294
1.6982125298507853 68325.2596415817 3268.3850817196917
1.6982248142137213 67413.65036152882 3286.062473962717
1.6982370969311327 66100.03926575113 3279.7974171688365
1.6982493780035544 66117.96227740424 3296.1230452158143
1.69826165743152 66096.65841226174 3298.809930213418
1.698273935215565 67703.84132195835 3258.7189338684416
1.6982862113562227 68615.99853553867 3259.4021601665468
1.6982984858540289 69655.2283014844 3295.709088322229
1.6983107587095183 69790.60850690087 3298.230208981148
1.698323029923225 70265.93907581542 3312.4643654241354
1.6983352994956857 69533.19071051842 3293.6195606508086
1.6983475674274349 68340.0820052151 3240.492930032171
1.6983598337190082 68618.13730420894 3227.824435049073
1.6983720983709418 67936.3806970602 3251.7750051693947
1.6983843613837708 68108.35623562832 3223.3442871037673
1.6983966227580316 66852.60572535743 3242.6445702991036
1.6984088824942603 67589.7331873028 3225.2615165952134
1.6984211405929932 68156.22976735551 3240.8439005733394
1.6984333970547671 67087.60709478299 3235.6201427923575
1.6984456518801176 68031.42833570029 3234.6335666340115
1.6984579050695834 67905.50196065023 3258.291876819566
1.6984701566236995 69106.62295601319 3296.6083607246487
1.6984824065430046 69080.34921726058 3298.436283908666
1.698494654828034 69912.777272948 3340.9823395482767
1.6985069014793275 70342.6830518186 3397.389829636326
1.6985191464974205 69927.05162207727 3287.8703969004387
1.6985313898828518 69108.92102655557 3262.15072401722
1.69854363163616 67919.66519358986 3315.4939891087147
1.6985558717578821 68020.70955755837 3294.990826156614
1.6985681102485557 67819.85268096668 3300.448393827572
1.698580347108721 66775.80463927184 3335.3878229935435
1.6985925823389159 63916.66302141562 3392.5002331132805
1.6986048159396778 61964.0600754392 3381.0437343562144
1.6986170479115468 61777.004085478206 3347.366540624945
1.6986292782550614 63654.335019644 3323.573086397518
1.6986415069707612 66660.23384019453 3358.147975905387
1.6986537340591852 68904.52688962797 3385.655259382278
1.6986659595208726 69499.71251312779 3387.5305439406193
1.6986781833563636 67105.02692263635 3379.924947812146
1.6986904055661975 65215.69943658856 3368.282463167864
1.6987026261509148 64285.803559726744 3392.7716629541437
1.6987148451110547 65095.614438285345 3426.003900841437
1.6987270624471584 66927.95231711073 3432.0125478265713
1.6987392781597657 67613.25098100213 3453.7612510993627
1.6987514922494176 67599.5186713292 3448.5815227180638
1.698763704716654 67226.723775282 3434.7062342412733
1.6987759155620168 67540.56876772046 3426.3843167976356
1.6987881247860463 66359.39398950437 3446.7838433574516
1.698800332389284 65585.32946257133 3437.5002180256924
1.6988125383722714 63985.329240672334 3454.770954463173
1.6988247427355503 64650.41353510213 3473.2128733323857
1.6988369454796608 64587.72694916398 3503.4055569545444
1.6988491466051463 66242.40893269042 3529.826719606571
1.6988613461125484 66596.62743429685 3550.3591915809857
1.6988735440024092 66176.2973939339 3586.944990120141
1.6988857402752704 64742.085899295416 3547.75480115363
1.698897934931676 64628.80717166413 3593.8142451537688
1.6989101279721668 64952.523019237844 3597.173030919251
1.6989223193972867 64913.71865558447 3626.55109222198
1.698934509207578 63403.29066834635 3616.6262375252336
1.6989466974035845 62446.84009980484 3612.754293361744
1.6989588839858483 64238.83422791105 3663.6247993105817
1.6989710689549138 67217.41266723274 3719.3564400061227
1.6989832523113242 68416.53437787213 3769.88032425054
1.6989954340556235 66590.16369910646 3865.77017484311
1.6990076141883548 65027.825650660685 4075.641388647831
1.699019792710063 66189.39456623702 4179.681596763417
1.6990319696212919 67639.37952761375 4165.28588713974
1.6990441449225853 67013.2570580245 4069.223077780748
1.6990563186144887 65508.64839970665 3985.7410530531683
1.699068490697546 65932.78749228144 3898.5736114381593
1.699080661172303 67368.95192042046 3865.80120781831
1.6990928300393031 67090.56216735055 3858.9477931579486
1.6991049972990926 65187.34701372379 3828.0207311406502
1.6991171629522166 65159.62719070819 3867.5713417184047
1.69912932699922 65637.21327915741 3903.405414510847
1.6991414894406491 68300.97014240746 3865.115443003457
1.699153650277049 67945.83789997475 3838.3816606702717
1.6991658095089666 69446.84187950572 3865.1727813458474
1.6991779671369465 67512.61226894279 3974.339260814224
1.6991901231615363 67354.55895093022 3944.297789809478
1.6992022775832818 64306.1337258726 3967.4620354586777
1.6992144304027292 64224.720985441025 3996.0436073780374
1.6992265816204253 65699.35004076698 3971.9458375527342
1.6992387312369177 67801.53250257531 4012.7716870083277
1.699250879252752 66253.87386548084 4011.565295074193
1.6992630256684773 63780.86150074031 3983.658685515449
1.6992751704846396 63898.50928303146 4016.5604148343928
1.6992873137017863 66188.25337242597 4059.900342521239
1.6992994553204652 65536.1167163504 4047.5145071725055
1.6993115953412254 63589.10230604872 4033.0907484117397
1.6993237337646123 63800.81890585057 4039.8710923458975
1.6993358705911756 66459.30689907735 4109.031261726606
1.6993480058214643 68508.70979767106 4126.308934381671
1.6993601394560254 67187.17754939954 4165.924529137253
1.699372271495408 66186.31548494851 4166.7968271790805
1.699384401940161 65363.55791931473 4143.762231358974
1.699396530790833 64713.99904112328 4170.083584865541
1.6994086580479728 63167.27744977738 4149.5500051997715
1.69942078371213 62721.53316286898 4180.190134030083
1.6994329077838546 65474.63103689626 4092.749350501139
1.6994450302636952 68292.97464937565 4134.267110925178
1.6994571511522014 68625.71160608513 4209.699961716469
1.6994692704499235 65949.45028715392 4222.149783536088
1.6994813881574113 62343.85523403231 4160.604707951779
1.6994935042752155 59972.90127845714 4145.620308229388
1.6995056188038853 58478.16495584028 4220.153889712581
1.6995177317439716 59626.7847262327 4158.449088962098
1.6995298430960257 62039.37892639116 4237.888111922028
1.6995419528605982 65284.483728613166 4250.570111901528
1.6995540610382387 66898.04749737277 4313.571893568008
1.6995661676295002 65604.61020326633 4364.5420824889625
1.6995782726349324 65734.98214112649 4481.593474509528
1.6995903760550881 66631.15615114561 4661.244041260694
1.6996024778905174 67316.20293282784 4771.179997892193
1.6996145781417726 66211.19801828681 4667.37379301651
1.6996266768094064 65752.56232811343 4635.932199745519
1.69963877389397 68149.59088773423 4609.042206284013
1.6996508693960153 69581.8097780071 4498.831282311098
1.6996629633160953 69768.69309574383 4378.788817674152
1.6996750556547626 69542.22784027515 4309.158841902917
1.6996871464125693 67617.75608499616 4214.239488900839
1.6996992355900689 65976.58865722956 4185.970221130018
1.6997113231878134 62877.560752340694 4103.138798528976
1.6997234092063567 63007.111399218724 4128.892186732306
1.6997354936462519 62670.23744122657 4194.147466947078
1.6997475765080523 61504.43666394865 4165.9899666229785
1.6997596577923118 61076.517412758025 4181.132439774652
1.6997717374995838 62514.475790343466 4218.477864340553
1.6997838156304226 66585.17883174666 4169.27349847242
1.699795892185382 68666.78070907068 4217.914864247916
1.6998079671650166 69724.96876733271 nan
1.6998200405698802 nan nan
1.6998321124005278 68100.50633554453 nan
1.6998441826575137 66180.15711761 4273.8974609375
1.6998562513413933 65740.23115560535 4236.765625
1.699868318452721 63457.165555735235 4170.99169921875
1.699880383992053 64019.50035862377 4149.01123046875
1.6998924479599435 65704.56968830999 4212.376953125
1.6999045103569488 68563.39118402789 4284.6796875
1.6999165711836242 68472.1432925379 4309.87890625
1.6999286304405254 67545.54542189083 4270.171875
1.6999406881282082 68214.24395737905 4237.30322265625
1.6999527442472293 68538.23385003569 4274.90087890625
1.6999647987981445 71290.45476623219 4202.31689453125
1.6999768517815104 68595.91608542038 4220.76513671875
1.6999889031978839 69829.26814251469 4207.4072265625
1.700000953047821 66757.25726239843 4293.3115234375
1.7000130013318797 67835.77459925102 4277.53564453125
1.7000250480506154 66001.6553417152 4242.10888671875
1.7000370932045876 66227.24419142923 4186.1708984375
1.7000491367943518 67147.8237458202 4141.70263671875
1.7000611788204658 69961.72533466703 4062.506591796875
1.7000732192834875 69260.66987200716 4042.779296875
1.700085258183976 63447.11953515766 4021.143310546875
1.7000972955224871 56771.339606965616 4099.70556640625
1.7001093312995803 55338.205346230825 4053.7705078125
1.7001213655158136 61425.48323234606 3983.367919921875
1.7001333981717464 66218.15371086243 4036.81787109375
1.7001454292679354 65991.29558616797 3934.056396484375
1.7001574588049413 63474.83584869173 3853.436767578125
1.7001694867833217 61313.451875767714 3838.974853515625
1.7001815132036366 62918.81475860848 3811.91455078125
1.7001935380664446 62768.12946770769 3836.78564453125
1.7002055613723055 63817.97984024625 3843.572265625
1.7002175831217785 61783.19761520833 3863.427978515625
1.7002296033154243 61470.902101919695 3862.659912109375
1.7002416219538017 61297.28643356771 3838.792236328125
1.700253639037471 64072.12288428458 3865.639892578125
1.7002656545669925 65888.61829442126 3861.254150390625
1.7002776685429273 68520.48157651818 3950.017578125
1.7002896809658345 69095.3338709978 3902.917236328125
1.7003016918362757 69863.00127850682 3898.977294921875
1.7003137011548117 67809.27063446821 3926.330078125
1.7003257089220034 68060.71272961129 3906.42138671875
1.7003377151384116 66688.8031954363 3937.78076171875
1.7003497198045983 65851.10856995924 3884.678466796875
1.700361722921124 63800.92877448315 3861.307373046875
1.7003737244885515 62221.506636175036 3851.82568359375
1.7003857245074416 60610.59876965452 3920.35888671875
1.700397722978357 60832.35142023743 3935.490234375
