igrins/spectra/wd_1436-216_H_20190414_smoothed.ecsv
# %ECSV 1.0
# ---
# datatype:
# - {name: WAVELENGTH, unit: um, datatype: float64}
# - {name: FLUX, datatype: float64}
# - {name: ERROR, datatype: float64}
# schema: astropy-2.0
WAVELENGTH FLUX ERROR
[from data line 13323]
1.5724630147108631 64184.9697745856 4452.025065104166
1.5724737767254018 66421.4875079386 4371.531901041666
1.5724845374257754 67557.67831516956 4269.82958984375
1.5724952968125634 71197.69310636181 4166.944986979166
1.5725060548863468 71901.12701312758 4065.531331380208
1.572516811647705 73480.69351219713 3988.6664225260415
1.5725275670972194 74318.0003218988 3972.683186848958
1.57253832123547 74186.25569874898 4034.3102213541665
1.5725490740630363 74807.13236035332 4076.110188802083
1.5725598255805002 74740.53800344284 4041.1064453125
1.5725705757884407 76556.85678598708 3940.7060546874995
1.5725813246874387 77259.73531465317 3842.314534505208
1.5725920722780744 73893.23986302484 3791.994547526041
1.572602818560929 71616.7699048359 3837.457600911458
1.5726135635365817 70905.80126542092 3974.3785807291665
1.5726243072056134 72893.96259081154 4281.991048177083
1.5726350495686048 73826.49882811993 4831.441569010416
1.572645790626136 75761.18136069858 5618.970703125
1.572656530378787 79478.2045587925 6223.193196614582
1.572667268827139 80145.58405382224 6194.531249999999
1.5726780059717722 77418.320085708 5536.396321614582
1.572688741813267 72847.35802188911 4720.339436848958
1.5726994763522033 71239.32311767727 4129.050130208333
1.5727102095891627 70507.51540412464 3816.2215983072915
1.572720941524725 72795.07877952166 3647.3840332031245
1.57273167215947 74474.53170754641 3567.5732421875
1.5727424014939795 74876.77809448887 3529.3910319010415
1.5727531295288335 72859.4623783203 3523.413818359375
1.5727638562646116 72265.75711310099 3548.8905436197915
1.5727745817018957 74148.6862735578 3553.0194498697915
1.572785305841265 76148.98669831512 3553.234619140625
1.5727960286833014 75428.716999948 3531.242757161458
1.5728067502285843 73240.18633994856 3536.800537109375
1.5728174704776945 72520.97110946437 3549.02490234375
1.572828189431213 73228.21439869369 3561.413330078125
1.57283890708972 74409.76501476808 3547.7462565104165
1.5728496234537956 73704.71915086932 3513.5314941406245
1.5728603385240216 75551.80629983812 3513.3160807291665
1.5728710523009768 76030.42646184743 3524.962158203125
1.572881764785243 77193.12660350463 3556.991048177083
1.572892475977401 75702.78175357849 3546.634684244791
1.5729031858780305 77129.80525675432 3569.940511067708
1.5729138944877128 76662.32541739567 3572.685139973958
1.572924601807028 77222.04965683988 3629.27197265625
1.5729353078365573 76268.2969040868 3701.221272786458
1.5729460125768804 75637.1679390227 3851.793050130208
1.5729567160285787 74539.96525838802 4117.177815755208
1.5729674181922324 76990.60736470626 4652.931966145833
1.5729781190684227 78088.76588868182 5389.001953125
1.5729888186577294 79501.73197007104 5987.105794270833
1.572999516960734 75596.74360621985 5974.836588541666
1.5730102139780164 74997.12331780647 5379.601399739583
1.573020909710158 75695.4493528844 4599.577880859375
1.5730316041577392 76762.10034150476 4037.1826171874995
1.5730422973213405 77925.1201209971 3762.1943359375
1.5730529892015426 77404.79455524212 3645.6650390625
1.5730636797989264 76994.92051674622 3657.5463867187495
1.5730743691140723 77049.2672435941 3775.80859375
1.5730850571475616 75528.23362565658 3954.846435546875
1.5730957438999749 74393.18027291023 4082.020345052083
1.573106429371892 69746.13704463131 4061.001302083333
1.5731171135638942 65176.833073387934 3867.583821614583
1.5731277964765629 62350.3778120167 3620.573811848958
1.5731384781104785 61899.84694118844 3413.5594889322915
1.5731491584662205 62312.27948998079 3315.7374674479165
1.5731598375443716 62600.40770271262 3272.5900065104165
1.5731705153455116 65051.174742314135 3277.5277506510415
1.5731811918702214 68036.47110851004 3298.6476236979165
1.5731918671190817 70641.27784067883 3340.057454427083
1.5732025410926733 71937.19895499514 3361.933919270833
1.5732132137915769 73414.58873563552 3378.674886067708
1.5732238852163736 74043.04332001162 3372.16015625
1.5732345553676443 74293.4926486624 3373.374918619791
1.5732452242459696 73231.36870849266 3396.7938639322915
1.5732558918519302 75652.49129469176 3460.640950520833
1.573266558186107 77062.71612534812 3579.591634114583
1.5732772232490808 78921.72200537879 3804.756754557291
1.573287887041433 76884.9899260898 4176.376302083333
1.5732985495637437 75948.52675668102 4746.8974609375
1.573309210816594 75212.3909708731 5407.47705078125
1.573319870800565 77078.51025597472 5998.259114583333
1.5733305295162376 79027.718717276 6121.674479166666
1.5733411869641925 78560.82680218774 5663.3271484375
1.5733518431450109 78895.02763809686 4878.904378255208
1.5733624980592726 77098.19195181207 4181.389729817708
1.5733731517075602 78586.70469646621 3788.636555989583
1.5733838040904538 77796.97853171155 3582.365559895833
1.5733944552085335 77312.2379644017 3468.13330078125
1.5734051050623818 77669.08928080683 3397.487467447916
1.5734157536525788 78933.83005653898 3352.119222005208
1.5734264009797054 80548.56171224944 3327.296223958333
1.5734370470443428 79692.8022380271 3360.415364583333
1.5734476918470712 78205.40503584404 3457.131754557291
1.5734583353884732 75813.38161560713 3597.75146484375
1.5734689776691282 74073.8016591079 3711.999348958333
1.573479618689618 69074.67584430249 3713.545166015625
1.5734902584505235 66258.1738356794 3589.602620442708
1.5735008969524258 61859.64483690236 3393.8732096354165
1.573511534195905 61132.321469515286 3249.091145833333
1.573522170181543 60573.41099101082 3196.454915364583
1.573532804909921 63447.63556221423 3204.0424804687495
1.5735434383816194 66271.30905972802 3218.007649739583
1.5735540705972197 70276.94338098714 3222.886311848958
1.5735647015573022 73365.97531314865 3225.0390625
1.573575331262449 76275.41588322721 3246.6630859375
1.5735859597132404 77174.47735946627 3286.3842773437495
1.573596586910258 77113.98781416437 3317.2467447916665
1.5736072128540826 76681.85808222319 3341.889404296875
1.5736178375452947 77658.2015626356 3382.7446289062495
1.5736284609844766 78295.77216322867 3475.850341796875
1.5736390831722082 77256.50202539348 3640.177815755208
1.573649704109072 75680.00318580613 3958.8343912760415
1.5736603237956472 73157.78361724626 4478.535888671875
1.5736709422325166 73889.21413560616 5044.31396484375
1.573681559420261 72850.64755564582 5274.312174479166
1.5736921753594604 72629.73991046075 4981.13720703125
1.5737027900506972 72686.5467648537 4377.229166666666
1.5737134034945526 73311.7073893252 3833.0067545572915
1.5737240156916066 73265.82199015577 3540.2047526041665
1.5737346266424417 72144.29661094477 3391.054524739583
1.5737452363476379 73048.78028096945 3334.900227864583
1.573755844807777 75833.97255057177 3298.319661458333
1.5737664520234402 75827.51261177988 3312.151448567708
1.5737770579952086 74419.75467766359 3418.0380045572915
1.5737876627236629 73789.7200614695 3633.05908203125
1.5737982662093857 74940.87503309529 3909.699788411458
1.5738088684529568 76134.15007752036 4083.230305989583
1.5738194694549579 76270.94878657228 4033.650472005208
1.5738300692159701 76821.7534535318 3791.901692708333
1.573840667736575 77146.0187378481 3481.4013671874995
1.5738512650173535 77618.5627226062 3286.007568359375
1.5738618610588866 77614.37220319224 3202.1464029947915
1.5738724558617567 76596.55616643098 3195.9191080729165
1.5738830494265441 76487.75759649837 3194.4960123697915
1.5738936417538298 77427.93142198565 3198.1344401041665
1.573904232844196 78118.7795239301 3214.627685546875
1.5739148226982236 78973.03298173028 3323.607503255208
1.5739254113164933 78325.44552679273 3514.862467447916
1.573935998699588 78297.48076250304 3743.9931640625
1.5739465848480871 76712.96848704222 3856.7062174479165
1.5739571697625732 75427.0894686729 3799.9411621093745
1.5739677534436267 74168.5517751348 3601.8527018229165
1.5739783358918298 73825.91056320649 3426.281331380208
1.573988917107763 73441.5879598062 3374.4540201822915
1.5739994970920084 74157.66287137978 3537.907307942708
1.5740100758451474 74768.1898204564 3890.9672037760415
1.5740206533677605 76273.1281250575 4353.012613932291
1.57403122966043 78118.60472496814 4687.981770833333
1.5740418047237363 81207.60073256449 4670.86572265625
1.5740523785582619 82399.06295331057 4312.059000651041
1.5740629511645874 81599.45362339604 3842.3493652343745
1.5740735225432945 80579.84763676506 3482.2602539062495
1.5740840926949644 79275.20959994436 3296.102701822916
1.574094661620179 79177.27616166719 3182.599853515625
1.5741052293195192 78315.6401860331 3131.649739583333
1.5741157957935665 78590.78890394323 3085.4306640625
1.5741263610429026 79768.74132427787 3079.5472819010415
1.574136925068109 78256.17281477802 3061.596516927083
1.574147487869766 78002.49603922988 3057.424641927083
1.574158049448457 76835.67379445743 3064.122314453125
1.5741686098047623 77098.26121938201 3077.35693359375
1.5741791689392635 76098.57290368374 3080.192138671875
1.574189726852542 74494.74610736352 3085.545979817708
1.5742002835451792 73587.77975697207 3094.315999348958
1.574210839017757 72781.91216385626 3128.3127441406245
1.5742213932708564 72215.41555687753 3140.1997070312495
1.5742319463050596 73125.16289783527 3155.946370442708
1.5742424981209475 74711.31891967182 3161.251057942708
1.574253048719102 77159.43881137078 3166.3666178385415
1.5742635981001039 77504.02147109406 3146.820068359375
1.5742741462645362 77222.15369186492 3124.8095703124995
1.574284693212979 77101.19981536665 3119.006917317708
1.5742952389460148 76688.08698699134 3137.842610677083
1.574305783464224 76385.6352063054 3144.9532877604165
1.5743163267681894 74923.79683520971 3144.508382161458
1.5743268688584922 74425.88555840382 3143.276936848958
1.5743374097357137 74818.79457695385 3175.864827473958
1.574347949400436 76604.6587600363 3251.9064941406245
1.5743584878532404 77057.14672184143 3393.349934895833
1.5743690250947082 77066.30472659488 3632.230631510416
1.5743795611254208 76564.99718999634 3932.949055989583
1.574390095945961 77119.65735312621 4209.866943359375
1.57440062955691 76306.5513110301 4260.46484375
1.5744111619588488 76375.0278473399 4074.5585123697915
1.5744216931523591 75260.56406028473 3731.3540039062495
1.574432223138023 74971.35217013766 3435.77001953125
1.5744427519164217 73598.94670761989 3238.478271484375
1.5744532794881378 72658.27460002016 3143.538248697916
1.5744638058537526 73448.34287136074 3100.186686197916
1.574474331013847 72873.90482298979 3066.527425130208
1.5744848549690031 72545.73729295137 3044.075927734375
1.5744953777198027 70704.46551081368 3036.395345052083
1.5745058992668277 70987.32810350071 3052.468587239583
1.5745164196106598 70856.92189756215 3041.664794921875
1.5745269387518808 70567.99675029922 3035.7755533854165
1.5745374566910715 69813.36229311033 3026.733642578125
1.5745479734288146 71317.61067023413 3053.3192545572915
1.5745584889656912 72291.5714345227 3065.6239420572915
1.5745690033022839 72488.46784197084 3081.8031412760415
1.5745795164391736 71751.36332663626 3084.9978027343745
1.5745900283769423 72902.42682107829 3089.097900390625
1.5746005391161717 74561.54902103372 3092.547607421875
1.5746110486574447 74939.71653849175 3072.7924804687495
1.574621557001341 74386.57593689169 3068.4007975260415
1.574632064148444 72842.93364075967 3065.486409505208
1.5746425700993347 73296.68993173027 3184.6446940104165
1.574653074854595 72646.20937032756 3392.5126953125
1.5746635784148075 74243.85646734384 3653.326497395833
1.574674080780553 73811.8088534677 3820.777750651041
1.574684581952414 74235.34843022366 3805.328287760416
1.5746950819309717 71762.34885917252 3638.865804036458
1.574705580716809 73102.37819940742 3397.005615234375
1.5747160783105065 72681.97237689895 3239.2672526041665
1.5747265747126464 74869.81848796592 3212.565673828125
1.5747370699238112 74266.51716568798 3334.191243489583
1.574747563944582 75331.14301080654 3525.352132161458
1.574758056775542 75468.12246449079 3719.943440755208
1.5747685484172713 75220.5260251229 3798.4418131510415
1.5747790388703524 77157.79654451313 3713.836181640625
1.5747895281353679 77859.48026570675 3511.383138020833
1.5748000162128992 78420.1746092318 3307.5576171875
1.5748105031035278 77364.62665527311 3174.8846842447915
1.5748209888078366 76571.03717398214 3122.8549804687495
1.5748314733264066 75936.21052567933 3100.872151692708
1.5748419566598202 76267.13366656302 3088.085123697916
1.5748524388086589 76392.61408088786 3066.329833984375
1.5748629197735056 76079.50392119838 3038.2010904947915
1.574873399554941 74211.15213846735 3013.218994140625
1.5748838781535484 74578.93982653238 2995.775472005208
1.5748943555699086 75412.50904809445 2988.7887369791665
1.5749048318046042 75355.31276655437 2978.853759765625
1.5749153068582173 75283.20000952538 2977.785970052083
1.5749257807313295 75090.68399162218 2987.754231770833
1.5749362534245228 76542.59523891608 3002.819173177083
1.5749467249383795 76683.34090273551 3001.2858072916665
1.5749571952734815 77006.7888931097 2990.49365234375
1.5749676644304107 76242.76215420278 2979.429280598958
1.57497813240975 75677.32858439114 2973.6056315104165
1.5749885992120796 75319.0811447574 2977.542073567708
1.5749990648379828 75886.91795897025 2986.96826171875
1.5750095292880422 76657.81156983358 2999.415852864583
1.5750199925628388 76895.41572795439 3000.262776692708
1.5750304546629548 76292.45549908023 2991.510335286458
1.5750409155889726 75670.44566658951 2990.896077473958
1.575051375341474 74907.66844231026 2992.2985026041665
1.5750618339210414 74705.3940120891 2996.281005859375
1.575072291328257 74681.26552058848 2996.573974609375
1.5750827475637028 75269.87967815147 2998.634602864583
1.5750932026279603 75849.19320993607 3020.849202473958
1.575103656521612 76296.90758525854 3061.962646484375
1.5751141092452408 76474.66211023706 3124.834798177083
1.5751245607994275 76747.28719984081 3199.59521484375
1.5751350111847555 76802.64723116778 3295.871419270833
1.575145460401806 75129.72228979203 3500.567464192708
1.5751559084511615 74622.24391981178 3737.4833984374995
1.5751663553334039 74835.22170011891 3990.641682942708
1.575176801049116 76280.74899301426 4100.609537760416
1.5751872455988796 75636.29257319057 4045.745442708333
1.5751976889832768 75115.89274796574 3772.403483072916
1.5752081312028903 73405.06596929478 3395.69384765625
1.5752185722583016 72679.81795722753 3118.3751627604165
1.5752290121500934 71437.15982941908 2985.1918131510415
1.5752394508788472 71900.96978023437 2975.409749348958
1.575249888445146 72243.007121617 2962.472412109375
1.575260324849572 71185.03702136446 2953.05322265625
1.575270760092707 70328.44569049204 2938.920979817708
1.5752811941751337 70302.90614321272 2943.7565104166665
1.5752916270974344 70311.86670683739 2940.57177734375
1.575302058860191 69653.49372897652 2930.4923502604165
1.575312489463985 68023.49657093163 2898.88623046875
1.5753229189094002 66584.39277859169 2867.4689127604165
1.5753333471970183 65943.43030788543 2853.997802734375
1.575343774327421 65885.52302429627 2853.530843098958
1.5753542003011916 65297.87581078537 2863.231038411458
1.575364625118912 64809.726877090216 2852.2250162760415
1.5753750487811637 64128.535641262875 2840.9549967447915
1.5753854712885305 64095.30680812936 2834.906331380208
1.5753958926415932 64984.342851949594 2844.070068359375
1.5754063128409357 65354.31148264647 2849.0986328125
1.575416731887139 66230.1636565305 2852.41748046875
1.575427149780786 66760.72933367708 2862.1481119791665
1.5754375665224594 67316.00023012915 2869.242513020833
1.5754479821127412 68593.03039360789 2892.735107421875
1.575458396552213 68999.82917526712 2904.241455078125
1.5754688098414587 70286.06452577306 2933.8317057291665
1.5754792219810596 72067.24428025637 2938.113525390625
1.5754896329715984 73090.09054589596 2948.8194986979165
1.5755000428136579 72489.23303444314 2934.185628255208
1.57551045150782 71319.58179317124 2926.9696451822915
1.575520859054667 71549.50057032536 2920.2794596354165
1.5755312654547815 72510.33279524624 2919.201009114583
1.5755416707087466 73269.07512555584 2920.914143880208
