igrins/spectra/wd_1436-216_K_20190414_smoothed.ecsv
# %ECSV 0.9
# ---
# datatype:
# - {name: WAVELENGTH, unit: um, datatype: float64}
# - {name: FLUX, datatype: float64}
# - {name: ERROR, datatype: float64}
# schema: astropy-2.0
WAVELENGTH FLUX ERROR
[from data line 10219]
2.0045301467789542 515444.684809461 705796.5625
2.0045435994536613 844159.1820323248 1057269.0833333333
2.00455705046594 -12976489.749577897 -16234475.395833332
2.0045704998158653 -12601663.728564652 -15229557.708333332
2.004583947503509 -13047079.78330218 -15576353.562499998
2.004597393528945 547220.1849049146 1616567.1041666665
2.0046108378922445 9356.670880908412 331578.4583333333
2.004624280593478 43771.6233204367 153540.97526041666
2.004637721632715 67482.58780989937 76902.59765625
2.0046511610100244 47481.68730173974 38733.57747395833
2.004664598725473 33152.94018628527 22427.506510416664
2.0046780347791273 39258.32010807564 15366.499674479166
2.0046914691710542 44369.04726660781 11879.044596354166
2.004704901901317 39561.2673095456 10008.51953125
2.004718332969979 32748.528877436755 9028.728515625
2.004731762377105 32687.134144105676 8254.50634765625
2.0047451901227547 36719.42058721268 7322.779459635416
2.0047586162069893 37350.58426939524 6354.605631510416
2.004772040629868 37152.91983291667 5616.152669270833
2.00478546339145 36405.54738382496 5192.7001953125
2.0047988844917928 38419.461833300564 4988.431477864583
2.004812303930954 38830.461735402 4916.235188802083
2.0048257217089875 38437.74682548117 4912.761067708333
2.00483913782595 36628.227921808306 4955.4736328125
2.0048525522818936 36178.777531355154 5132.07958984375
2.0048659650768723 36707.99070002248 5427.299479166666
2.0048793762109365 37059.785036847265 5910.2587890625
2.004892785684138 36329.59830254226 6720.47314453125
2.0049061934965264 37608.55750907985 8261.038248697916
2.004919599648151 40790.05064066721 11263.669270833332
2.0049330041390583 40712.33568531879 17526.577799479164
2.004946406969297 40996.21448075589 27144.684244791664
2.004959808138911 43870.94043980586 38809.715494791664
2.0049732076479465 55028.11917628664 51463.30598958333
2.004986605496447 119618.18426318013 73989.41276041666
2.005000001684455 71610.76737405674 120202.95182291666
2.0050133962120125 -96949.30476958555 232330.5520833333
2.005026789079161 -319470.4615819433 -288268.4010416666
2.00504018028594 -521321.837409001 -3078602.3229166665
2.0050535698323886 -384631.2588304157 -3663463.833333333
2.0050669577185447 -571074.4603657301 -3674191.458333333
2.005080343944445 -353566.7624234731 -242868.54166666674
2.005093728510126 -564138.9136851295 508340.70833333326
2.0051071114156223 -623530.6559942538 1760946.1666666665
2.005120492660968 -775668.0038297053 1484996.0833333333
2.005133872246196 -480211.9991199589 1316608.0312499998
2.005147250171338 -88310.50348577887 613862.8802083333
2.0051606264364263 92800.24296171205 209993.53906249997
2.0051740010414894 29461.44548761971 91173.51302083333
2.005187373986557 39333.65320117108 45332.96028645833
2.005200745271658 37086.51360160211 26667.231119791664
2.0052141148968183 40026.23834213961 18204.160481770832
2.0052274828620646 40430.20320669524 13755.480143229164
2.0052408491674227 40895.499309641425 11845.2841796875
2.005254213812915 41577.83945514195 10844.779296875
2.005267576798566 41460.92768848447 9938.85546875
2.0052809381243977 39192.524556463526 8749.0244140625
2.0052942977904302 36721.61449506829 7492.816080729166
2.005307655796685 36524.283899931506 6419.479654947916
2.0053210121431815 39560.78713255621 5827.064290364583
2.0053343668299366 38507.71543046034 5719.538411458333
2.0053477198569682 39187.38730077679 6206.241861979166
2.005361071224293 43330.410388349446 7734.099609374999
2.005374420931925 51363.19782969796 11108.027180989582
2.00538776897988 52421.39305299595 15361.548828125
2.0054011153681697 46671.32796604384 16972.121744791664
2.005414460096808 33265.11270408546 14991.155924479164
2.005427803165805 29728.388345152147 11091.118652343748
2.005441144575172 29910.832474674135 8659.297526041666
2.005454484324917 35341.883331541816 7902.76025390625
2.0054678224150497 39345.82595567338 8093.033203125
2.0054811588455763 38650.61683906333 9007.79443359375
2.0054944936165047 38467.75657954658 10953.826822916666
2.0055078267278392 42147.16870587859 14860.651692708332
2.0055211581795835 51173.11980358527 22887.081380208332
2.0055344879717425 56410.856074200594 41251.504557291664
2.005547816104318 43724.79796652324 74662.16276041666
2.005561142577311 31303.012974547248 161765.1875
2.0055744673907223 -22658.54069093143 399569.6536458333
2.0055877905445523 104477.6327487799 1012276.2708333333
2.0056011120387978 419417.11487850547 1173961.0625
2.0056144318734574 787724.2165062807 1249693.4583333333
2.0056277500485273 437855.73087448487 -14605.625
2.005641066564003 308051.80741280515 -916917.9791666667
2.0056543814198795 -336247.967600159 -1980989.6666666665
2.0056676946161494 -19204.633322848153 -1078715.4583333333
2.005681006152805 -29539.556590553926 -128963.89583333331
2.0056943160298397 312120.76032956084 691329.7395833333
2.005707624247243 228720.59794147324 430820.90625
2.0057209308050044 71686.35457398457 138543.56510416666
2.005734235703112 55785.293988744816 55677.576171875
2.005747538941555 52301.858571131605 32149.873697916664
2.0057608405203182 36611.70506427725 22732.083333333332
2.005774140439389 36452.10405181878 19042.798828125
2.0057874386987504 41459.00305395626 19559.481119791664
2.0058007352983873 62533.75509080272 24350.793619791664
2.0058140302382816 69974.9796945878 30159.814453124996
2.0058273235184156 59632.27915701878 32029.248046874996
2.00584061513877 45158.55845981705 28264.822265624996
2.005853905099324 37059.23733919919 21833.164713541664
2.0058671934000567 40244.071945635675 16921.088541666664
2.0058804800409455 37613.38254210166 12992.405924479164
2.005893765021968 35459.30407795101 9724.503092447916
2.0059070483430985 32911.77981930511 7161.5615234375
2.005920330004314 29085.02342885045 5626.788411458333
2.0059336100055867 29819.459360496756 4919.20703125
2.005946888346889 33406.95828547692 4642.6982421875
2.0059601650281937 36146.01596577639 4584.006673177083
2.0059734400494715 39724.58809656845 4712.7890625
2.005986713410693 39424.17905470124 4988.283854166666
2.0059999851118255 40732.78853389866 5496.3203125
2.0060132551528373 41649.60493980213 6336.236165364582
2.0060265235336963 45293.55743645871 7904.244791666666
2.0060397902543676 52583.315024924705 10771.490397135416
2.006053055314816 62160.12070658812 15293.724934895832
2.006066318715005 76021.38884833718 21337.684895833332
2.0060795804549 80915.32432302828 28847.046223958332
2.0060928405344605 67411.85685333076 37773.828125
2.006106098953648 57344.071933547544 51952.936197916664
2.006119355712422 17069.22762908246 83370.79427083333
2.0061326108107433 -70543.13283976742 177938.203125
2.0061458642485688 -136693.81442914816 453005.078125
2.0061591160258545 122389.21251620702 1079272.3229166665
2.0061723661425583 -123962.53212287842 1415939.75
2.0061856145986345 -257604.88414227875 1411046.0624999998
2.0061988613940374 -337274.98154891527 1119120.1041666665
2.006212106528719 -1456968.3031358086 -3904013.1874999995
2.006225350002632 10169078.582217844 -8172491.458333333
2.006238591815728 7960574.221842806 -7945350.499999999
2.006251831967957 9171955.910656247 -3094456.2083333335
2.0062650704592677 -2340244.5981417056 1034908.3854166666
2.006278307289609 -326224.75323684776 477149.734375
2.006291542458927 -73414.15206085825 222039.015625
2.006304775967169 17437.333655329217 78993.40364583333
2.006318007814279 53688.90844481925 40986.703776041664
2.006331238000202 48390.18997170265 30262.250651041664
2.0063444665248813 36878.32346607908 26839.564453125
2.0063576933882583 44251.57767406477 22967.641276041664
2.0063709185902754 38958.51250696795 17327.031901041664
2.006384142130872 36691.938060154986 11474.72021484375
2.0063973640099877 30678.269647433663 7556.1572265625
2.00641058422756 27303.361934868597 5603.13818359375
2.0064238027835284 26966.11406164645 4643.904052734375
2.0064370196778265 27659.846364670288 4165.860921223958
2.0064502349103903 30462.191072361216 3893.370524088541
2.0064634484811563 31035.999572696426 3741.642415364583
2.006476660390055 31576.32817285024 3636.85009765625
2.0064898706370196 31524.366183403086 3588.015462239583
2.0065030792219822 34286.774178461266 3574.8129069010415
2.0065162861448735 37839.482007282764 3571.130126953125
2.0065294914056215 38497.87738355783 3565.2968749999995
2.0065426950041556 38921.782471505096 3633.379150390625
2.006555896940403 38515.796397980244 3761.142415364583
2.0065690972142893 39833.828399980135 3964.766357421875
2.006582295825741 39879.93835889149 4168.459391276041
2.0065954927746827 41167.28181865945 4467.374186197916
2.0066086880610374 42513.46165454221 4870.82177734375
2.006621881684727 45080.56026975099 5452.266764322916
2.006635073645674 45228.184648066774 6332.555338541666
2.006648263943799 45524.32039182779 7750.222005208333
2.0066614525790207 44723.961305407865 10264.275716145832
2.006674639551258 45566.75521463758 14981.431315104166
2.0066878248604283 33818.79176272833 24589.663411458332
2.0067010085064485 1421.0268722920373 49890.27864583333
2.006714190489234 13219.328548548157 107616.12109375
2.006727370808699 146534.23144757553 226375.4114583333
2.0067405494647583 288739.2075053144 316824.984375
2.0067537264573234 358690.07027662377 467869.1041666666
2.0067669017863063 60939.12568337505 642890.1354166666
2.0067800754516174 -45640.01024392743 680303.65625
2.0067932474531665 -274219.1289405606 562324.8958333333
2.0068064177908624 -84965.45172928073 395442.25
2.006819586464613 -31473.291925837577 364991.5520833333
2.006832753474324 151893.48391026584 341710.2916666666
2.0068459188199026 140843.44765055625 240893.8489583333
2.006859082501253 85279.8001417353 129542.17317708333
2.0068722445182785 50865.777562008196 62406.67187499999
2.0068854048708817 47804.743442527324 27990.766276041664
2.0068985635589645 42468.64552790798 15182.685872395832
2.006911720582428 35000.275346506925 9936.732421875
2.0069248759411726 31667.92457207924 7394.519368489582
2.0069380296350956 32165.422979605213 6071.630859375
2.006951181664096 33211.38831982409 5754.743489583333
2.006964332028071 34138.505049592866 6796.550944010416
2.0069774807269147 32888.46225187508 8463.092122395832
2.0069906277605227 29521.03158226191 9668.0927734375
2.0070037731287895 27522.324240795788 9179.791666666666
2.007016916831608 28992.775418505706 7209.821126302083
2.007030058868869 33445.77517324872 5126.315104166666
2.0070431992404645 36619.123930547474 3711.874104817708
2.007056337946284 36874.5576939515 3268.7677408854165
2.007069474986216 36817.105592499574 3162.3818359375
2.0070826103601496 36100.77077086655 3112.496175130208
2.007095744067971 36855.75543899065 3109.5553385416665
2.007108876109566 37393.84909276058 3135.4990234375
2.007122006484819 39267.59661791323 3193.1777343749995
2.007135135193616 39596.38153186118 3258.662109375
2.0071482622358383 39803.199277843494 3358.926350911458
2.0071613876113688 38817.37238886762 3515.326253255208
2.007174511320088 38485.10868118719 3792.597737630208
2.0071876333618763 38798.43481848567 4282.694661458333
2.0072007537366128 38666.651437767825 5161.988606770833
2.007213872444175 39290.264367844764 6977.934407552083
2.0072269894844403 39931.57615926555 10575.7451171875
2.007240104857285 39675.5787360767 15335.654622395832
2.007253218562584 37603.91140558213 18843.548177083332
2.0072663306002116 37559.271203913115 20594.765625
2.0072794409700414 38442.286875641556 23298.662760416664
2.007292549671945 41762.57509274945 32914.54296875
2.0073056567057925 60874.19447473314 60516.224609375
2.0073187620714568 153677.97597986698 142924.53125
2.0073318657688044 329663.32631263405 228975.5208333333
2.0073449677977053 326865.88451096334 308723.6770833333
2.007358068158025 397203.72037912917 349539.6145833333
2.0073711668496315 513875.9221862565 388935.09375
2.0073842638723893 590257.0149705418 435607.6354166666
2.0073973592261627 392996.93125415256 409166.7916666666
2.0074104529108148 66139.85034503174 323998.0260416666
2.0074235449262083 -29174.972307508837 192718.08072916666
2.0074366352722044 6879.827908700601 97857.19010416667
2.0074497239486626 43822.912890444924 47146.57812499999
2.0074628109554435 43650.741274095766 21019.474934895832
2.0074758962924046 40528.46456442075 11961.36669921875
2.0074889799594033 34919.930089527326 7937.16455078125
2.0075020619562967 36042.74568222495 5885.970540364583
2.0075151422829394 34954.12017953804 4807.344563802083
2.0075282209391863 33975.46300484214 4160.351481119791
2.0075412979248903 32676.96957588796 3699.536214192708
2.007554373239904 33803.3348786261 3369.381917317708
2.007567446884079 35332.02990043909 3138.291666666666
2.0075805188572655 36925.685464674214 2982.1190592447915
2.0075935891593133 38068.3617209585 2851.112548828125
2.0076066577900704 38957.46247020401 2754.669677734375
2.007619724749385 39007.207636286475 2695.191243489583
2.0076327900371034 38728.863753179285 2661.255452473958
2.00764585365307 38470.52218555299 2676.6429850260415
2.0076589155971307 39429.04446213854 2720.63916015625
2.007671975869129 41385.17731515146 2840.2880859375
2.0076850344689063 43238.07873207056 3069.920735677083
2.0076980913963047 44615.13184691678 3647.9554850260415
2.007711146651166 46994.75563617893 4858.121907552083
2.007724200233328 44746.01109488461 6460.602864583333
2.0077372521426295 35530.25037168724 7180.674153645833
2.0077503023789096 26474.97468551535 6549.68359375
2.0077633509420036 24501.22843626785 5047.944091796875
2.0077763978317473 30048.14854129547 3965.286946614583
2.007789443047977 33472.605663529896 3518.9621582031245
2.007802486590523 36557.57175950092 3466.7892252604165
2.007815528459221 39560.413593559715 3655.562337239583
2.0078285686539012 41813.50886997623 4131.788330078125
2.007841607174395 42703.351053630686 5077.300048828125
2.0078546440205316 44683.80094893722 7109.662760416666
2.007867679192141 40411.549691830354 11369.826822916666
2.007880712689049 37017.136040095924 19256.7607421875
2.007893744511084 40241.02305237901 28311.215494791664
2.00790677465807 58738.052394641636 37505.764322916664
2.007919803129833 78848.15481220352 53266.95833333333
2.0079328299261974 19896.439186578806 101353.45963541666
2.0079458550469855 -106860.24366875536 176795.97135416666
2.0079588784920186 -83172.472813191 224306.21354166666
2.0079719002611176 -47794.2952189609 280405.4791666666
2.007984920354103 29759.25080917607 269570.0885416666
2.0079979387707927 -22225.16637720075 233166.53125
2.0080109555110055 -18530.98851590894 132151.03125
2.008023970574558 10414.08940916368 59354.936197916664
2.0080369839612664 13449.451569476787 26283.808593749996
2.008049995670945 22957.754737849562 13209.538411458332
2.008063005703408 28386.12200760068 8304.68359375
2.0080760140584686 35731.670688227045 6248.029134114582
2.008089020735938 38412.094650384985 5525.627115885416
2.0081020257356283 37447.33807655492 5342.434407552083
2.0081150290573486 37501.0593568678 5116.492350260416
2.0081280307009077 35482.93535887351 4510.908772786458
2.008141030666115 34092.36546878079 3726.730794270833
2.008154028952776 33184.452189286174 3136.307291666666
2.0081670255606974 35820.26937300148 2862.398763020833
2.0081800204896845 36883.6851286321 2828.332112630208
2.008193013739541 38918.03887919786 3028.4173990885415
2.0082060053100697 41720.21152310738 3642.82275390625
2.008218995201074 44791.15107382392 4849.044270833333
2.0082319834123528 45798.14155833749 5997.166666666666
2.008244969943708 42247.044868407625 6106.001627604166
2.008257954794938 37052.07950801413 5080.778076171875
2.0082709379658414 32038.020357364065 3712.455647786458
2.008283919456215 31223.890349920373 2893.711832682291
2.008296899265855 32815.14136224739 2520.6124674479165
2.0083098773945567 34687.65398332522 2354.962890625
2.008322853842114 36489.00780826121 2298.0836588541665
2.0083358286083213 37342.41543919091 2318.7889811197915
2.008348801692969 37908.5055506102 2427.695149739583
2.008361773095849 38673.90058671686 2669.8351236979165
