igrins/spectra/wd_1436-216_K_20190414.ecsv
# %ECSV 0.9
# ---
# datatype:
# - name: WAVELENGTH
#   unit: um
#   datatype: float64
# - name: FLUX
#   datatype: float64
# - name: ERROR
#   datatype: float64
# schema: astropy-2.0
WAVELENGTH FLUX ERROR
[from data line 25248]
1.7118780919548557 63105.290786771206 157.30905574366992
1.7118907888105652 59824.33717099951 4261.762570180806
1.7119034839165956 61317.77032212879 3465.3092688652046
1.7119161772734373 62029.10116316593 3474.076403608937
1.7119288688815817 62793.7731266883 1125.990740141515
1.7119415587415194 63598.87624796369 1866.578839810665
1.7119542468537428 61849.70470893162 1613.526953603858
1.711966933218743 59653.768377646 556.2371641999628
1.7119796178370117 61351.980337168985 133.09161901990387
1.7119923007090416 60807.580603818824 873.7888019459276
1.7120049818353242 63108.77040617925 1504.0080086041266
1.712017661216352 63277.38435536396 1118.652583035965
1.7120303388526177 63239.824445665756 2642.171162640308
1.7120430147446144 62445.54751404315 1576.3521126657424
1.7120556888928347 60820.332029891055 226.0878697314079
1.7120683612977727 63561.42639364076 712.3695075587042
1.7120810319599211 66973.99248525967 24.39435245710376
1.7120937008797734 65392.47327344301 1633.2238395718591
1.7121063680578243 64392.97438007573 1974.621650385525
1.712119033494567 62322.196298797884 1267.1029985762389
1.7121316971904958 66348.82887315 44.23788272525206
1.7121443591461065 64119.28207280836 2273.2938209887475
1.7121570193618927 59525.91563360089 3247.125894859075
1.7121696778383486 59522.67010978157 1237.7779622783303
1.7121823345759704 63191.300101563575 2380.5684044072163
1.7121949895752526 65497.72278283327 253.70890576558983
1.7122076428366915 65003.72680690184 1466.7973875186758
1.7122202943607827 61608.59494388227 2264.9374654840394
1.7122329441480206 62050.407430881816 424.17691860652474
1.7122455921989035 63762.153689465864 1523.93438933832
1.7122582385139264 64695.062055568356 4805.751224944245
1.7122708830935855 62782.057908596405 107.84227295661132
1.7122835259383793 56457.91610756043 3107.9936473535763
1.7122961670488026 62711.70828174714 12986.049219446923
1.7123088064253535 61398.329797324135 10177.117342531425
1.7123214440685288 49014.590325970596 11447.664495544142
1.712334079978827 41306.86659039355 3589.703415390707
1.7123467141567448 59369.661771068284 1104.996935337549
1.712359346602781 51971.46112064309 199.12667162387987
1.7123719773174328 56990.53814765784 4710.396306721715
1.7123846063011996 48782.10541996965 4637.670534917815
1.7123972335545792 44799.81604172307 6850.938515780267
1.7124098590780703 43060.74438029912 9577.704345983148
1.7124224828721728 50176.54258171018 17381.835354424333
1.712435104937384 44864.890068279026 7857.572865897157
1.7124477252742045 47952.01801771822 4656.707918577561
1.712460343883134 56418.46487055782 4219.126253120407
1.7124729607646718 58856.13221627318 2791.749359134465
1.712485575919318 60643.37125751427 218.57280128215297
1.7124981893475728 63082.50055045983 1246.1396836509564
1.7125108010499366 63514.96389070352 845.0134395545127
1.7125234110269103 65384.47788764084 1400.1303420652903
1.712536019278994 63321.68185760738 1186.3591721667392
1.7125486258066887 67855.07078257535 1617.9410509983493
1.7125612306104958 63272.10633647657 2906.0294928890157
1.7125738336909169 64362.39829901421 687.8554797035301
1.712586435048453 62355.79372477476 2354.910500697436
1.712599034683607 62804.89567172816 1633.809180456945
1.7126116325968797 61450.35335445474 3881.255363622276
1.7126242287887736 60244.54521942848 2205.4818157991854
1.7126368232597917 61943.058578728385 2016.6936038589445
1.712649416010436 61402.462485326614 2278.8047983584647
1.712662007041209 61698.53655780863 591.1786282186316
1.7126745963526153 65445.095775718364 351.153603445987
1.7126871839451558 65869.70146384032 394.42822141960596
1.7126997698193358 63384.811798666015 4339.294591970654
1.7127123539756586 63986.72442800334 2701.5465858312295
1.7127249364146273 65650.86048958432 659.7765514406875
1.7127375171367458 65619.64635246314 121.18386785882872
1.712750096142519 69422.18654112176 2761.888868116755
1.7127626734324517 65061.068252154524 4198.302669899174
1.7127752490070474 65642.05488499723 896.4744562731152
1.7127878228668119 65571.97054255003 2061.7513612659563
1.7128003950122495 69793.35479326268 808.9962995992372
1.7128129654438655 66729.99697766843 3630.732521457823
1.712825534162166 61953.9296680073 2265.484443053086
1.7128381011676568 63510.43878828302 1718.541236106752
1.712850666460843 63762.28969723229 1373.3836288053506
1.7128632300422308 64766.24995931134 3356.912989114923
1.7128757919123268 62927.728112262164 685.2124792967343
1.712888352071637 63097.25750568268 676.2347031986252
1.7129009105206687 60768.54658849601 4115.767340611545
1.712913467259928 63235.564592483905 1662.0071073338138
1.7129260222899227 63664.51999058212 3758.307068864617
1.7129385756111601 63095.043327019375 1435.5799704162428
1.712951127224146 66013.1309395265 1953.806373373909
1.7129636771293908 60705.99326385958 1973.4896067406894
1.7129762253274001 63833.35196556065 1298.8563034283131
1.7129887718186831 65173.29108313594 2325.986943041385
1.713001316603748 65643.69556848354 691.5890759130489
1.7130138596831037 67545.32784720314 3954.0853198417067
1.7130264010572576 68053.51733894789 2841.1167783364567
1.7130389407267201 69734.92563676935 139.54515699636937
1.7130514786919995 65212.513457289744 1295.9632091129984
1.7130640149536052 65865.9397487221 404.52208954727485
1.7130765495120468 70021.47808152143 237.59204544028628
1.7130890823678337 68166.44779882692 303.4795166688569
1.7131016135214763 70318.88864182588 768.2593088295041
1.7131141429734842 70076.29017126765 1328.3907692509017
1.713126670724368 69697.88446261562 2719.8123603454924
1.713139196774639 69952.26076046262 1387.4796989661993
1.7131517211248068 65675.73065855083 477.16447622194255
1.7131642437753831 64590.28747181914 1570.0633769920269
1.713176764726878 67549.08023662293 3137.8987184285406
1.713189283979804 64805.40457840639 474.12218653378267
1.7132018015346722 63405.915004873 268.774067512009
1.7132143173919945 63892.49229771717 661.8724394278973
1.7132268315522825 64936.60325858363 3082.847684054713
1.713239344016049 65524.14052080239 1315.749964965969
1.7132518547838056 66234.57458468774 1509.5679375009483
1.713264363856065 64831.30787134265 499.9269804917693
1.713276871233341 64178.701670156486 2312.132772558079
1.7132893769161446 64259.950660391805 1153.6263462563986
1.713301880904991 67324.01600996943 2146.967512097679
1.7133143832003923 65541.58793594249 4039.2705472215534
1.7133268838028628 64157.88559886981 1136.2579608462136
1.7133393827129155 65043.9390405075 2642.86177791403
1.7133518799310654 66621.1624731377 3990.606605543736
1.7133643754578265 65809.89709531075 640.7015617142381
1.7133768692937121 62527.587516238855 739.5955804468689
1.713389361439238 61411.42790115177 2907.539567365376
1.7134018518949181 63354.587695374066 2090.8896506929896
1.713414340661268 67710.76773078133 289.3427193844454
1.7134268277388036 62427.97649294567 2364.2344698482357
1.7134393131280385 64216.908174090044 2697.9528625846406
1.7134517968294898 66593.73111854245 520.4761107259563
1.7134642788436727 61984.27722242704 268.1306104570392
1.7134767591711033 64526.82817148416 498.0783460581034
1.7134892378122983 63238.392891115865 464.7732920179948
1.7135017147677738 63033.940508258594 171.82261169448245
1.7135141900380455 63885.35732773117 1509.942091822901
1.7135266636236322 63351.876618000875 366.6767417073399
1.7135391355250496 63924.56510208144 2574.4003283488
1.7135516057428146 59915.77335899433 1980.8501384031797
1.7135640742774454 63778.32663084792 777.7166739774217
1.7135765411294603 63134.68541697585 1684.2523989585106
1.7135890062993755 63380.35136735651 747.4008024661007
1.71360146978771 64953.802502604296 2655.79119166685
1.7136139315949817 65458.21225370356 1988.117819056597
1.7136263917217103 62501.59458725803 1655.8087600452204
1.713638850168413 64703.87481051017 3559.6547417873385
1.713651306935609 63524.320001947526 247.47715125976026
1.7136637620238178 65017.14329120898 2583.900568307116
1.713676215433558 66099.8723444842 5257.486374196148
1.7136886671653502 67186.65098971031 619.0035066154912
1.713701117219713 67459.5172495175 1611.7693293064085
1.7137135655971665 66131.81209472408 1863.9659451744972
1.713726012298231 68371.85487002267 93.10781583584192
1.7137384573234267 65317.85405723531 1629.964699061578
1.7137509006732745 63302.66380208029 2533.3393085638563
1.7137633423482947 65030.65617222712 2758.332948477339
1.7137757823490083 63275.51913769764 3317.2394303926285
1.713788220675936 58997.37060606368 2245.401208044268
1.7138006573296 64147.82395589463 1162.2178115645936
1.7138130923105213 64576.54539543157 341.62699600797333
1.7138255256192212 64417.76469221832 1950.9483852786302
1.7138379572562221 66017.98803364078 1021.3463516449295
1.7138503872220465 63860.81348830475 473.11085482791634
1.713862815517216 60913.84014094085 3384.592125689934
1.7138752421422536 61267.69965079057 3378.0232955215756
1.7138876670976813 59164.71829190961 1361.890059547631
1.7139000903840236 59014.46559393106 1244.0276015565532
1.7139125120018017 57440.06492612778 3675.5882976472235
1.7139249319515406 56408.5012711469 2880.5025900725586
1.713937350233763 59021.29814841443 4006.701371434643
1.713949766848992 61024.33044755188 2799.1475529813843
1.713962181797754 58037.331120901435 6908.479667916068
1.7139745950805696 59003.833968132545 301.35642358639103
1.7139870066979663 56524.06685414763 2192.2365737590385
1.7139994166504673 59126.09273437221 166.86927446684626
1.7140118249385974 59999.37591218141 2426.675116015681
1.7140242315628815 60147.6199297032 1759.7312545805366
1.7140366365238455 63809.677933103245 2867.4301035896488
1.7140490398220132 62637.157751214516 1165.9695601710737
1.7140614414579125 58769.31316076344 1659.3255991142355
1.7140738414320669 60258.6365142179 3044.2149727346596
1.714086239745004 60472.48509837499 2254.1987589962323
1.7140986363972486 64535.83166878835 726.6071859636262
1.7141110313893289 62597.81438153595 1713.9268531648092
1.7141234247217698 60084.93256095283 3151.8444118668576
1.7141358163950993 63408.43998890416 5638.729311564915
1.7141482064098434 61694.47314584089 172.1166729563384
1.7141605947665302 61833.97474019631 1958.637608982562
1.7141729814656868 68397.7000959632 2440.2445967815734
1.7141853665078404 66108.1220236225 2759.2215228777204
1.7141977498935193 62381.762856508816 1684.018516543496
1.714210131623251 63155.45103115251 657.6261511667435
1.7142225116975642 63855.44915744961 263.91561280201734
1.7142348901169877 60183.43236390462 1626.158530674858
1.7142472668820496 62401.021675123884 3872.9421187101316
1.7142596419932787 62415.690930975325 1277.1317165071878
1.7142720154512041 64158.73672336162 6062.568702068122
1.714284387256355 62606.60820504724 3160.4010783831
1.7142967574092611 61238.95349276742 401.9210572705699
1.7143091259104515 65622.20043274242 1407.7352874457738
1.7143214927604569 64031.420671590204 7438.588483274493
1.7143338579598066 57748.29352538988 10894.642655174137
1.7143462215090313 59081.44703152319 2818.913324646538
1.7143585834086612 61001.33542772112 4937.278259388417
1.7143709436592274 57907.56922367523 2660.8375809803074
1.7143833022612602 58822.742954597954 887.8129262076054
1.7143956592152907 61266.37736671495 2066.030717236839
1.7144080145218508 56967.05414584489 2764.8592200254852
1.7144203681814711 58141.753775488105 1121.2213321028632
1.714432720194684 64108.41926517657 4008.0114921016334
1.7144450705620216 60983.61298531943 7447.191741276054
1.7144574192840152 63413.71753990198 1747.556871059277
1.714469766361197 67155.92952172415 3484.1454070197237
1.7144821117941005 62923.386809171825 3036.5425051159127
1.7144944555832577 63584.0889777605 313.8844655959652
1.7145067977292017 61719.10061068973 1652.995796985398
1.7145191382324656 55917.743024407435 401.8686565257339
1.7145314770935822 54689.82510105893 1006.7947066478705
1.7145438143130856 58081.94728903789 4780.8343523735875
1.7145561498915098 58848.5197690102 5975.353438279626
1.7145684838293884 58949.52240211632 1020.4565351234364
1.7145808161272547 60969.284156960566 4612.908354427451
1.7145931467856441 61498.94739549106 3468.409851437481
1.714605475805091 66899.58836472774 3326.279980255376
1.7146178031861297 67441.89081098053 1101.1769880609538
1.7146301289292958 64157.864543535354 1412.4415282157888
1.714642453035123 60602.293472308265 487.4232743857437
1.7146547755041484 62003.13610295572 1998.3771900142945
1.7146670963369068 63164.397591166904 2213.120156026171
1.7146794155339338 60269.02040464608 1298.6948268565127
1.7146917330957656 62992.67671639854 3460.416904802605
1.714704049022938 62626.694439595456 4183.069808028624
1.7147163633159874 60404.281683256006 7422.686877130965
1.714728675975451 57143.381783125675 3031.5821431052163
1.7147409870018655 60096.58871711665 3133.9958942572644
1.7147532963957668 62722.752798631496 3710.2278366636588
1.7147656041576933 63593.50227259956 1645.5985935728552
1.7147779102881817 61770.44550896539 1321.362676817162
1.7147902147877698 59420.586103696616 4697.131108083555
1.714802517656995 64659.586527600564 2161.8201394870157
1.7148148188963965 66438.40440080734 3928.2443286129937
1.7148271185065105 67594.84494870369 2514.699488263821
1.714839416487877 65539.5886599038 4246.965204130635
1.714851712841034 63358.36714396094 1376.0454919343117
1.7148640075665205 65784.81951540726 1331.6771192054348
1.7148763006648755 73769.11507402286 5102.66411144383
1.7148885921366384 67890.46807734665 3793.2062522416018
1.7149008819823481 65235.64017092753 184.42350392363988
1.714913170202544 65653.94871170794 2340.9324005084536
1.714925456797767 64254.59872955416 5135.519986194517
1.7149377417685554 63197.59188408579 2091.9278732666317
1.7149500251154517 63953.56130181662 248.49414808864344
1.7149623068389948 66581.5757882733 1187.6400032197068
1.7149745869397253 60194.90775240418 634.4112924752067
1.7149868654181846 60171.68213209303 1010.0831303949242
1.714999142274914 63246.39974689992 4385.667103624706
1.7150114175104538 59786.530771343336 999.5151029790917
1.715023691125346 61484.40652427406 639.982259607876
1.7150359631201328 64259.54630167242 2710.793687547369
1.7150482334953547 66957.83546613026 386.5155263264459
1.7150605022515546 64726.53993827568 3776.7592198745515
1.7150727693892753 65551.40659253045 883.3883028989321
1.7150850349090578 67095.67009697745 914.0428360990553
1.7150972988114457 64428.49073292417 3467.835667010136
1.715109561096982 64081.593522228606 1156.1243135942975
1.7151218217662092 54874.303365038126 6228.365679750872
1.7151340808196713 62712.995979439154 4208.741085450176
1.7151463382579115 61980.76845856184 4769.955756142941
1.7151585940814724 67123.06654729092 296.0056078393809
1.7151708482908996 72683.27661694893 5308.443336439118
1.7151831008867364 64043.0147766436 66.2640494830298
1.7151953518695267 59562.23730646426 4398.356998413053
1.715207601239815 60547.236887909625 1593.2584989526656
1.7152198489981474 60917.47794975294 2177.2764937356637
1.7152320951450677 61215.2023557045 808.7341716039251
1.7152443396811206 63040.69919100917 4519.9642156740965
1.7152565826068522 65154.33888813265 292.93205984936645
1.715268823922808 59300.98524534211 3519.905070302315
1.7152810636295333 65433.83651300401 839.2818189530631
1.7152933017275735 67851.6811558344 3946.8888086828943
1.715305538217476 71021.9281810595 1352.3737335736803
1.715317773099787 70925.21876690876 1816.2018809185722
1.7153300063750514 66454.38342687541 3985.8991242087886
1.7153422380438181 60549.87744298354 3883.4245946733126
1.7153544681066326 66237.50625753737 5893.47795782473
1.7153666965640428 66157.76912776621 4772.396098158485
1.715378923416595 65364.51794506818 6486.85690292509
1.715391148664838 65027.909441009506 6090.256723700178
1.7154033723093192 63578.92813908463 706.2834486103783
1.7154155943505853 66892.61185875448 3727.2744964554054
1.715427814789186 66599.18191866881 2671.621432809737
1.7154400336256699 62887.62953866744 97.2235029979639
1.7154522508605838 76121.44981613399 4022.7470157472103
