igrins/spectra/wd_1436-216_K_20190414.ecsv
# %ECSV 0.9
# ---
# datatype:
# - name: WAVELENGTH
#   unit: um
#   datatype: float64
# - name: FLUX
#   datatype: float64
# - name: ERROR
#   datatype: float64
# schema: astropy-2.0
WAVELENGTH FLUX ERROR
[from data line 25537]
1.7154766805279011 66093.23461252956 1990.0432787097589
1.7154888929614016 63166.06713284043 7353.153453965909
1.71550110379553 66418.64467110159 3857.129633804076
1.715513313030835 70472.06154100258 2861.0674320389367
1.715525520667867 nan nan
1.7155377267071752 nan nan
1.7155499311493105 nan nan
1.715562133994823 nan nan
1.7155743352442632 70434.58548182658 4187.66748046875
1.7155865348981825 66317.12326931895 4169.7197265625
1.715598732957131 69257.61560655537 4143.732421875
1.7156109294216604 62113.451621774846 4117.65771484375
1.715623124292322 64046.241909372744 4116.7099609375
1.7156353175696677 65962.29000486092 4103.580078125
1.7156475092542487 63728.779901029455 4113.31689453125
1.7156596993466178 65762.83663270994 4139.33642578125
1.7156718878473263 67404.16706403096 4167.84619140625
1.715684074756928 64145.47379436802 4126.859375
1.715696260075974 67471.7499556678 4104.51025390625
1.715708443805018 67512.82373030686 4145.42626953125
1.715720625944613 63487.72044668948 4151.16796875
1.715732806495312 64483.584431698735 4091.88525390625
1.7157449854576683 59936.77649294006 4037.144775390625
1.7157571628322363 64269.8734277268 4024.99462890625
1.7157693386195692 69365.37518791569 4109.80419921875
1.7157815128202205 65434.671555154935 4004.8837890625
1.7157936854347464 71209.60106963197 4014.360107421875
1.7158058564636995 73216.10407375792 4081.98291015625
1.7158180259076348 70221.58620366521 4123.8466796875
1.7158301937671079 66789.98571987498 4155.74755859375
1.7158423600426729 65818.84786883663 4045.535888671875
1.7158545247348858 69110.07066129013 4068.497314453125
1.7158666878443019 66124.23755574775 4037.12646484375
1.7158788493714765 68708.03556311653 4018.833984375
1.7158910093169664 58641.108718254596 3971.423828125
1.7159031676813268 60377.56458068399 4075.19287109375
1.7159153244651142 67064.87371992836 4124.89453125
1.7159274796688853 66459.87597006343 4064.333984375
1.7159396332931967 69685.45642849832 3967.61767578125
1.715951785338605 65196.385737557706 3973.738037109375
1.7159639358056684 61105.44443588472 3981.67529296875
1.715976084694943 63222.45565503233 3946.876953125
1.7159882320069864 66818.62647852453 3992.4638671875
1.7160003777423567 63028.76653333929 3891.9306640625
1.7160125219016122 65836.59640638837 4014.635009765625
1.71602466448531 64983.41193147997 4054.89990234375
1.7160368054940098 63818.90725364349 3971.28662109375
1.7160489449282688 63340.44641141487 4091.78564453125
1.716061082788646 61037.66059316387 4134.01904296875
1.7160732190757004 66567.22491731268 4411.19189453125
1.716085353789992 66105.18634254525 4986.35693359375
1.716097486932079 70879.68177201826 5691.83251953125
1.7161096185025217 73444.02540654714 6609.466796875
1.7161217485018798 74398.1665830954 6899.4619140625
1.7161338769307124 67391.56567873865 6440.21484375
1.7161460037895808 60690.8397714297 5803.84619140625
1.7161581290790446 64817.29953680127 4960.9462890625
1.7161702527996643 62645.50656652896 4419.50390625
1.7161823749520009 63545.26681418533 4174.748046875
1.7161944955366162 60843.8357240732 4012.577392578125
1.71620661455407 63658.474024096795 3876.367431640625
1.7162187320049245 61999.495199424346 3840.459228515625
1.7162308478897406 71110.65769812021 3875.3759765625
1.7162429622090807 65758.74902165713 3840.1689453125
1.7162550749635068 61607.3872153654 3764.234375
1.716267186153581 61729.33755416697 3828.714111328125
1.7162792957798654 61875.29862854986 3843.31982421875
1.7162914038429227 63912.19704389297 3839.010009765625
1.7163035103433157 67013.96995755027 3772.564697265625
1.7163156152816075 64257.91629021439 3814.22314453125
1.7163277186583619 61569.48704953754 3814.714111328125
1.716339820474141 66231.9503047857 3834.995361328125
1.7163519207295086 63565.781849086314 3834.4296875
1.71636401942503 62214.17925257891 3745.963623046875
1.716376116561268 64925.69509149047 3683.226318359375
1.716388212138787 65387.16640432358 3652.2978515625
1.7164003061581516 60119.17983073721 3733.3212890625
1.7164123986199256 64063.801831725556 3726.881591796875
1.7164244895246754 65954.82980180177 3859.1689453125
1.7164365788729652 66526.53516455686 3878.426025390625
1.7164486666653598 64438.39827980643 3931.63525390625
1.7164607529024247 67704.42824859751 3895.384521484375
1.716472837584727 66876.51347871532 3749.276611328125
1.7164849207128308 68963.80838154489 3707.850341796875
1.716497002287303 68034.5113087218 3646.820068359375
1.7165090823087092 67203.16680132774 3702.89794921875
1.716521160777617 62972.25824149553 3776.855712890625
1.7165332376945917 61458.49479024105 3736.959228515625
1.7165453130602009 65491.929605532474 3770.807373046875
1.7165573868750121 66966.67843579472 3791.480224609375
1.7165694591395917 67223.22187923174 3794.302001953125
1.716581529854508 63819.75970977914 3686.38427734375
1.7165935990203276 63407.58836448372 3616.156005859375
1.7166056666376195 62748.89673515124 3609.51513671875
1.716617732706951 65076.634792953184 3613.31103515625
1.7166297972288906 68338.94723112536 3587.66357421875
1.7166418602040077 66345.62556056707 3583.395751953125
1.7166539216328696 70739.94946769597 3610.383544921875
1.7166659815160457 64531.30161871634 3583.2890625
1.7166780398541055 64305.42786806369 3601.73291015625
1.7166900966476175 62758.74595845393 3528.18994140625
1.716702151897152 66535.72109800769 3549.57421875
1.7167142056032785 67316.93110191434 3570.571533203125
1.716726257766567 63815.815875685934 3556.5205078125
1.7167383083875871 67670.68896196132 3591.13916015625
1.7167503574669092 66131.74715700798 3586.391845703125
1.7167624050051045 70926.75235214239 3569.467041015625
1.716774451002744 69520.17977486811 3597.92724609375
1.7167864954603969 62773.84948223318 3559.351318359375
1.7167985383786357 69532.16545599823 3537.193603515625
1.7168105797580313 69410.60969511223 3544.442626953125
1.7168226195991556 63401.160124854796 3478.127197265625
1.71683465790258 65599.32375400852 3474.6943359375
1.716846694668877 68096.43103310047 3504.2568359375
1.716858729898618 65946.44624080168 3439.235595703125
1.7168707635923754 67894.2689930308 3456.875
1.7168827957507227 68306.14618889662 3443.40576171875
1.7168948263742314 63636.70904115092 3435.301025390625
1.716906855463475 60766.14117822808 3456.05078125
1.7169188830190276 60448.845059217056 3403.02099609375
1.7169309090414608 64353.617125186516 3431.531982421875
1.7169429335313497 60864.86915311255 3431.728759765625
1.7169549564892672 61118.675640718575 3436.30712890625
1.7169669779157875 63897.45466098328 3484.57373046875
1.716978997811485 64108.68197323171 3566.325439453125
1.716991016176934 69175.23819831795 3881.1796875
1.7170030330127088 68809.92166317598 4116.38525390625
1.7170150483193845 63865.825255096206 4340.09228515625
1.7170270620975359 66290.92538952263 4526.841796875
1.7170390743477382 63153.335940580815 4575.4326171875
1.7170510850705674 59419.341080697806 4363.259765625
1.7170630942665985 62558.336577500464 4178.00537109375
1.7170751019364077 65280.584938390304 3997.397705078125
1.71708710808057 61560.57424972684 3674.30615234375
1.717099112699663 61285.32290394797 3386.767333984375
1.7171111157942627 66363.6012977456 3376.279541015625
1.717123117364945 61929.374894220586 3318.97998046875
1.7171351174122877 64523.68251288645 3279.398681640625
1.717147115936867 61472.91695597827 3243.4951171875
1.7171591129392607 61857.16077638742 3253.92822265625
1.7171711084200465 67407.41584941173 3286.318115234375
1.7171831023798012 66622.02473741592 3318.585205078125
1.717195094819103 67015.93703484426 3315.23486328125
1.7172070857385304 69717.1027358099 3332.269287109375
1.7172190751386613 61475.71467626877 3318.005859375
1.7172310630200736 71532.44165428878 3295.397216796875
1.7172430493833468 68728.49452867941 3226.33154296875
1.7172550342290596 65567.29506641024 3210.196533203125
1.7172670175577909 64757.33041435606 3247.477783203125
1.7172789993701194 64435.28403488375 3245.00439453125
1.7172909796666258 66405.27073878003 3273.46142578125
1.7173029584478892 67431.1877482524 3416.48095703125
1.7173149357144888 66942.66986423601 3587.991943359375
1.717326911467006 66515.01089008618 3684.87841796875
1.7173388857060203 68760.73466372893 3704.221923828125
1.7173508584321122 65854.53816306066 3742.529541015625
1.717362829645862 67932.49526605134 3793.33837890625
1.7173747993478516 66417.00430908904 3853.618408203125
1.7173867675386612 63162.91645060375 3827.23388671875
1.717398734218873 62718.72695995553 3897.222412109375
1.7174106993890672 66034.95665994463 3889.453369140625
1.7174226630498277 62137.394289831915 3784.599365234375
1.717434625201734 61266.39118957491 3834.799072265625
1.7174465858453694 64090.8323434291 4025.167236328125
1.717458544981316 66478.94571290493 4439.63232421875
1.7174705026101569 64532.30325886143 4781.10791015625
1.717482458732474 64506.62430642435 4917.87109375
1.7174944133488501 55226.40195104448 4820.93701171875
1.717506366459869 61161.28117616611 4648.74462890625
1.7175183180661144 59951.04498669548 4483.1748046875
1.717530268168169 58860.28216703149 4133.98193359375
1.7175422167666166 57425.656568608094 4003.728271484375
1.7175541638620413 54647.83376589827 3849.769775390625
1.7175661094550274 57277.63139325351 3562.379150390625
1.7175780535461591 54283.60160141861 3288.119873046875
1.717589996136021 63002.80084888522 3126.388916015625
1.7176019372251974 60142.07644656346 3160.20263671875
1.717613876814275 61925.31674143479 3162.920654296875
1.7176258149038366 61838.90376475866 3260.508544921875
1.7176377514944694 60899.91263796042 3388.693115234375
1.7176496865867579 57685.30524978402 3489.24267578125
1.717661620181288 55093.61348181006 3514.48046875
1.7176735522786462 57788.262805052065 3581.816162109375
1.7176854828794186 58320.07274683044 3629.2890625
1.7176974119841915 58849.32732954758 3612.193603515625
1.717709339593551 62617.68030343775 3653.13818359375
1.7177212657080843 61061.279700636594 3630.67041015625
1.7177331903283781 60346.994969061605 3528.8447265625
1.7177451134550206 60263.05799804386 3303.3681640625
1.7177570350885982 65238.62387123019 3116.73828125
1.7177689552296984 64089.1129462182 2994.362548828125
1.7177808738789098 61593.29434246301 3003.372802734375
1.71779279103682 65370.058787975315 3064.976806640625
1.7178047067040167 67278.23119601767 2992.3310546875
1.7178166208810899 61337.16123067187 3002.65771484375
1.7178285335686263 64336.20569335916 3017.720947265625
1.717840444767216 65089.929918455724 3030.0458984375
1.7178523544774476 65995.95069602424 3071.44873046875
1.7178642626999105 67718.16296853407 3056.703125
1.7178761694351938 63510.18498793749 3003.585693359375
1.7178880746838876 65339.29859676082 3010.0673828125
1.7178999784465814 63875.88775673611 2976.798828125
1.7179118807238654 66806.21415130902 3027.2158203125
1.7179237815163295 68844.53711020695 3084.26904296875
1.7179356808245647 66326.72492392421 3032.593994140625
1.717947578649161 63380.91473149299 3149.8330078125
1.7179594749907103 64613.144511710685 3398.96044921875
1.7179713698498027 63255.42651828209 3529.09130859375
1.71798326322703 63424.92253216065 3503.657958984375
1.7179951551229837 66937.14796767244 3467.182861328125
1.718007045538255 66725.48709240447 3481.8408203125
1.718018934473436 66246.11578375928 3466.46240234375
1.718030821929119 63451.39584170834 3496.97509765625
1.718042707905896 61669.393055802364 3563.05908203125
1.7180545924043595 63408.72882333069 3561.049560546875
1.7180664754251025 65375.45616716624 3376.2265625
1.7180783569687177 62058.64346617091 3166.3857421875
1.7180902370357982 61745.19717716385 3013.937744140625
1.7181021156269372 63483.96179643366 2885.876708984375
1.718113992742728 67950.96478943177 2931.721923828125
1.7181258683837652 66552.1463541928 2970.3662109375
1.7181377425506417 65963.62357508016 2927.34228515625
1.7181496152439524 64064.609751059084 2932.912353515625
1.718161486464291 66427.82879851694 2863.006591796875
1.7181733562122523 67661.00235266532 2882.833251953125
1.7181852244884313 65051.72518834409 2878.9091796875
1.7181970912934226 67830.72347128768 2905.986083984375
1.7182089566278207 67085.53852582851 2874.66552734375
1.7182208204922225 64436.94831297207 2880.880859375
1.7182326828872223 60319.15681902941 2854.707275390625
1.718244543813416 63645.80495181668 2877.204833984375
1.7182564032714 64271.94159110382 2887.770751953125
1.7182682612617697 62930.34639529657 2855.8720703125
1.7182801177851226 63577.28691994065 2935.785400390625
1.718291972842054 66847.06769191482 3001.099609375
1.7183038264331618 63289.341731591514 2878.457763671875
1.718315678559042 64165.001880589945 2824.485107421875
1.7183275292202926 63620.29656655523 2878.416748046875
1.71833937841751 65314.522030479086 2926.051513671875
1.7183512261512925 65441.2708299687 2857.40478515625
1.718363072422238 62863.063406740584 2863.1484375
1.7183749172309442 61351.07968985685 2844.10546875
1.7183867605780092 64401.870202908874 2838.404541015625
1.7183986024640316 75312.6331112571 2876.541748046875
1.7184104428896096 63106.59833130223 2849.96826171875
1.7184222818553425 61285.754043149704 2811.317138671875
1.7184341193618287 63881.8487220163 2766.380859375
1.7184459554096678 61461.65652393328 2841.71484375
1.7184577899994589 63839.139257774084 2801.44384765625
1.7184696231318024 64543.329622639445 2822.01318359375
1.7184814548072973 62174.13963933322 2792.063720703125
1.7184932850265444 62224.12942212943 2792.63330078125
1.7185051137901428 62654.92953784057 2777.968017578125
1.718516941098693 62888.50331343406 2788.840087890625
1.718528766952797 63644.272134267965 2789.482421875
1.7185405913530545 61366.096776531755 2760.46630859375
1.718552414300067 60872.4714071037 2726.13232421875
1.718564235794435 62908.3437881444 2731.998779296875
1.7185760558367609 61460.31448993555 2755.994873046875
1.7185878744276464 61953.40960969163 2770.489013671875
1.718599691567692 59499.12530707822 2743.264892578125
1.7186115072575014 64432.81181115261 2769.31396484375
1.718623321497675 63252.76434955733 2748.941162109375
1.7186351342888173 61842.05057543195 2782.114990234375
1.7186469456315292 62234.32300969826 2752.017333984375
1.7186587555264148 63546.94107686438 2743.77001953125
1.7186705639740762 64032.488796018224 2763.773193359375
1.7186823709751176 66024.92078643569 2782.591796875
1.7186941765301418 67526.19280875231 2750.976318359375
1.7187059806397529 61360.198090751524 2726.1259765625
1.7187177833045544 61496.70586073893 2745.869384765625
1.7187295845251507 63040.57483380784 2728.950439453125
1.7187413843021455 61306.54030540177 2747.854736328125
1.7187531826361442 64462.21101674469 2793.916015625
1.718764979527751 62008.363001538295 2714.40771484375
1.7187767749775704 65999.41830383154 2748.74853515625
1.7187885689862088 66106.42873028778 2784.9326171875
1.71880036155427 63877.1479743641 2878.311279296875
1.7188121526823603 66638.71679931498 3128.169189453125
1.7188239423710847 67076.82665234894 3526.5556640625
1.71883573062105 69430.16234183304 3948.016845703125
1.718847517432862 70464.12787063906 4333.00732421875
1.7188593028071273 64828.8291738485 4424.06982421875
1.7188710867444519 60059.94681505031 4276.08984375
1.7188828692454419 59518.059516499314 3981.557373046875
1.7188946503107063 59817.58645907598 3764.7001953125
1.7189064299408499 61546.136174010804 3744.041748046875
1.7189182081364818 61620.18285169308 3809.81982421875
1.7189299848982087 66138.32044772769 3897.26220703125
1.7189417602266384 61975.371245529524 3876.204833984375
1.7189535341223787 58122.13243361012 3753.778564453125
1.7189653065860389 58384.52530682716 3532.285400390625
1.718977077618225 62486.553482806696 3353.80419921875
1.718988847219548 64428.39974984412 3190.96240234375
1.7190006153906157 64409.33846977704 3159.052001953125
1.7190123821320367 65309.38927444756 3078.592529296875
1.7190241474444201 63774.41576186736 2919.916748046875
1.7190359113283762 64710.765714222776 2733.117919921875
1.7190476737845144 65739.10311334679 2651.162353515625
