igrins/spectra/wd_1436-216_K_20190414.ecsv
# %ECSV 0.9
# ---
# datatype:
# - name: WAVELENGTH
#   unit: um
#   datatype: float64
# - name: FLUX
#   datatype: float64
# - name: ERROR
#   datatype: float64
# schema: astropy-2.0
WAVELENGTH FLUX ERROR
[from data line 38703]
2.436359408359772 24604.232613770368 24760.76171875
2.4363755075509927 16762.80319451562 22045.56640625
2.4363916046149 15503.487002725617 18139.576171875
2.436407699551676 19044.1398444569 18061.818359375
2.4364237923615 29403.89549019847 18607.560546875
2.436439883044558 20406.380696064178 20974.072265625
2.4364559716010326 10321.308597286545 24099.583984375
2.4364720580311108 18020.39612341861 27716.23828125
2.436488142334982 44079.4891108007 36823.83203125
2.436504224512832 -30200.480386502844 63007.1875
2.436520304564855 25391.361252865307 90822.8359375
2.4365363824912407 168860.46801092426 232713.625
2.4365524582921845 -673342.5714351077 671024.375
2.436568531967881 3966979.9045041935 2510813.25
2.436584603518527 202575.4024036681 998104.25
2.4366006729443197 -32617.74430162274 386222.875
2.43661674024546 -23889.730348541063 112221.4765625
2.4366328054221476 100079.6700734609 62785.62890625
2.436648868474587 15128.325688361507 35015.22265625
2.43666492940298 -13853.625254003884 22658.521484375
2.4366809882075335 18796.97548217527 16738.859375
2.4366970448884544 19146.48670908774 12911.701171875
2.4367130994459516 15117.895923317374 9734.3720703125
2.436729151880234 -39254.397066758414 8654.20703125
2.436745202191514 2219.0071228459724 7470.654296875
2.4367612503800045 15737.256452130467 6600.6689453125
2.4367772964459187 17890.54873962211 6178.31689453125
2.4367933403894746 22510.358354678618 5830.70166015625
2.436809382210888 18404.62521437929 5409.9267578125
2.4368254219103775 21647.470783499004 5287.03857421875
2.4368414594881656 14131.36851997644 5055.1689453125
2.4368574949444715 18628.952565905798 4947.51318359375
2.43687352827952 20698.673898241886 4735.2685546875
2.4368895594935367 19406.09529802389 4555.69873046875
2.436905588586746 20922.098693493765 4373.1943359375
2.4369216155593763 22289.080176775737 4270.982421875
2.436937640411658 16659.896922373577 4181.16015625
2.4369536631438193 18434.705162831717 4125.3486328125
2.4369696837560952 19925.830595799333 4011.40283203125
2.4369857022487182 21809.207028471737 3996.626708984375
2.4370017186219233 18907.846422167055 4017.33935546875
2.437017732875948 15583.346020121508 4004.266357421875
2.437033745011029 16022.763867054167 3993.5537109375
2.4370497550274073 20653.311778058593 3958.034423828125
2.437065762925323 12299.296626266114 3989.6962890625
2.437081768705019 20232.68423546595 3988.719482421875
2.43709777236674 17948.842058216014 3975.72216796875
2.4371137739107307 15624.309982078212 3950.033935546875
2.4371297733372383 17028.162224034866 3826.377197265625
2.437145770646512 13685.782124290577 3795.40869140625
2.4371617658388005 14770.344670425731 3717.743896484375
2.4371777589143577 19128.72566326124 3654.286865234375
2.4371937498734337 14133.24189733783 3564.54345703125
2.4372097387162843 16366.363288693163 3548.435546875
2.4372257254431657 13656.407404766474 3509.59619140625
2.4372417100543347 7745.398043580464 3590.0986328125
2.43725769255005 15447.551879617433 3564.392822265625
2.437273672930573 12832.3093853434 3504.85693359375
2.437289651196165 12969.348704667786 3588.8447265625
2.437305627347089 16006.110221344952 3679.537353515625
2.43732160138361 11828.505532711839 3573.38134765625
2.437337573305994 11303.425482297112 3538.334228515625
2.43735354311451 17791.033655348536 3478.1201171875
2.4373695108094258 18055.8326627292 3412.37451171875
2.4373854763910128 16462.49176475746 3373.78955078125
2.437401439859544 20807.083896150587 3326.66162109375
2.437417401215291 20477.48397748055 3284.861572265625
2.4374333604585314 16437.6393342431 3316.3662109375
2.4374493175895404 14076.36497080501 3319.040771484375
2.437465272608596 15804.709260387895 3267.1484375
2.437481225515979 16911.483537504646 3259.72607421875
2.4374971763119695 17852.64003034518 3263.871337890625
2.437513124996851 14273.117357992578 3307.981201171875
2.437529071570906 21105.889168407015 3338.364013671875
2.4375450160344223 20069.816760575843 3351.31005859375
2.4375609583876847 20094.298306428005 3489.77880859375
2.437576898630983 20993.579043703598 3565.099853515625
2.4375928367646083 15165.043678967184 3545.377685546875
2.4376087727888485 17757.907709461822 3466.3408203125
2.437624706704 15941.443932969818 3446.5224609375
2.437640638510356 12954.776040251301 3322.657958984375
2.437656568208213 17998.007539446608 3310.20703125
2.4376724957978677 17555.60561899664 3247.866943359375
2.437688421279619 16179.43962671762 3275.340087890625
2.437704344653767 16427.808985847565 3270.9443359375
2.4377202659206145 18654.335414182457 3272.41357421875
2.4377361850804653 18514.05567547632 3296.00048828125
2.437752102133622 15763.455299715522 3305.35302734375
2.437768017080393 17972.730552269542 3244.258544921875
2.437783929921085 19836.058536547727 3244.272216796875
2.4377998406560075 21169.33433234438 3213.721923828125
2.4378157492854715 17574.81817324985 3196.71337890625
2.437831655809789 13220.851263503579 3153.20458984375
2.437847560229274 15119.663693412404 3182.606201171875
2.4378634625442417 10662.003690267233 3234.04248046875
2.4378793627550084 20680.706798831216 3234.2890625
2.4378952608618922 19946.730117426127 3212.668701171875
2.4379111568652134 16935.58858013721 3243.8056640625
2.437927050765292 17953.255409074798 3262.09033203125
2.4379429425624526 14838.275464329969 3252.012451171875
2.4379588322570176 22586.566750853035 3236.06591796875
2.4379747198493127 19412.577523408665 3194.4931640625
2.4379906053396647 20085.432681914594 3148.0078125
2.438006488728404 20551.980114547463 3131.250732421875
2.4380223700158585 22075.07280764173 3130.51416015625
2.4380382492023607 15961.712259200967 3141.749267578125
2.4380541262882436 21390.276589440946 3095.446044921875
2.4380700012738408 17007.367128398302 3098.837646484375
2.438085874159489 14966.013317618335 3141.115234375
2.4381017449455253 19501.337450951654 3167.899658203125
2.4381176136322895 16013.936283865656 3180.730712890625
2.4381334802201207 14865.545669950177 3212.578125
2.4381493447093616 15020.772271042173 3172.943359375
2.4381652071003557 23428.4384965154 3158.146240234375
2.438181067393447 19398.552049753085 3110.917724609375
2.4381969255889824 19379.597757941556 3109.158935546875
2.438212781687309 14677.345729413086 3141.296875
2.438228635688778 14638.068191112432 3140.40625
2.438244487593738 16453.70830823574 3188.175537109375
2.4382603374025416 16472.383204360984 3174.064208984375
2.438276185115544 16567.693648501718 3173.8203125
2.438292030733099 19520.829664329103 3160.2314453125
2.4383078742555635 16114.221401676303 3108.395263671875
2.4383237156832958 17765.108612223783 3074.289306640625
2.438339555016656 20218.145539800527 3094.261962890625
2.4383553922560046 22198.855960125864 3022.178466796875
2.438371227401704 20138.004371989846 3012.373046875
2.43838706045412 20544.323690284567 3008.057373046875
2.4384028914136158 20619.243833874425 3020.852294921875
2.43841872028056 19399.04732835661 2991.210205078125
2.438434547055321 19284.299396975108 3003.778564453125
2.438450371738268 20313.254246753673 2999.971435546875
2.438466194329773 20632.172554261793 3030.583251953125
2.4384820148302095 22950.123904907916 3005.7958984375
2.438497833239951 21102.52875656241 2945.58203125
2.4385136495593747 21971.44944358662 2938.229248046875
2.4385294637888575 23686.142489614263 3013.841796875
2.438545275928778 20952.860992780687 2943.657958984375
2.438561085979517 23158.51724935853 2967.155517578125
2.438576893941455 24262.51189391472 2984.215576171875
2.4385926998149765 20681.323802667444 3015.81298828125
2.438608503600467 18194.045655972528 2959.5107421875
2.4386243052983128 24149.07606986984 2969.70849609375
2.4386401049089 21085.88534077801 3006.36279296875
2.4386559024326195 20749.996990125434 2981.852783203125
2.4386716978698617 19678.891057647004 2969.487060546875
2.438687491221018 16500.210309111608 2992.810791015625
2.438703282486483 20663.263323373663 3006.588134765625
2.4387190716666516 22356.827119313006 2986.117431640625
2.4387348587619218 21162.49311712041 3055.0498046875
2.438750643772689 17107.725736565164 3119.644287109375
2.438766426699355 19938.603296276215 3206.978271484375
2.438782207542322 17193.703592025468 3222.571044921875
2.438797986301989 18355.414964736425 3200.7890625
2.4388137629787634 19275.58813041399 3113.970458984375
2.4388295375730493 18160.442204982282 3122.093505859375
2.4388453100852527 19103.086852028508 3100.34228515625
2.4388610805157853 20614.983896375335 3107.8251953125
2.4388768488650543 21854.2761195312 3037.540771484375
2.4388926151334718 23190.496958755044 3019.336669921875
2.4389083793214525 18249.644356023535 2983.3076171875
2.438924141429409 19282.813765393912 2990.50634765625
2.438939901457758 18533.214544339666 2955.9951171875
2.4389556594069166 20725.059410495505 2947.161865234375
2.438971415277304 25666.629670175764 2964.807861328125
2.4389871690693403 18308.183890357184 2932.00927734375
2.439002920783448 19440.64452010072 2907.4638671875
2.4390186704200505 17988.60635341599 2942.906005859375
2.4390344179795718 17804.352872499087 2951.726318359375
2.439050163462438 20714.599151963168 2938.1318359375
2.4390659068690783 18839.57574667202 2922.611083984375
2.439081648199922 16633.814070162804 2926.553466796875
2.4390973874553983 15609.849958304734 2942.515380859375
2.439113124635941 19496.834828415525 2946.55322265625
2.439128859741982 16750.12506864342 2908.182861328125
2.4391445927739586 20146.86236494405 2931.814697265625
2.4391603237323065 14853.150243368753 2941.22412109375
2.439176052617464 19948.262294266362 2966.777099609375
2.439191779429871 22671.97032642496 2969.02880859375
2.4392075041699686 20924.311513451077 2944.096435546875
2.439223226838199 22554.49602395584 2937.305908203125
2.439238947435006 20913.180433674515 2930.833740234375
2.439254665960837 23545.10054868912 2985.720947265625
2.4392703824161375 18758.65897355339 2915.375732421875
2.4392860968013563 22324.8419290488 2916.064208984375
2.4393018091169436 18674.986588755546 2922.25830078125
2.4393175193633505 17524.02676209731 2912.03271484375
2.4393332275410313 19545.70459275988 2929.299560546875
2.439348933650439 18250.17148495352 2937.58447265625
2.439364637692031 20457.41065360145 2878.921630859375
2.4393803396662634 24245.93477116693 2911.9140625
2.4393960395735954 22752.37346529254 2907.10009765625
2.439411737414488 21471.624979561362 2888.429443359375
2.4394274331894024 19244.424096624458 2898.389404296875
2.439443126898803 22393.466456515536 2914.3642578125
2.439458818543154 19986.554963204842 2901.784423828125
2.4394745081229217 20191.85242656806 2940.38671875
2.4394901956385735 19136.97138847414 2919.767822265625
2.4395058810905796 21099.70120704659 2920.96044921875
2.4395215644794113 15536.71481026763 2903.08154296875
2.439537245805539 22668.456134414206 2918.45458984375
2.4395529250694383 17650.81977459201 2925.1884765625
2.4395686022715823 17518.837383272665 2935.85107421875
2.43958427741245 19615.27916732036 2971.140380859375
2.439599950492518 21468.024037888037 3004.1689453125
2.4396156215122664 19787.591827649954 3003.6572265625
2.439631290472177 11632.773273528388 3010.7548828125
2.4396469573727324 14452.997970730783 2999.177490234375
2.439662622214416 17034.05897464757 2978.35302734375
2.4396782849977137 16710.654019721398 2954.2275390625
2.4396939457231124 15244.127716477658 2925.31005859375
2.439709604391101 17551.30026609075 2930.276123046875
2.4397252610021694 18168.147309194468 2913.0263671875
2.439740915556809 20006.430642141837 2891.58935546875
2.4397565680555138 19848.440697949947 2882.293212890625
2.4397722184987773 16366.130090776287 2905.183349609375
2.439787866887095 20581.92520482499 2893.632080078125
2.439803513220965 22655.287672944563 2890.51318359375
2.439819157500887 25446.308919054416 2920.5107421875
2.43983479972736 21933.863445802363 2912.661376953125
2.439850439900887 18817.248609875238 2909.375244140625
2.439866078021972 21561.932448423235 2918.18798828125
2.4398817140911175 22106.550484291034 2940.97998046875
2.4398973481088317 23510.642924362324 2916.33251953125
2.4399129800756216 21789.87952541503 2922.609130859375
2.439928609991998 18917.016963718383 2906.30224609375
2.43994423785847 16733.1481100417 2920.528076171875
2.43995986367555 19258.759743093597 2932.6240234375
2.4399754874437525 18093.012263360957 2982.22314453125
2.439991109163593 21876.92128507323 2939.358642578125
2.440006728835588 22666.89643537021 2947.73583984375
2.440022346460255 20490.09608548593 2975.022216796875
2.440037962038113 18920.805888359144 3089.43017578125
2.440053575569685 16663.94464457597 3130.46240234375
2.440069187055494 17355.54913649293 3165.57421875
2.4400847964960626 19456.544245330424 3224.330078125
2.4401004038919156 17964.222398498143 3207.868408203125
2.440116009243583 19685.22972586459 3160.19677734375
2.4401316125515913 20294.698707942218 3105.025634765625
2.4401472138164704 16311.810929272948 3079.58544921875
2.4401628130387536 14221.419509948788 3055.964111328125
2.440178410218972 14675.76499619554 3027.027587890625
2.440194005357662 14627.78116373278 2967.251708984375
2.440209598455357 13904.731172707627 2970.556884765625
2.4402251895125966 16521.92892481754 2992.953857421875
2.44024077852992 14307.722962407674 2985.53857421875
2.440256365507866 18781.045338747113 2931.8779296875
2.4402719504469768 16091.665607579938 2932.982666015625
2.440287533347797 20106.353946163832 2951.09375
2.440303114210871 16220.08278716409 2941.071533203125
2.440318693036745 16910.93745056484 2956.275146484375
2.440334269825966 13742.950859559647 2948.186279296875
2.4403498445790843 22139.030771416885 2910.731689453125
2.4403654172966514 17740.983561014396 2913.218505859375
2.4403809879792187 21421.892181612857 2863.184814453125
2.440396556627339 17477.497309951454 2876.431396484375
2.440412123241569 16495.021933629505 2885.570068359375
2.440427687822465 18481.75492762315 2912.36865234375
2.4404432503705853 16570.983705140312 2928.727783203125
2.440458810886489 22364.029282247207 2927.235107421875
2.4404743693707385 22314.285639874062 2940.8046875
2.440489925823895 14532.672827790155 2941.294189453125
2.4405054802465247 16382.284494181284 2945.541748046875
2.4405210326391913 13804.379609033518 2916.9619140625
2.440536583002462 19418.10192020729 2958.042236328125
2.4405521313369065 16802.408256869567 2935.560791015625
2.440567677643094 17173.590790847713 2906.9150390625
2.440583221921597 17896.38210739633 2951.370849609375
2.440598764172987 17833.14544271507 2967.805908203125
2.44061430439784 16771.445264632996 3008.4970703125
2.4406298425967314 20700.623320607094 3037.885986328125
2.4406453787702387 19846.067414571284 3061.25048828125
2.4406609129189407 16563.912755956313 3040.419921875
2.4406764450434184 22105.75815883324 3055.432861328125
2.440691975144253 20351.30349006746 3009.68505859375
2.4407075032220282 22543.784252210276 3028.96630859375
2.4407230292773288 22397.6739538691 2966.96484375
2.4407385533107417 14522.33832980876 2930.244140625
2.4407540753228547 18974.976343562503 2924.97265625
2.4407695953142565 18600.75425442217 2890.078125
2.4407851132855374 13790.56885100149 2902.440673828125
2.440800629237292 15410.357282988116 2839.649658203125
2.440816143170112 15921.525818593369 2868.82470703125
2.4408316550845925 19628.35010598693 2851.64111328125
2.440847164981332 16101.550860253932 2869.301513671875
2.440862672860927 17300.13570601179 2911.735107421875
2.440878178723979 17985.36590394205 2911.945068359375
2.4408936825710876 22196.286546129584 2911.869384765625
2.440909184402856 21544.08957648229 2875.94091796875
2.440924684219888 22694.68538043343 2944.67431640625
2.4409401820227905 15359.905811811908 2923.45361328125
2.4409556778121697 19080.62821461916 2985.747802734375
2.4409711715886333 20412.01118745332 2987.216552734375
2.440986663352793 18772.82434633218 2979.32373046875
2.4410021531052593 15206.93797717921 2981.247314453125
2.441017640846646 15866.068990879512 2979.518310546875
