igrins/spectra/wd_1436-216_K_20190414.ecsv
# %ECSV 0.9
# ---
# datatype:
# - name: WAVELENGTH
#   unit: um
#   datatype: float64
# - name: FLUX
#   datatype: float64
# - name: ERROR
#   datatype: float64
# schema: astropy-2.0
WAVELENGTH FLUX ERROR
[from data line 41439]
2.4806511783549343 -46694902.35609535 40065348.0
2.480666042432394 -147178.33624276993 511987.125
2.4806809045597515 2676.6627567477362 320098.6875
2.4806957647373196 -37944.904099281055 197708.640625
2.48071062296541 -106236.12039509907 102240.15625
2.480725479244334 70723.52398235153 81012.4375
2.4807403335744045 86192.00442688921 76113.4609375
2.480755185955934 1802.3950284239806 52022.375
2.4807700363892353 37577.88815054448 51938.81640625
2.4807848848746215 47816.05088996771 47450.3125
2.4807997314124064 19504.15108297393 39123.66015625
2.4808145760029037 41968.88325841532 32439.22265625
2.4808294186464273 -47308.34515641442 38852.95703125
2.480844259343292 23509.090583348985 36434.8671875
2.4808590980938128 39157.182675012635 37722.67578125
2.4808739348983035 9701.71752282965 38140.07421875
2.4808887697570814 45272.36017951201 36083.06640625
2.48090360267046 -19918.69577634615 29856.77734375
2.4809184336387564 18870.63624255567 35702.828125
2.4809332626622873 23695.83149345735 36090.5546875
2.480948089741368 29454.951032326982 33853.32421875
2.4809629148763164 -44115.45713659722 40227.35546875
2.4809777380674496 -5470.786312644996 33596.08203125
2.480992559315084 28765.711522381636 46790.70703125
2.4810073786195384 52114.78884878248 47868.41015625
2.481022195981131 -32338.314922283804 94231.7578125
2.481037011400181 88228.42719777583 143873.734375
2.4810518248770044 31330.29204641581 104664.7890625
2.481066636411922 19063.69638738554 71797.1328125
2.4810814460052533 -67274.55926323801 67730.40625
2.4810962536573173 91256.9224251705 57567.578125
2.481111059368434 33094.87956251041 44259.98828125
2.4811258631389235 29681.928240661342 44665.71484375
2.4811406649691072 62366.04989764533 41774.68359375
2.4811554648593037 57754.40062164247 37452.1875
2.481170262809836 -3662.3339188134105 34428.65625
2.4811850588210267 5351.061325840999 42639.38671875
2.4811998528931953 -51807.221959270595 37136.609375
2.481214645026664 -12927.961476018587 39328.37890625
2.481229435221756 1175.5012359077214 36943.52734375
2.481244223478794 61087.2174993005 46377.828125
2.4812590097980993 -48489.603573901455 42302.45703125
2.4812737941799967 -56620.88890568047 50929.453125
2.4812885766248107 5842.239135998343 73078.15625
2.4813033571328633 95694.04660551378 67725.8359375
2.4813181357044787 48724.98907705591 73413.8046875
2.4813329123399823 33604.67604040075 69017.6484375
2.481347687039699 -188399.9720886476 87011.8828125
2.481362459803953 15870.772166763376 116512.8203125
2.48137723063307 -172375.50327332254 177796.640625
2.481391999527376 -5812784.254709193 11271851.0
2.481406766487196 -185369.8969105402 333583.5625
2.4814215315128583 122991.38636308783 -307641.0
2.4814362946046877 -236396.98036068477 357983.53125
2.4814510557630114 -111060.7840978709 -253988.9375
2.4814658149881574 7002425.083948579 5929290.0
2.481480572280452 -460263.92013815604 469451.34375
2.481495327640224 -454552.83269942447 572349.875
2.481510081067801 1665364.8090241873 -1078996.625
2.4815248325635118 -180385.68253744405 479108.09375
2.481539582127685 135347.81915912568 274608.34375
2.4815543297606495 -62869.35076304489 194577.125
2.481569075462734 -20759.198800956136 166950.265625
2.48158381923427 364999.9480721809 279357.375
2.4815985610755855 -19003.693825863833 227803.671875
2.4816133009870116 -720840.2192810957 359199.75
2.481628038968878 -403978.9883777326 237935.28125
2.481642775021518 23374.52559888588 194223.90625
2.48165750914526 -195584.41864787103 328197.0
2.481672241340437 -202496.15061451757 234358.15625
2.4816869716073793 -220338.52377452634 203149.609375
2.4817016999464205 169016.59697922858 151907.140625
2.4817164263578935 9859.71503063386 109179.0859375
2.4817311508421285 65797.58875972901 97126.7578125
2.481745873399461 140020.991849406 87188.453125
2.481760594030222 116113.22607209293 74973.1796875
2.481775312734747 55876.07992570221 55579.59765625
2.4817900295133697 34697.341345877125 61098.5859375
2.4818047443664226 -8871.36398754285 49642.859375
2.4818194572942422 -30990.981479591595 50382.70703125
2.481834168297162 85049.26682516898 42417.3828125
2.4818488773755174 17883.634300685448 45584.9375
2.4818635845296453 -56415.254094404474 35101.609375
2.4818782897598783 -68967.90018129839 38052.35546875
2.481892993066556 48554.702388834296 36935.0703125
2.481907694450012 -7977.349853628064 42340.5703125
2.4819223939105837 -3088.0769712468964 33572.015625
2.4819370914486076 5364.6748271053275 32728.7578125
2.481951787064423 34997.44113466738 32641.6953125
2.481966480758366 -9162.956305827167 34048.1796875
2.4819811725307734 -25192.289938155456 29601.052734375
2.481995862381985 -45320.32690524673 30300.431640625
2.4820105503123377 28959.559361999625 29483.8515625
2.482025236322173 10898.1218271986 29228.94921875
2.482039920411827 38668.200052965796 28667.953125
2.4820546025816403 43387.88889599777 29674.908203125
2.482069282831953 49853.374679142784 29981.837890625
2.482083961163104 16269.902425067137 32213.412109375
2.482098637575434 -2534.048870427961 33117.24609375
2.482113312069285 30764.355383268154 28932.07421875
2.482127984644995 -13052.63176412435 29326.091796875
2.4821426553029076 -15282.71046325652 35605.23046875
2.4821573240433636 40358.10963521372 26171.193359375
2.482171990866705 39845.94860310731 31538.828125
2.482186655773273 2446.822312028517 32697.240234375
2.482201318763411 23252.905907836874 33082.05078125
2.482215979837461 1795.8256815477953 35956.4140625
2.4822306389957665 15482.19619750703 33500.421875
2.4822452962386703 10670.479082083186 41155.9140625
2.482259951566517 20772.15894817924 39104.3984375
2.482274604979649 23397.086196101904 39005.27734375
2.482289256478413 -8751.398144480425 36177.2109375
2.482303906063151 4337.724196602841 43603.890625
2.4823185537342085 -47415.37039687479 54276.3984375
2.482333199491931 -51247.029388379175 52360.703125
2.4823478433366652 -509.26229820956104 43963.73046875
2.4823624852687547 -8184.7612603437665 46691.11328125
2.482377125288546 30207.1217657065 47967.1484375
2.4823917633963863 7502.496271515342 56300.5703125
2.482406399592622 18508.52632321408 50746.484375
2.4824210338776003 5626.91681118984 54102.734375
2.482435666251667 26841.449920752097 68149.03125
2.4824502967151716 52121.05010093193 70570.1015625
2.4824649252684603 56271.62456493135 72365.3203125
2.4824795519118834 42612.75422171304 85929.6953125
2.4824941766457873 72607.26154894794 70637.6953125
2.482508799470521 46102.96687241932 78674.671875
2.4825234203864355 -29244.434192834597 80571.5078125
2.482538039393878 -28235.409700932094 82892.96875
2.4825526564931994 20555.75196889777 82489.5390625
2.482567271684749 8955.95630405818 63713.21875
2.4825818849688783 -56290.96431301547 72689.5234375
2.4825964963459364 -18733.000451673324 74418.09375
2.4826111058162748 -21492.912482108048 92119.4921875
2.482625713380246 2697.8149185705443 96073.90625
2.4826403190381994 -55839.7525923965 98905.8203125
2.4826549227904886 84103.96549453764 99812.5703125
2.482669524637464 138808.53632426346 124395.5703125
2.48268412457948 210649.0706412838 132876.4375
2.482698722616888 80413.8844150777 107579.0
2.482713318750041 27571.69671429885 96861.75
2.482727912979293 17168.11294957561 89681.7578125
2.4827425053049974 16032.015492889852 95731.328125
2.4827570957275085 76737.0260070435 95765.6796875
2.4827716842471794 -99440.49268572581 88890.4765625
2.4827862708643664 -186397.37611921513 120331.046875
2.4828008555794234 -73062.24380434128 110832.4609375
2.4828154383927052 16795.000639503283 105705.6640625
2.482830019304568 -6814.715928561385 97701.109375
2.4828445983153675 -97237.86251381043 103092.1953125
2.482859175425459 -55964.00691454715 91878.015625
2.4828737506352003 -108683.30337120013 120819.734375
2.4828883239449464 38056.42097330291 118320.203125
2.4829028953550556 67883.0192718443 205657.1875
2.482917464865886 -28240.05790062016 228421.1875
2.482932032477793 -14208.41337279507 141810.15625
2.482946598191135 -27923.328767592277 102626.9296875
2.482961162006271 59752.363800629086 113499.828125
2.48297572392356 134949.8884720129 193567.90625
2.48299028394336 101414.86724841541 174090.953125
2.483004842066029 170640.70773944442 169473.46875
2.4830193982919297 43615.572388046814 154096.234375
2.483033952621418 185729.94096982703 187658.265625
2.4830485050548567 93413.3959621155 222459.875
2.483063055592605 -2728.879014889989 173430.25
2.483077604235023 44136.77359750409 168848.921875
2.4830921509824733 97543.176995413 157840.234375
2.483106695835316 23452.820186039226 149027.265625
2.4831212387939123 -146771.0181998259 204004.515625
2.483135779858625 -59057.66337571651 175987.125
2.483150319029817 156218.89704293493 227922.609375
2.4831648563078486 -127601.34600054382 213045.859375
2.4831793916930844 -125586.39388928837 205044.796875
2.483193925185887 55947.05564141331 443841.375
2.483208456786618 -180837.8189490916 276353.6875
2.483222986495644 -133327.12175917008 309816.59375
2.483237514313327 -206326.32733945036 464092.375
2.483252040240032 82332.24163240007 260135.71875
2.483266564276124 -96823.3995803257 396490.96875
2.4832810864219668 59469.87706498582 411434.0
2.483295606677927 -76574.17578425292 293468.96875
2.483310125044369 15570.74684405928 315820.0625
2.4833246415216585 2030.881561652314 345413.46875
2.483339156110163 191013.145462865 358117.625
2.4833536688102473 -2967.998146076663 384651.1875
2.48336817962228 -978165.2259968461 -1436754.25
2.483382688546626 754295.302493395 547235.1875
2.4833971955836542 1482423.9784535805 1108435.125
2.483411700733731 364333.2423818915 311457.03125
2.4834262039972255 89965.61578948301 444137.1875
2.483440705374506 -43813.71285165496 395162.4375
2.4834552048659395 1906.895173674344 336095.53125
2.4834697024718957 75327.01886556477 534943.4375
2.4834841981927447 149114.4363179664 453418.90625
2.483498692028855 197343.09626400628 635761.125
2.4835131839805973 -54835.542143938444 328318.6875
2.4835276740483407 -73646.10597666926 318695.625
2.483542162232455 -95821.99454222122 418704.28125
2.4835566485333125 -219955.12550810646 243997.6875
2.4835711329512837 901224.68030628 1290473.25
2.4835856154867386 1180687.727187003 1863371.875
2.4836000961400506 370128.98541707353 958023.625
2.4836145749115905 -361400.91855952545 -1368464.5
2.4836290518017314 79493.01465871911 448973.28125
2.483643526810845 -104188.72991836643 667132.625
2.483657999939304 665230.908356202 433550.8125
2.483672471187482 253430.8389102215 457128.03125
2.4836869405557525 2213870.4251780137 2798275.0
2.4837014080444884 151063.08924898025 269637.15625
2.4837158736540648 -32826.80828920633 392915.9375
2.483730337384856 -74044.6771967355 512759.9375
2.4837447992372352 286563.1789088963 391575.5625
2.483759259211579 -15783.191836500351 354404.84375
2.483773717308262 113726.24767879871 1557437.875
2.4837881735276595 -220011.70456010356 1504598.375
2.483802627870147 215875.13568209828 865037.5
2.4838170803361024 199736.45738888945 541105.875
2.4838315309259 194006.66875708176 359464.40625
2.483845979639918 9936.401437483255 743829.6875
2.483860426478533 -1303356.8150919501 1173099.125
2.4838748714421226 381991.637176637 651988.4375
2.483889314531064 -234635.1295922592 2385483.0
2.483903755745736 -759876.6444036298 -1190595.375
2.4839181950865155 -465680.45855057304 -2423790.25
2.4839326325537825 -3271804.5798280193 -3774840.5
2.4839470681479145 1613103.9390418204 3166564.75
2.4839615018692927 631719.3492863697 712601.0625
2.4839759337182947 1348622.7969114543 1930820.0
2.4839903636953014 -1408420.6221403712 2632998.5
2.484004791800692 46534.43532606194 -2387834.5
2.4840192180348484 306647.7363714133 -649170.8125
2.4840336423981495 20587.758082325054 -635119.625
2.4840480648909775 -286041.7588064837 -432493.875
2.484062485513713 -322085.4024878537 -1251718.5
2.4840769042667383 -421393.42294783145 -875818.625
2.484091321150435 -668574.2264280793 2384984.75
2.4841057361651853 593975.4822432742 982221.625
2.484120149311372 12750704.968254851 -29407770.0
2.484134560589378 -1942239.7620499996 -12139693.0
2.484148969999586 8381859.471510196 80850144.0
2.4841633775423797 287143.1821858896 359519.90625
2.484177783218143 432057.84304267075 -665752.0625
2.4841921870272596 26055082.025254454 -8970154.0
2.4845402685446465 nan nan
2.484559291808302 -171898.40779759386 60471.5390625
2.484578312241867 128896.5731562408 373766.59375
2.484597329846786 -275833.2060225957 -282956.03125
2.4846163446245035 -905402.200057657 -2219750.25
2.4846353565764616 -1074696.7634156889 -1219655.875
2.484654365704103 179863.33892554772 -372808.5
2.4846733720088663 -208643.93140937414 225098.890625
2.4846923754921906 -1070793.2688168231 505012.875
2.4847113761555124 -440148.86256271857 263906.5625
2.48473037400027 -828887.6625698599 631535.1875
2.4847493690278957 3162550.4937575287 -11202087.0
2.4847683612398246 -71074.14749420814 -208030.578125
2.484787350637487 230909.4356817577 -522709.625
2.4848063372223157 4358441.812440116 -5563887.0
2.4848253209957387 -2318876.8970499053 1352945.5
2.484844301959184 -597812.9201455666 1625334.5
2.4848632801140798 -2554069.641530625 1904435.375
2.4848822554618506 -689602.4716047541 -744244.0
2.4849012280039204 229580.57816398272 187692.140625
2.4849201977417126 -407856.66518017 -163103.671875
2.484939164676648 1068525.8146116468 490806.0
2.4849581288101477 181339.21391536793 225435.75
2.4849770901436297 16690.26177711799 453872.78125
2.484996048678512 78352.87607589898 343163.78125
2.485015004416211 -1457823.8764680661 1597752.125
2.485033957358141 -325181.9857672306 746265.625
2.485052907505716 41521.288053056414 -524544.25
2.485071854860349 1765455.8112354875 2459992.0
2.48509079942345 843044.2311878529 1471522.125
2.4851097411964287 1217647.850101346 -1411059.5
2.4851286801806936 -47878.96125608255 381722.0
2.485147616377652 -102114.62676961963 1175247.75
2.485166549788709 -5135.985425072144 733085.1875
2.48518548041527 -103092.9450642469 -743079.5625
2.485204408258738 114425.22409682219 1323434.75
2.485223333320513 151924.66303682805 604230.875
2.485242255601996 -142034.9043142749 -254563.96875
2.485261175104587 145222.36728136652 -237179.265625
2.4852800918296842 -226894.01395500838 -542569.875
2.4852990057786832 312318.29875079344 975481.4375
2.4853179169529795 11031.975800568453 309623.28125
2.485336825353966 -178165.26123571245 252163.015625
2.4853557309830356 -466071.7723278744 223073.984375
2.4853746338415803 22428.841001719313 538977.9375
2.485393533930989 639166.6710707918 -1028369.375
2.4854124312526515 47921.80356944983 -173009.546875
2.4854313258079537 897046.2124464387 -855173.0
2.4854502175982818 -7893998.366734531 11646807.0
2.485469106625021 -420481.8260905341 368441.375
2.485487992889553 -318485.8063906065 344708.28125
2.4855068763932624 -11613541.045459757 22092170.0
2.4855257571375273 -225557.2593766227 -2035763.5
2.485544635123729 639709.7771884747 1378221.625
2.485563510353244 170467.75039652464 422434.9375
2.4855823828274497 108224.32216662215 273786.59375
2.4856012525477214 23222.55533728797 391574.25
2.485620119515433 1738069.4784304434 -2957458.0
2.4856389837319575 -2763071.9603593564 1894954.625
2.4856578451986655 768429.7581502706 -1412318.0
2.4856767039169276 208907.16107671673 -838515.25
2.485695559888113 444344.0233418965 687639.625
2.4857144131135893 298729.97085615783 306246.03125
2.485733263594721 -220660.88717411904 286898.40625
2.4857521113328755 104239.80541653749 234877.953125
2.485770956329413 479657.2969148122 909586.375
2.485789798585699 -557617.6281130293 511756.3125
2.485808638103092 -476580.97627363604 573301.125
2.4858274748829525 -656424.3306487454 1144351.75
2.485846308926639 -170435.60045815358 744151.375
2.4858651402355068 145196.83582807437 326713.1875
2.4858839688109136 111399.43204387072 308688.125
2.4859027946542125 247692.73251058947 408226.375
2.4859216177667567 19119245.28099961 15753976.0
2.485940438149898 -1078666.187914104 1101297.625
2.4859592558049863 -2051552.1138817505 1868968.375
