igrins/spectra/wd_1436-216_K_20190414.ecsv
# %ECSV 0.9
# ---
# datatype:
# - name: WAVELENGTH
#   unit: um
#   datatype: float64
# - name: FLUX
#   datatype: float64
# - name: ERROR
#   datatype: float64
# schema: astropy-2.0
WAVELENGTH FLUX ERROR
[from data line 20829]
1.6588543359430359 73215.74812563609 2514.614501953125
1.6588654781106016 69667.41667063058 2504.097900390625
1.6588766189917563 72985.52642587693 2490.341064453125
1.6588877585870914 68521.4915699053 2498.0458984375
1.6588988968971994 71211.33344789936 2500.9404296875
1.6589100339226717 68883.02148722135 2491.95068359375
1.658921169664101 69504.63342232956 2514.37109375
1.658932304122079 70074.08222463045 2502.371826171875
1.658943437297198 70316.3408653581 2509.70654296875
1.65895456919005 70121.9196712956 2503.106201171875
1.6589656998012279 70724.18341320474 2507.300048828125
1.6589768291313245 71511.16317883023 2523.810302734375
1.6589879571809314 69802.07424753832 2560.413818359375
1.658999083950641 73671.41948912262 2502.530517578125
1.6590102094410464 70521.15351350028 2473.3701171875
1.6590213336527402 74411.17434616786 2485.009765625
1.6590324565863146 72994.77304960981 2496.834228515625
1.6590435782423631 73245.15318130665 2481.200439453125
1.659054698621479 75668.3621254708 2484.7099609375
1.6590658177242543 71176.92983126035 2475.966552734375
1.6590769355512818 73185.2449972875 2464.164794921875
1.6590880521031548 71530.36901913868 2465.370361328125
1.6590991673804667 69584.6591662661 2466.720458984375
1.6591102813838106 71874.32642434287 2479.341796875
1.65912139411378 75209.40117289477 2448.797607421875
1.6591325055709674 74004.70691084636 2483.622314453125
1.659143615755967 72688.19769577742 2452.49609375
1.6591547246693712 72995.19787531947 2428.644775390625
1.6591658323117744 69819.21957369437 2468.320556640625
1.65917693868377 72847.29969514984 2479.75830078125
1.6591880437859512 70589.0223879653 2460.844482421875
1.659199147618912 56259.182021429726 2585.692626953125
1.6592102501832469 58716.18853578507 2644.25732421875
1.6592213514795484 67336.44913269341 2525.949951171875
1.6592324515084103 70291.65971719002 2446.058349609375
1.6592435502704277 69339.50339721031 2446.7734375
1.6592546477661936 73414.83955983074 2462.6650390625
1.6592657439963026 73458.80751142863 2459.626708984375
1.6592768389613484 71234.50463055854 2480.91357421875
1.6592879326619265 75049.70024209018 2473.501708984375
1.659299025098629 71094.79502644525 2455.99658203125
1.6593101162720518 74384.42666894314 2449.16259765625
1.6593212061827889 74183.00387721405 2450.643310546875
1.659332294831434 72014.68195812733 2452.994384765625
1.659343382218583 75233.20948166323 2511.57763671875
1.6593544683448291 72487.60099831643 2471.244384765625
1.6593655532107685 72588.76607186532 2487.794921875
1.659376636816994 71495.53140347745 2531.1552734375
1.6593877191641013 74026.63880092099 2661.281005859375
1.6593988002526858 73154.18346205298 2754.765625
1.6594098800833417 74232.44273039007 2793.140380859375
1.6594209586566637 74427.1088712083 2780.095703125
1.6594320359732475 72418.80103157945 2716.410888671875
1.6594431120336874 74418.64679275034 2599.009521484375
1.6594541868385793 74372.48560976573 2559.26416015625
1.6594652603885176 73429.7181667614 2489.7666015625
1.6594763326840987 75026.56278282213 2460.196533203125
1.6594874037259164 72317.5839256701 2457.358642578125
1.6594984735145681 70403.54456887444 2418.97607421875
1.6595095420506476 70043.46303040531 2440.042236328125
1.65952060933475 73060.84415452003 2471.3779296875
1.6595316753674731 72108.94172016032 2463.735595703125
1.6595427401494107 74180.4409420075 2470.9248046875
1.6595538036811592 75705.00025198444 2464.8173828125
1.6595648659633142 75038.21652366743 2485.6650390625
1.6595759269964718 76613.84637321472 2493.312255859375
1.6595869867812274 70474.2300697393 2448.061279296875
1.6595980453181778 72543.79384301665 2457.748779296875
1.659609102607918 73179.26512144125 2446.439453125
1.6596201586510442 72877.90924448993 2425.6083984375
1.6596312134481537 71477.9169896729 2429.970458984375
1.6596422669998416 74579.72444391134 2422.602783203125
1.6596533193067045 72222.34844267422 2456.433349609375
1.6596643703693388 74233.34900800363 2458.659423828125
1.659675420188341 75605.33614801614 2454.30712890625
1.6596864687643076 72131.07374672468 2443.2724609375
1.659697516097835 73686.36531456216 2465.049072265625
1.6597085621895193 74775.1994004968 2434.97314453125
1.659719607039958 73688.24976093101 2433.333251953125
1.6597306506497473 74740.46019032618 2448.435546875
1.6597416930194848 73201.81739332169 2421.53662109375
1.6597527341497662 72410.12132488038 2441.67138671875
1.6597637740411886 67397.96853051167 2476.419921875
1.6597748126943501 70563.80439303038 2437.763427734375
1.6597858501098468 71102.9163053977 2414.43798828125
1.6597968862882753 71189.89562871697 2441.359130859375
1.659807921230234 70652.53414248768 2434.552490234375
1.6598189549363198 72655.58363380664 2417.005859375
1.6598299874071298 72614.46655060534 2437.65234375
1.6598410186432606 74688.25086893195 2440.45849609375
1.6598520486453112 72512.32729384121 2390.783935546875
1.6598630774138783 72667.3774668327 2445.339599609375
1.659874104949559 70277.83681397639 2429.288818359375
1.6598851312529515 71771.59143937216 2436.520751953125
1.6598961563246533 69205.1295513211 2412.16552734375
1.6599071801652623 71443.33252849398 2432.793212890625
1.6599182027753758 71974.19291624671 2420.67919921875
1.6599292241555927 70414.71794580675 2409.203125
1.65994024430651 70966.79317428434 2410.00537109375
1.6599512632287254 70316.14509623595 2399.8349609375
1.6599622809228383 73332.2825655328 2427.729736328125
1.6599732973894459 72851.43016626306 2436.9375
1.6599843126291463 75183.05410893682 2424.13720703125
1.6599953266425385 75624.95273047495 2436.535888671875
1.6600063394302196 75289.66900653299 2394.9072265625
1.660017350992789 75550.52827949238 2420.717529296875
1.6600283613308453 73956.88192402878 2408.258544921875
1.6600393704449863 69714.11636648385 2366.364501953125
1.660050378335811 71785.44008330067 2390.76416015625
1.6600613850039172 73305.6525945476 2393.70849609375
1.660072390449905 72442.65607008402 2408.146728515625
1.6600833946743723 75489.27492984156 2397.90771484375
1.6600943976779177 74212.05423524302 2370.34375
1.6601053994611403 72266.00564867014 2377.705078125
1.6601164000246398 72538.62552345658 2364.503173828125
1.6601273993690142 75374.3114912816 2372.021484375
1.660138397494863 74380.76678271551 2391.88720703125
1.6601493944027854 74362.77304933242 2393.77197265625
1.6601603900933808 67526.48558163035 2379.978759765625
1.6601713845672479 69108.67378972251 2383.51318359375
1.6601823778249862 72682.92283117495 2380.249267578125
1.6601933698671958 68610.1394786339 2347.144775390625
1.6602043606944747 69393.39824103338 2369.5576171875
1.6602153503074237 68409.10480336391 2401.22998046875
1.660226338706642 69849.11565366048 2404.015869140625
1.6602373258927297 69542.81278609365 2398.370361328125
1.6602483118662852 71501.89938930355 2368.961181640625
1.6602592966279102 70681.26891923186 2394.998779296875
1.660270280178203 69155.7364024983 2371.84375
1.6602812625177632 69062.2004813711 2394.5068359375
1.6602922436471927 71351.98709307154 2437.290771484375
1.6603032235670898 73045.69312831023 2447.55126953125
1.660314202278055 74657.99462723074 2439.13232421875
1.6603251797806893 72698.18581603722 2490.5732421875
1.6603361560755918 75101.14854763405 2480.0
1.6603471311633635 74044.15764931407 2390.053955078125
1.6603581050446043 69362.67995179686 2403.807373046875
1.660369077719915 73295.42924573898 2420.86962890625
1.6603800491898955 73280.47371209848 2417.15087890625
1.6603910194551474 71776.98674349577 2367.64453125
1.6604019885162702 74956.92176862885 2373.26416015625
1.6604129563738648 75168.01726985356 2383.921875
1.660423923028532 76638.95175392272 2399.115478515625
1.6604348884808733 73428.47103641763 2403.638916015625
1.660445852731489 71670.02928730499 2419.458984375
1.6604568157809794 70559.77212500999 2401.85986328125
1.6604677776299464 72198.87582884217 2389.90673828125
1.660478738278991 74793.20962703733 2396.359619140625
1.660489697728714 70496.63567536745 2400.397705078125
1.660500655979716 72320.71584827927 2415.31982421875
1.6605116130325996 70749.90774311288 2412.423095703125
1.6605225688879648 69507.65592699124 2391.62255859375
1.660533523546414 70823.3028607782 2356.611083984375
1.660544477008548 70182.2540116548 2345.50390625
1.6605554292749682 73352.7771570916 2386.240966796875
1.6605663803462765 73391.27966057936 2425.008544921875
1.6605773302230755 70662.30243329736 2397.478759765625
1.6605882789059647 73347.84156321004 2397.401123046875
1.660599226395547 73967.68491097783 2384.512451171875
1.6606101726924243 75282.92614475047 2450.6767578125
1.6606211177971986 71165.42997392437 2445.387451171875
1.6606320617104715 76139.01676608526 2446.345458984375
1.6606430044328446 79122.81781100175 2450.726806640625
1.660653945964921 76623.56508645098 2429.388916015625
1.6606648863073024 73580.52094001952 2406.513916015625
1.6606758254605904 73654.105647272 2382.412353515625
1.6606867634253883 74133.75616490415 2395.761962890625
1.6606977002022973 75847.15298502934 2395.68212890625
1.6607086357919205 72415.1929646987 2377.244873046875
1.6607195701948603 72558.61988572993 2388.73779296875
1.660730503411719 70739.46038344735 2354.78759765625
1.6607414354430992 75357.73031116465 2395.957763671875
1.660752366289604 72341.60389571886 2394.261474609375
1.6607632959518355 72147.75358290267 2438.434326171875
1.6607742244303962 72856.61261180734 2467.658447265625
1.6607851517258898 71027.58823833636 2434.267333984375
1.6607960778389188 71582.48952390233 2412.38818359375
1.6608070027700863 73033.01217811063 2459.6943359375
1.6608179265199952 73579.60134181431 2501.935791015625
1.660828849089248 71539.27540202033 2494.971435546875
1.6608397704784492 75076.44109593748 2515.209228515625
1.6608506906882008 73913.56272732769 2525.144775390625
1.660861609719106 71517.88449673181 2501.5390625
1.6608725275717688 72732.65010015096 2517.9873046875
1.6608834442467928 67672.36573309933 2458.0107421875
1.6608943597447807 64617.791372890184 2476.16845703125
1.6609052740663368 62415.21187920753 2524.642333984375
1.660916187212064 66711.81970488935 2532.9140625
1.6609270991825664 64858.938247739425 2521.6669921875
1.6609380099784474 62801.75830262374 2537.5810546875
1.6609489196003115 62136.35815260492 2575.654296875
1.6609598280487607 69160.25918150981 2877.544189453125
1.6609707353244016 64637.15673138387 3716.368408203125
1.6609816414278364 54331.21932013803 4557.298828125
1.660992546359669 59173.508347016425 5059.0380859375
1.661003450120504 65791.85135834043 5240.48388671875
1.6610143527109462 70020.7645183501 4740.091796875
1.6610252541315988 65006.923762775274 3915.6748046875
1.6610361543830667 65890.5485325682 2931.918212890625
1.6610470534659536 61749.33976649207 2506.501708984375
1.6610579513808645 63373.986535250726 2450.70166015625
1.6610688481284042 64655.49788065133 2409.084716796875
1.661079743709176 64711.3556978776 2384.564453125
1.6610847256076327 nan nan
1.6610906381237858 66270.1703739817 2424.934326171875
1.6610976718616262 68110.1553040926 6046.23587758523
1.6611106162306206 69354.6934329299 404.707665180269
1.66112355871512 72613.39267737836 1062.519021337411
1.66113649931563 72077.20561711857 702.1761502632285
1.6611494380326557 72187.23475112484 619.357429543119
1.6611623748667022 72489.4051562999 688.0362283075239
1.6611753098182738 70465.2149555988 1374.9888682872333
1.6611882428878775 70126.57823937909 3382.855704308855
1.6612011740760182 65911.45137981213 4041.882181241969
1.6612141033832013 63798.64254201983 4609.729927089485
1.661227030809932 62923.26474673743 668.9236974664157
1.6612399563567157 61425.9158379486 555.9633667462207
1.6612528800240596 62543.58750629498 779.1627814170074
1.6612658018124684 66007.42594266037 122.76632690861744
1.6612787217224485 64529.62825506949 694.5307238791509
1.6612916397545054 66985.6667141663 2341.852032626949
1.661304555909146 72496.57924451069 1032.4740375035879
1.6613174701868767 76512.81895781642 4275.390871216493
1.6613303825882026 74779.17809322786 1080.8993705870098
1.661343293113631 75405.87524324152 2747.750769728391
1.6613562017636687 73481.19846266166 1819.3692894056426
1.661369108538821 75085.36790710318 2180.47377081082
1.661382013439596 73484.55019954003 2185.963405261578
1.6613949164664994 71795.47820218473 1882.0049090827208
1.6614078176200386 72441.08816306024 53.11918164821923
1.6614207169007205 71535.67881479586 3150.764492556092
1.6614336143090518 71704.35486858705 1539.554529311226
1.6614465098455395 68110.82551836231 1247.9812050779212
1.6614594035106915 65028.80283908261 1040.8774260027121
1.6614722953050145 72810.71907338385 1826.4484629613771
1.6614851852290162 70783.03768875673 387.0946485833724
1.661498073283204 73558.39085042963 1579.6856274896386
1.6615109594680852 73952.81327551082 370.80577921307474
1.6615238437841673 73533.97511047755 792.5911615272336
1.6615367262319582 72307.01703576787 701.0156886402768
1.6615496068119662 74803.03247720907 465.36771710311615
1.6615624855246989 74362.56875381735 1079.339703839776
1.661575362370664 74616.25484107042 1576.1255895472575
1.6615882373503696 75625.36944300117 1121.3813284916037
1.661601110464324 73740.66127019183 58.68810527384838
1.6616139817130358 75009.77623641714 1453.7034081530871
1.6616268510970125 71144.43519596865 143.4617249386872
1.6616397186167633 75746.62688960877 339.34759727096394
1.6616525842727965 73857.2942149915 347.26660745196034
1.6616654480656203 69240.95132840605 3101.2666342828643
1.6616783099957437 67345.81325453497 3785.0027433031823
1.6616911700636763 68632.22577261309 1837.4799102235459
1.6617040282699258 68066.82032702709 752.7610317399991
1.6617168846150014 68092.58477741343 1062.7820509191747
1.6617297390994128 70902.962638131 1035.9606887697303
1.6617425917236677 71518.77326011109 1612.8758811095918
1.661755442488277 69084.09703426654 413.33215981691575
1.6617682913937484 69834.84070274812 3343.183512467412
1.6617811384405927 72719.24597061948 2338.62540574249
1.6617939836293187 73770.92903019964 23.084805065672022
1.6618068269604362 70763.3581670533 2195.6567477485087
1.6618196684344548 72771.25127275154 1994.6306286645301
1.6618325080518837 73815.46037482418 402.23101948687577
1.6618453458132338 71683.89794058124 1346.1574265532504
1.6618581817190141 71501.12709154107 13.200189374180772
1.6618710157697354 72438.29780209117 943.8885948007347
1.661883847965907 68645.60476466118 539.9201982718586
1.6618966783080393 69117.07049238484 2300.037061594322
1.6619095067966425 72217.81053715228 2618.147851887678
1.6619223334322277 73394.46710063938 5557.007870806598
1.6619351582153046 72007.29093609689 1010.3250081067083
1.6619479811463835 69479.84729487175 1770.0063765560835
1.6619608022259762 71081.3435250771 73.79554065466246
1.6619736214545922 71872.59474511661 139.82283726030082
1.6619864388327432 70574.00101168024 783.9152437494711
1.6619992543609399 71307.14955009359 530.6336241493327
1.6620120680396924 70687.6062505546 1079.257066091817
1.6620248798695128 72196.47982186158 295.77569405709295
1.662037689850912 70465.24164090783 2844.0817453106893
1.6620504979844009 71840.49683756719 3111.821115808013
1.6620633042704913 70003.24802202184 3303.2577753708642
1.6620761087096942 68865.59686031964 3218.310932121771
1.6620889113025217 68317.65224592756 2662.0009014371935
1.6621017120494843 69708.26600113985 665.5236247307873
1.6621145109510953 67417.31969259858 3162.069597324985
1.6621273080078647 69996.39820512329 32161.150658714687
1.662140103220306 79343.67371277175 101438.46933550872
1.6621528965889298 69528.02586988166 8865.576949393298
1.662165688114249 69738.86647779486 7649.101827738756
1.6621784777967754 72199.35213878077 1968.0515347057512
1.6621912656370206 73110.23578718885 1700.6471668425365
1.6622040516354983 72678.21496774939 3304.8122747729185
1.6622168357927198 70721.9989762194 172.1486874458327
1.6622296181091982 73502.92517601557 162.5624643751025
1.6622423985854455 72071.85314305186 395.3871011308196
1.6622551772219747 69973.32367528621 3023.0623228177737
