igrins/spectra/wd_1436-216_H_20190414_smoothed.ecsv
# %ECSV 1.0
# ---
# datatype:
# - {name: WAVELENGTH, unit: um, datatype: float64}
# - {name: FLUX, datatype: float64}
# - {name: ERROR, datatype: float64}
# schema: astropy-2.0
WAVELENGTH FLUX ERROR
[from data line 33136]
1.809824765559186 56084.92319418151 13006.403141235405
1.8098387577665513 56221.283889982216 12115.978960145752
1.8098527480254638 56301.98009984152 6601.3406665357425
1.8098667363360905 56025.66879616091 4777.382647131115
1.8098807226985976 55889.50567867709 10276.479948450247
1.8098947071131526 55662.053746952195 10075.092854968929
1.809908689579924 56261.870898143534 9019.016163466858
1.8099226700990803 54897.940252435605 3453.471037303043
1.809936648670791 53336.28349278976 5202.796863441428
1.8099506252952275 52680.28458937757 8311.91137341398
1.8099645999725593 52894.17340016817 13587.576462573557
1.809978572702958 52795.153215585146 14827.505512104648
1.8099925434865973 54368.85086451248 15471.761614857696
1.8100065123236493 54226.77011001541 26134.363733500904
1.810020479214289 56692.505287906286 32330.08268459115
1.8100344441586886 55773.50041088538 27545.67770374318
1.8100484071570258 59070.10852972096 26016.76407222246
1.8100623682094747 60964.66246476931 39161.57755483573
1.810076327316213 62844.06310411927 46645.40403204319
1.8100902844774176 63062.89129484867 51025.941807534546
1.8101042396932663 60717.84304495209 28400.108936004468
1.8101181929639387 59783.91065664371 36055.145067643156
1.8101321442896134 56637.11335820961 23373.871183669897
1.8101460936704699 54699.4299176004 25327.8197227066
1.8101600411066905 51623.33999954278 11497.525597335723
1.8101739865984554 51451.28441668824 5811.482693322479
1.8101879301459483 52413.29887152656 5211.049826987304
1.810201871749351 54467.518380043344 2768.4514736975284
1.8102158114088478 55367.10685734989 8848.536356836114
1.8102297491246222 56407.20640001612 13718.207537912653
1.8102436848968602 59298.28017436163 14485.218818206473
1.8102576187257473 61428.470273376435 7949.609240944466
1.81027155061147 61480.97391619441 2497.963888875671
1.8102854805542148 60747.68415528051 7678.95780899635
1.8102994085541702 59768.40834362086 8957.065910518395
1.8103133346115245 61148.584979394 37013.73921712651
1.8103272587264676 60992.33863117524 37259.33496788109
1.8103411808991892 55483.39351801171 55856.762961728375
1.8103551011298789 62534.60951667713 32836.56653814715
1.81036901941873 60336.97053994669 91190.55621156907
1.8103829357659331 115714.82989330117 156366.98157561512
1.8103968501716814 6584.709368734446 751521.8278624653
1.8104107626361687 469637.34308557585 1086393.9996871077
1.8104246731595897 28474.71340334235 1021866.467143724
1.810438581742138 -485288.96876406675 717933.1455635335
1.8104524883840096 -1339712.6029867576 425643.18723546
1.8104663930854015 -1481420.163045695 490879.28771329834
1.8104802958465105 -1644458.7155688019 577676.3401634065
1.8104941966675334 -927795.6158450404 623229.2658493388
1.8105080955486705 13396.932831034414 599236.0959872963
1.8105219924901188 940944.1496484829 266410.6658709477
1.8105358874920798 765521.0172033756 151111.9530368885
1.8105497805547535 28206.371246835915 124327.29021974142
1.8105636716783409 -813209.0238360313 126058.68171926736
1.810577560863044 -823481.5448180147 119223.86658300276
1.8105914481090657 -460014.78168110095 119693.35786638167
1.8106053334166095 244109.0530633537 205902.7638080814
1.810619216785879 127704.8202453199 246230.69068187577
1.8106330982170795 99624.08812563366 254726.16995726764
1.8106469777104155 81322.10745676591 158957.65734982505
1.8106608552660945 62917.75823178915 93477.97484290511
1.8106747308843223 59365.67852632381 53534.59032209494
1.8106886045653074 66877.02872332247 12929.430849023534
1.8107024763092574 65824.34859338711 15613.276579472094
1.810716346116381 63301.996833106554 22552.311112951524
1.8107302139868893 58567.61974805685 35693.008949437535
1.8107440799209917 57723.565023824965 33699.78005666428
1.810757943918899 57508.82606650195 28320.543675098033
1.8107718059808244 58886.86555339115 24045.842892402015
1.8107856661069783 64468.930156949806 43954.052201115104
1.8107995242975758 76940.4122403608 41772.13337618976
1.8108133805528297 85342.18794939882 75116.25884991654
1.8108272348729555 88465.91714492466 65679.6553100993
1.8108410872581677 87692.24531504093 83719.04677131987
1.810854937708683 113353.8109745803 146074.99585506372
1.8108687862247181 210928.8247956531 137869.94111365062
1.8108826328064895 274803.4326212392 203456.243148203
1.8108964774542162 45319.36774295167 147061.922597552
1.8109103201681176 -375645.1908472543 203591.11377026868
1.8109241609484126 -1617815.9163097108 134296.50873089
1.810937999795321 -1659654.6915979078 339783.2630699703
1.8109518367090647 -2048722.189657091 411858.6346642943
1.8109656716898643 -657213.1201858447 768965.514143714
1.810979504737943 nan nan
1.8109933358535237 1163102.188810084 1045050.7969126742
1.81100716503683 598969.3229623344 1505997.9058077864
1.8110209922880869 656227.3290333669 1020122.9992635483
1.811034817607519 403051.3089639785 672140.8133625636
1.8110486409953526 471113.8013851937 117496.88579350631
1.8110624624518135 413430.98311654 125892.10958542729
1.81107628197713 64637.8813501964 223384.9016278082
1.81109009957153 221875.670573556 336854.59943532327
1.8111039152352417 741949.5845923636 399267.3923673425
1.8111177289684948 1061145.4816279165 339107.4930896072
1.8111315407715192 910157.1143271693 463936.3224699381
1.811145350644546 233206.21609331173 484476.11741140846
1.811159158587807 -1144541.8656858273 1707664.4083375665
1.8111729646015335 -1742529.0482244806 3050646.3051237967
1.8111867686859595 -1599055.5968146077 2997026.9639692805
1.8112005708413177 -489352.5297579762 2604206.550812856
1.8112143710678434 557484.2879539398 161558.5977077554
1.811228169365771 nan nan
1.811241965735336 602969.0792267893 604089.8767022324
1.811255760176776 522115.7034892645 499270.52253775555
1.8112695526903269 668458.5875505408 452748.00479695434
1.8112833432762272 411563.0502026561 604867.6988624291
1.811297131934715 382768.26771786564 747455.4271430864
1.8113109186660308 104869.08621756294 688280.6674278263
1.8113247034704132 179380.4816764514 390960.3430985349
1.811338486348104 60331.915910787415 220818.15074180556
1.8113522672993434 28643.27133698841 265795.47201700136
1.8113660463243744 47253.542518516944 235541.16332795363
1.8113798234234395 70716.35566276722 146263.2821593973
1.8113935985967815 81608.7963016083 55288.02611465856
1.8114073718446455 63838.51783389934 56922.33347723721
1.8114211431672769 61388.83916937275 57930.75827923985
1.8114349125649198 56978.45375565425 45625.472318080174
1.8114486800378218 55681.73312683812 24338.03622513634
1.8114624455862292 52770.25521548537 10026.6675186121
1.81147620921039 52647.58452318921 8872.521975191634
1.8114899709105534 51868.648200796444 3350.37039716882
1.811503730686967 48493.2981898959 10655.721070554278
1.8115174885398817 44463.75749031862 25080.91475212539
1.811531244469547 40503.44546798075 31538.873238063366
1.8115449984762155 41262.16861755905 26340.595287053846
1.811558750560138 44909.49687610761 11240.627190541276
1.8115725007215682 49366.83223906779 10211.579738476428
1.8115862489607586 51267.466402291735 8628.815082195944
1.8115999952779636 50813.832905779156 14452.56049563613
1.8116137396734384 48741.21836919502 20735.849318803543
1.8116274821474379 48688.62667016731 29222.801854211117
1.8116412227002179 48346.51849307326 23759.143080013917
1.811654961332036 49987.490630094035 16838.085923919396
1.8116686980431496 51114.18632613266 8583.01165424583
1.811682432833817 54613.16736730517 10005.077007536489
1.8116961657042971 55992.90907988323 7492.164498935108
1.81170989665485 55541.92948272592 8890.881838213762
1.8117236256857352 55655.85401992267 8360.156485018426
1.8117373527972147 57955.73315825467 10816.58397285431
1.8117510779895498 59650.506427881766 12014.44055762214
1.811764801263003 48650.63265032926 15364.275219994579
1.811778522617838 62149.069815010815 74432.64418922827
1.8117922420543182 56542.52430552499 70956.06802830676
1.811805959572708 55757.97371138612 74378.21128035446
1.811819675173274 35379.63770479613 31299.917487357452
1.8118333888562805 37244.48509491718 47008.086411111755
1.8118471006219956 42783.57490283383 41344.02035695254
1.8118608104706861 53356.37952174885 38858.858066045126
1.8118745184026204 57534.817333366984 29132.311845763514
1.8118882244180674 53473.635111747644 29300.358845285435
1.8119019285172961 43368.51858269355 31284.015783505438
1.8119156307005775 83923.63224986481 86969.15474244197
1.8119293309681819 114290.67228852677 165882.6486096824
1.8119430293203815 104258.0593776453 239166.45915782778
1.8119567257574487 60558.81818963885 216955.76567267973
1.8119704202796558 30933.210028132366 148756.75282893173
1.8119841128872776 71683.35322195251 159595.9794106948
1.811997803580588 41030.35035922841 185131.82656940224
1.8120114923598618 3612.7213074546817 174458.735679272
1.812025179225376 -2141.933792957032 102817.68958032508
1.812038864177406 82850.259077249 64719.630759695785
1.81205254721623 138338.94947728174 75998.15814353201
1.8120662283421256 408140.89279401634 158345.54910825324
1.812079907555371 349660.03887882695 135459.8101510061
1.812093584856247 -276327.6083791713 321118.12126643385
1.8121072602450328 -1004224.4097288462 428101.944374479
1.8121209337220092 -1031994.2066213887 438793.24533691665
1.8121346052874578 -461390.74284059746 1212029.3429512642
1.8121482749416602 365123.66179138806 1364053.022712802
1.8121619426849007 211128.41956638978 1512952.088699476
1.8121756085174623 6424.869139397808 745526.0745971272
1.8121892724396294 -1161855.1995237248 869431.6244786609
1.8122029344516863 -1350450.5706926964 981668.2811388994
1.8122165945539201 -1002236.2218744464 967623.440778673
1.8122302527466154 -269183.0718921301 659219.9291086928
1.8122439090300615 193193.7103831573 574732.4933007101
1.8122575634045444 148165.95744385 470919.67576277396
1.8122712158703542 227587.7418579688 282976.84209413576
1.8122848664277793 154410.11429188706 125084.04495749978
1.8122985150771098 123023.93114586886 108856.47144270959
1.8123121618186362 102590.86651383733 129703.51692291367
1.8123258066526506 97400.76332944592 138708.27498465052
1.812339449579444 82700.51421998416 84760.91089475367
1.8123530905993104 80781.90660424996 62349.939159881906
1.812366729712542 76796.01916965016 30607.520247853452
1.8123803669194338 65396.06180195458 32000.245848553728
1.812394002220281 55946.89576917126 37810.00219862796
1.8124076356153787 45315.252684409934 46871.687393006636
1.8124212671050228 51556.845818462185 37449.52809503768
1.8124348966895107 50571.91914147117 43713.05415153509
1.8124485243691408 72165.8751497723 37820.00262776147
1.8124621501442109 73434.60619804596 36262.925336964196
1.81247577401502 75174.96249201857 37533.132837724595
1.812489395981868 62255.38085635782 49298.73231930719
1.8125030160450557 62089.7597498115 64419.73790248137
1.8125166342048835 75965.96711650175 69867.74660912855
1.8125302504616545 103346.8593660242 69503.76719676598
1.8125438648156715 120044.9993309101 65773.82617979229
1.812557477267236 98660.32411569092 58592.4179483225
1.8125710878166545 76140.99294164413 49818.50644868822
1.8125846964642298 73170.76370347745 44223.06004300785
1.812598303210268 128514.67434694715 61049.20888674594
1.8126119080550753 246470.8274349056 122166.09344005912
1.8126255109989593 523955.8211241301 256432.11483653216
1.8126391120422263 674173.2275551731 499176.0685513613
1.8126527111851856 754553.5881677351 474573.2332990824
1.8126663084281451 14801.483310213895 416049.08113962214
1.812679903771416 -347208.7429556793 316317.4711098154
1.8126934972153068 -655040.2986896071 310822.48664975393
1.8127070887601302 -166786.44022059866 382615.3790236101
1.8127206784061978 442851.9771627375 236544.01579243797
1.8127342661538213 1195833.8044364438 199487.76984889057
1.8127478520033145 1172159.972731014 116809.99697436867
1.812761435954991 818759.1937979457 243054.84209073952
1.812775018009166 448613.89786848676 491085.8905723617
1.8127885981661542 32847.03941288445 416573.12441610015
1.8128021764262718 -237716.7715562771 301527.20677151147
1.8128157527898354 -556342.1851395536 287579.6851342846
1.8128293272571627 -601279.1747927561 346575.80683729675
1.8128428998285717 -338045.06815871503 509048.3183521882
1.8128564705043813 2539.2638835881953 298861.026342718
1.812870039284911 384177.8545679959 262789.08153827104
1.8128836061704814 109107.89319735326 76435.46361424224
1.8128971711614128 439246.76747148664 434179.642780695
1.8129107342580273 456818.198618831 504084.45012298506
1.8129242954606475 938554.5691106789 735901.4186252612
1.8129378547695953 -73205.65882258162 291778.5165052525
1.8129514121851962 nan nan
1.812964967707773 nan nan
1.812978521337652 nan nan
1.8129920730751583 -2554802.5071445643 172119.14612109066
1.8130056229206197 -1338666.5019118027 101266.17051479268
1.813019170874362 -899281.3941674934 88044.10597003833
1.813032716936714 202105.20114282536 40342.5818924305
1.813046261108005 904606.8676133561 759191.7738141252
1.8130598033885634 1355848.0910347134 984842.8998955606
1.813073343778719 1235088.8484180593 1201250.0421942938
1.8130868822788042 569345.7340725822 587814.6175569656
1.8131004188891484 4882.822200914714 391533.86483563355
1.8131139536100858 -178398.25234125069 167944.17818466813
1.8131274864419482 -243125.21260080027 103218.97232598299
1.8131410173850697 -152874.96723227768 128471.347208611
1.8131545464397842 -132802.61295553512 158175.8116212315
1.8131680736064273 -62896.666780619606 178012.56311990184
1.813181598885334 -9190.687993127645 137579.91332736047
1.8131951222768414 44155.82723871562 127185.62393381828
1.8132086437812867 39210.12422946028 92164.21548037083
1.8132221633990073 56132.29714954535 69498.51461932212
1.8132356811303416 80092.09913901654 50528.754859318724
1.81324919697563 111990.09803794356 44439.56114431721
1.813262710935211 113964.98640064859 50278.08263374866
1.8132762230094261 92413.9190205478 51922.67027222457
1.813289733198616 86293.62638366697 26920.897285679202
1.813303241503124 71765.06638706892 24089.385244155415
1.8133167479232923 78244.9248502362 27240.865888389373
1.8133302524594639 82751.57639608206 30199.160440817453
1.8133437551119838 66449.50341637405 49314.32044641592
1.813357255881196 57574.75137518603 66726.15919653137
1.8133707547674465 46791.78048672323 70644.59673879544
1.8133842517710814 51411.59865582474 42542.81714506213
1.8133977468924487 50646.723303622945 25251.094682988907
1.8134112401318951 62613.045626422194 20193.46783640175
1.813424731489769 72995.80333995936 14905.813093046752
1.81343822096642 79366.51355379037 12365.786023388004
1.8134517085621977 73773.14904774618 23186.183694265652
1.8134651942774525 91189.96201216226 38913.07341666981
1.813478678112536 108458.61281679747 61321.90530354853
1.8134921600677996 105480.2763618 55940.6785826206
1.8135056401435958 87900.36635463315 42343.66682144634
1.8135191183402795 66256.3778434115 18514.6308787581
1.8135325946582033 61806.30038502849 25908.33751816451
1.8135460690977223 50027.41515796659 53982.101642307694
1.813559541659192 -1248.3257828158676 78413.34095981257
1.8135730123429683 70695.60971344323 162980.90521196934
1.8135864811494085 124586.69330071837 211550.54483256149
1.81359994807887 250749.1888881178 246397.61531997874
1.813613413131711 232295.75777710872 178226.63508993026
1.8136268763082908 104896.37954058227 141889.34308741643
1.8136403376089683 -19874.784294084166 155218.0770575228
1.8136537970341045 392404.48206627165 284117.06700881437
1.8136672545840602 355180.5210575969 304204.5441701026
1.8136807102591974 704192.718878492 388032.24544086715
1.8136941640598792 144794.40051882935 354422.2965270576
1.8137076159864673 230598.41160074575 298415.78207682783
1.8137210660393268 -32944.9907344337 167287.0866959214
1.8137345142188221 75786.00219757023 87972.13922609067
1.8137479605253184 71476.7008724265 98667.06683084992
1.813761404959182 2735.903455380636 70772.61053641108
1.8137748475207784 -8759.240008869689 40360.41581159322
1.813788288210477 34520.131373179276 24539.65098841054
