igrins/spectra/wd_1436-216_H_20190414.ecsv
# %ECSV 1.0
# ---
# datatype:
# - {name: WAVELENGTH, unit: um, datatype: float64}
# - {name: FLUX, datatype: float64}
# - {name: ERROR, datatype: float64}
# schema: astropy-2.0
WAVELENGTH FLUX ERROR
[from data line 10345]
1.6067486912781135 74159.23272094328 2831.3026866455007
1.6067606502490213 74861.75865188977 2852.7995046729243
1.6067726075309312 74827.40300794992 2851.0702049241336
1.6067845631244115 75055.23942424757 2843.267418518456
1.6067965170300311 74857.77179904938 2844.353008927453
1.606808469248359 74694.62026624911 2817.6891127676718
1.6068204197799634 74203.21050475846 2817.06144450881
1.6068323686254125 74639.88361255704 2848.532862960574
1.6068443157852759 75822.92005513786 2908.15197308952
1.606856261260122 76830.16194278782 2986.8941333593502
1.6068682050505194 77073.5054567362 3092.081910342611
1.6068801471570369 76152.58313506618 3360.582311344319
1.6068920875802433 76522.89886470196 3809.116692374122
1.6069040263207075 74345.69571351477 4236.568623510523
1.6069159633789978 74138.82723742079 4358.207290235964
1.6069278987556839 70894.45482359844 4080.441518767299
1.6069398324513338 70629.19367228812 3732.2140844332494
1.606951764466517 68109.52793968974 3445.6673316747206
1.6069636948018022 65915.90798611683 3131.1559430969555
1.6069756234577581 63208.052460587205 2901.5427089723
1.606987550434954 60467.27943764119 2835.609041948061
1.6069994757339585 61150.68546822399 2833.0755057062884
1.6070113993553408 63466.29187032983 2830.8367786984377
1.6070233212996703 68634.5050708534 2847.5625851589143
1.6070352415675146 71777.19993687062 2921.312177113233
1.607047160159445 72658.65694142267 2899.490230065991
1.6070590770760282 72702.14355847795 2906.833725528121
1.6070709923178348 73298.98816336654 2921.973242744289
1.6070829058854335 74418.62100109724 2928.0847277611256
1.6070948177793931 75428.92709455286 2888.4284247191986
1.6071067280002835 75871.12827800073 2887.5584814847653
1.6071186365486732 75385.10560774968 2922.5124751593394
1.6071305434251315 74027.87239063643 2893.7969713022153
1.6071424486302273 73451.5522466334 2887.9006658061126
1.6071543521645306 73509.38637654137 2881.3038658695214
1.60716625402861 73684.30554045468 2888.6956343555803
1.6071781542230352 73953.83680670477 2899.1175343389955
1.6071900527483753 74454.50785044432 2911.852420785657
1.6072019496052 75662.26133857587 2947.75099233449
1.6072138447940776 75537.83143146426 2896.067137464124
1.6072257383155784 74014.48649816928 2897.8842892863163
1.6072376301702707 71578.1517902773 2880.7915674292867
1.6072495203587247 70041.19384366379 2884.6485547962416
1.607261408881511 70238.60479545832 2939.6809696625987
1.6072732957391966 70124.26246811729 3062.7427511629576
1.6072851809323523 70244.05436220588 3098.919992162004
1.6072970644615476 70593.2312504357 3262.9355125771312
1.6073089463273518 73542.33090661695 3676.7027780528756
1.6073208265303336 76467.54577611134 4284.639925040486
1.607332705071064 78947.28527610187 4941.504251544174
1.6073445819501124 75982.90363774273 4986.844405425703
1.6073564571680468 72972.51171859342 4413.604263925215
1.607368330725438 70012.85212122696 4089.6354313548836
1.6073802026228554 70410.0940785352 4066.2751162210743
1.6073920728608688 69528.41411628811 4050.6890790750945
1.6074039414400478 66173.64008347117 3805.2493606336657
1.6074158083609615 62802.879075838646 3340.1466137877155
1.6074276736241804 59573.53235026304 2988.642783439188
1.607439537230274 59857.27857532239 2911.059194127253
1.6074513991798114 61210.830035664105 2911.1976699802017
1.6074632594733633 65050.55496222748 2941.216602700414
1.6074751181114992 69149.23636126067 2947.498472351376
1.6074869750947882 72152.41406619494 2988.8937572933764
1.6074988304238005 72569.72405412118 3001.0930655415073
1.6075106840991062 72202.97862300945 3019.3883320148802
1.6075225361212755 71734.1519810466 2981.6545098346114
1.6075343864908773 72521.64387104013 2995.0332110520712
1.6075462352084824 73536.09879265173 3009.6745054286803
1.6075580822746605 74762.76471303994 3017.2745993953135
1.6075699276899804 75660.88612926746 3021.8253416995713
1.6075817714550138 75532.07523490829 2998.3830224999347
1.60759361357033 76040.24313344022 3008.0706240221025
1.6076054540364986 76604.69853140863 3009.322493823823
1.60761729285409 76219.68772785623 3042.0833844490035
1.6076291300236738 74487.3773936552 3047.8263202087323
1.6076409655458206 73749.90151274134 3051.0084330840577
1.6076527994210998 74770.35151752186 3046.7192669784918
1.6076646316500824 76859.23064491563 3078.7497615820353
1.6076764622333384 77115.02609414289 3114.7085667193037
1.6076882911714379 76631.39142985687 3176.210823174965
1.6077001184649502 75584.12341247388 3191.636055526394
1.6077119441144463 74157.71816649198 3253.144183858722
1.6077237681204959 72730.32503694441 3319.6969488833433
1.6077355904836697 70004.69144681547 3556.745752610631
1.6077474112045373 68914.92678542697 4179.696130165514
1.60775923028367 68462.02913640585 5029.089109547724
1.6077710477216371 68037.59162461868 5516.568437962943
1.6077828635190097 68290.8383628955 5087.901141317184
1.6077946776763579 69333.02113671711 4216.267161509264
1.6078064901942513 71319.27057726856 3644.5849772172587
1.607818301073261 70631.05970923211 3493.1533453280294
1.6078301103139574 68999.07918836662 3596.5973032457337
1.6078419179169106 68096.57561787334 3755.445621899388
1.607853723882691 68337.32661728503 3912.0169070373727
1.6078655282118697 66512.71565064896 3842.422048432365
1.6078773309050165 63541.87262571646 3714.1598507546028
1.6078891319627016 59648.57461997593 3665.184414926454
1.6079009313854962 57890.251851034445 3737.697534901817
1.607912729173971 58680.68408677708 3833.2550791039366
1.6079245253286956 63163.26293482891 4061.3658836373775
1.6079363198502412 69012.09327104053 6075.14371858252
1.6079481127391786 69544.7996315789 11348.529095534586
1.6079599039960775 65106.310939548144 16948.96652456124
1.6079716936215094 56391.839041437706 19797.607816587428
1.607983481616045 52984.32386228634 18970.811782228735
1.6079952679802545 56488.427009854 14846.01722197876
1.6080070527147088 64115.13378285658 9013.106421474517
1.6080188358199787 70034.07746040953 4696.228745213862
1.6080306172966343 70436.65851954435 3644.055938462079
1.6080423971452475 68912.74965622567 3572.1217930977805
1.6080541753663877 67400.02996694477 3483.828651553628
1.608065951960627 68986.18370705775 3421.230490956671
1.6080777269285358 71256.5813226774 3323.6198142563876
1.6080895002706839 72704.4597283106 3242.1917148396697
1.6081012719876437 73696.1016371466 3280.4507517838483
1.6081130420799854 74022.7868340648 3379.629765079627
1.608124810548279 75392.53108786893 3423.319781941278
1.6081365773930971 75681.96641172093 3406.4569257269436
1.6081483426150098 75251.13058766903 3400.9321781487733
1.608160106214588 72961.02098670852 3456.617237723972
1.6081718681924029 71135.97109215945 3633.200084095157
1.6081836285490252 70183.98055053753 4100.871506729584
1.608195387285026 73366.10390444944 4907.778089931267
1.6082071444009767 75097.02968489045 5778.6452256189505
1.608218899897448 75158.8306523602 5681.414889123213
1.6082306537750108 74421.95955060291 4704.0976515595785
1.6082424060342366 73567.68169766355 3888.209668218935
1.6082541566756963 75045.03566252503 3499.2466139555922
1.6082659056999615 74383.94088575072 3364.595827874214
1.6082776531076024 74367.09084470395 3294.4451725332983
1.608289398899191 73167.34781951603 3263.639343802682
1.6083011430752985 72975.4175353997 3275.066813546808
1.6083128856364959 72659.5555347541 3254.869441414524
1.6083246265833542 73222.99201665705 3252.7053523163227
1.6083363659164447 72913.06063445893 3230.986624841265
1.6083481036363392 73680.49478779639 3243.7236567187842
1.6083598397436085 74873.98562477311 3279.907540631759
1.6083715742388245 76705.20131000105 3297.827495370446
1.6083833071225575 76606.54223835358 3267.3127430538607
1.60839503839538 75982.43462149487 3222.457665456636
1.6084067680578626 74308.02932593036 3241.58890476944
1.6084184961105772 74686.53989594927 3233.9051062254093
1.6084302225540947 73669.19108141596 3272.8115474001725
1.6084419473889868 74180.79254486876 3272.7037026770963
1.6084536706158257 74304.07093515359 3247.1889187004526
1.6084653922351813 75707.9645414306 3285.1795515846634
1.6084771122476273 75526.45891089499 3303.017238870755
1.608488830653733 75418.85950679888 3306.6293821976783
1.6085005474540712 75538.87939169614 3293.674300227438
1.608512262649213 75534.0536846084 3323.320706781487
1.60852397623973 75684.73410274704 3322.1798327264646
1.6085356882261945 75700.31318133399 3298.1699688535987
1.6085473986091774 76990.62376349335 3300.7111976775846
1.60855910738925 76693.30674526127 3303.6078036831823
1.6085708145669853 75382.7542018699 3309.4456670652153
1.6085825201429536 74892.28187671685 3340.61791604594
1.608594224117728 76006.8678660811 3374.6347310659676
1.6086059264918786 76379.95338759961 3447.163498407728
1.6086176272659785 76780.92192361383 3559.9262393878653
1.6086293264405989 76120.13182130101 3928.1292962801367
1.6086410240163116 76691.01472662264 4756.447313257876
1.6086527199936882 79370.35913115376 5885.633900690529
1.608664414373301 79775.15039042637 6286.389921707765
1.608676107155722 78901.45922196808 5395.135158022853
1.6086877983415224 75480.17163100162 4394.632448485805
1.6086994879312748 73737.1999598833 3823.2547794419656
1.60871117592555 73659.62463817511 3554.325183597939
1.6087228623249215 73411.81850561872 3467.1756465019316
1.6087345471299597 72948.44506054942 3427.8102976489845
1.6087462303412383 73533.95575762854 3365.794302343323
1.6087579119593274 73002.27845483716 3336.0373539353222
1.6087695919848004 73739.17725136464 3337.746201603853
1.6087812704182292 73793.72410640749 3355.1291977743167
1.6087929472601847 74214.51123676574 3358.0456353533637
1.60880462251124 74638.53086357142 3336.059970720584
1.6088162961719672 73913.89192308817 3301.6832264602117
1.6088279682429378 72854.76144858121 3314.1929080000486
1.608839638724725 72247.28589367859 3305.7378859281503
1.6088513076179 73690.61573848053 3334.675514643569
1.6088629749230356 74329.46451692311 3310.8745951534893
1.608874640640703 73935.68171229579 3341.919870663279
1.608886304771476 72740.33087542906 3393.705715917281
1.6088979673159256 73814.95785597264 3327.53919191294
1.608909628274624 74048.31115865648 3318.558011507146
1.608921287648144 74433.14830829989 3321.1841781425
1.6089329454370582 73384.8228772904 3333.731969474088
1.6089446016419384 72885.53138968784 3314.4995117006265
1.6089562562633573 71738.58095036923 3340.643734531297
1.608967909301886 72673.64550511846 3377.8540762738194
1.608979560758099 74572.72135786674 3430.152642020884
1.6089912106325677 76286.358421716 3493.240537777014
1.6090028589258638 75029.2062762657 3487.636886330302
1.6090145056385607 75019.60630701066 3467.1311434723416
1.6090261507712302 73827.27020198229 3463.84622097042
1.6090377943244458 73375.47639172978 3451.8602292407045
1.609049436298779 72155.60918381471 3428.086575708243
1.6090610766948026 73764.14135878727 3534.108361860189
1.609072715513089 74695.79016314616 3652.4588780433696
1.6090843527542116 76664.78180595765 3917.0156737030293
1.6090959884187424 79031.31741378731 4619.496160404237
1.6091076225072534 80137.67322695395 5736.752770495055
1.609119255020318 78439.60182738822 6330.805408673254
1.609130885958509 75889.10304666392 5710.056948281993
1.6091425153223982 73419.54814196048 4572.602783418007
1.6091541431125593 73225.42497212662 3756.1890101892163
1.609165769329564 72203.82982326567 3628.4893132092857
1.609177393973986 72976.35111523353 3562.7262361623557
1.6091890170463976 72930.32575515035 3493.504117026279
1.6092006385473714 73596.51384582638 3421.473836364788
1.6092122584774804 72888.61537239655 3398.4475455439924
1.6092238768372975 71017.28201834767 3426.1454952791187
1.6092354936273956 69702.45019525183 3550.6983257208053
1.6092471088483467 72238.66392508855 3567.237939637577
1.609258722500725 74962.13604497018 3565.2478657611323
1.6092703345851027 76608.37670426755 3518.0768554893807
1.6092819451020526 76184.18400174326 3502.532284868278
1.609293554052148 76012.34843776489 3466.1807328202203
1.6093051614359613 75080.6986895919 3531.3226668978905
1.6093167672540658 73180.7511014715 3550.2805702835103
1.609328371507035 71526.01847362652 3513.5588131120307
1.609339974195441 70855.0816290057 3451.6097678049596
1.609351575319857 71369.13869044562 3463.861862631185
1.6093631748808568 71231.41024549601 3527.9394118939153
1.6093747728790133 69118.52961256994 3449.3680135145755
1.6093863693148984 67300.25923745788 3414.87303129845
1.609397964189087 67284.03950716316 3395.9603257408303
1.609409557502151 68753.4520141691 3383.8145224239756
1.609421149254664 70794.1478818701 3395.115423559285
1.609432739447199 71085.40368636517 3434.3241323881307
1.6094443280803292 71001.12120891744 3372.47321086032
1.6094559151546282 69474.5519164684 3405.90923422213
1.6094675006706682 69409.28818467169 3442.3295274330344
1.6094790846290237 69282.63609298543 3419.095317150804
1.609490667030268 71009.00895164564 3440.9485044971716
1.6095022478749736 70426.05223539472 3485.2008669219963
1.6095138271637137 70344.07874895238 3504.44654096669
1.6095254048970626 70022.66538923334 3565.9487347973536
1.6095369810755928 70900.33260442305 3736.4463649205304
1.609548555699878 72597.7034937231 4102.3761437394405
1.609560128770492 74390.69642179934 4783.769431154439
1.609571700288007 74345.52683570674 5987.075845734541
1.609583270252998 72347.7250060307 6544.439619252283
1.6095948386660375 71683.71378711687 5971.688544454916
1.6096064055276997 74186.57990753354 4896.826896286375
1.609617970838557 76490.5614666476 4173.510007059406
1.6096295345991836 74436.13554363076 3819.772943214417
1.6096410968101529 72157.01181639047 3594.517823957449
1.6096526574720391 70394.8065073756 3579.350868210962
1.6096642165854147 71408.31145850911 3565.74161440914
1.609675774150854 71348.40295887309 3488.404422997409
1.6096873301689307 72959.72564656672 3438.73500779018
1.6096988846402183 72218.4846923918 3454.097507221641
1.6097104375652904 70919.35115190817 3467.252686698695
1.6097219889447207 69228.38710319628 3594.064778530002
1.6097335387790823 69838.71569356901 3739.336096774629
1.6097450870689505 71885.96466905637 3892.9392082049194
1.6097566338148976 73907.544219985 3934.1996740554673
1.6097681790174978 74298.72341573198 3826.92824023175
1.609779722677325 73910.32129782002 3600.8033325530046
1.6097912647949533 72595.8751331814 3528.0092465101843
1.6098028053709552 71966.0678348697 3452.1824443396417
1.6098143444059063 71312.69549061285 3458.3675141894932
1.6098258819003801 71038.25544650867 3466.7858356284264
1.6098374178549497 70875.99472581074 3467.2197387060455
1.6098489522701889 71676.555125136 3505.6088202577357
1.609860485146673 71257.95378736225 3448.448502018882
1.6098720164849747 71434.63914782419 3454.887589845939
1.6098835462856682 70633.8850865942 3479.4735102669592
1.6098950745493281 72854.58307693899 3526.724015891788
1.6099066012765284 74359.57075501453 3529.6296297821505
1.6099181264678415 74345.39401100273 3540.4741723317943
1.6099296501238431 70828.29662860114 3545.2915659342552
1.6099411722451076 69251.80642919135 3540.6624801914295
1.6099526928322077 70329.02565377376 3547.6822856516774
1.6099642118857185 71884.30261338441 3571.1368460945596
1.6099757294062131 71079.05790378887 3601.645624053854
1.6099872453942672 69827.1695631326 3593.3003600382112
1.609998759850454 69820.62082151431 3694.329196199982
1.6100102727753474 69729.84704692473 3771.5477287249887
1.6100217841695224 70437.13799447098 4039.1150941766427
1.610033294033553 73012.8177353345 4750.54518198013
1.6100448023680138 75895.22615506026 5845.9606153707855
1.6100563091734774 77160.66106478732 6273.145186697395
1.6100678144505203 75185.242269956 5665.829749600381
1.6100793181997155 73454.59608911334 4629.82720149048
1.6100908204216382 71415.62541185974 3989.5271721795048
1.6101023211168615 70184.01671686991 3697.1428176782165
1.6101138202859615 70070.85633109327 3586.1389589999726
1.6101253179295107 70439.74428021516 3576.0287021433273
1.6101368140480852 71342.10106480333 3540.2293214131364
