igrins/spectra/wd_1436-216_H_20190414_smoothed.ecsv
# %ECSV 1.0
# ---
# datatype:
# - {name: WAVELENGTH, unit: um, datatype: float64}
# - {name: FLUX, datatype: float64}
# - {name: ERROR, datatype: float64}
# schema: astropy-2.0
WAVELENGTH FLUX ERROR
[from data line 17701]
1.6224167004949401 68820.79265465132 1244.6017262774058
1.6224285550657285 67706.00855484317 2163.7582212250727
1.622440408009808 67252.98966957198 2478.76330263207
1.6224522593277455 67499.97369823714 2960.19234778378
1.6224641090201057 67884.6436159197 3483.0557486590114
1.622475957087456 67939.76495523343 3410.458237626228
1.6224878035303616 67549.92673930559 3103.3807392111057
1.622499648349389 68010.96643443886 3187.0011197638623
1.6225114915451049 68182.11431313092 2361.862468261561
1.6225233331180748 68905.56471769811 3022.6861665793676
1.6225351730688649 67961.25762596013 1767.2078470686845
1.6225470113980422 69036.63743194027 1746.2110384755526
1.6225588481061723 70285.65600706053 1327.5381973912054
1.622570683193822 72520.0675646397 1536.4923862877736
1.6225825166615573 71558.51634352998 1940.710842076791
1.6225943485099448 71365.21663071468 1433.3238970145453
1.6226061787395512 70811.10396313445 1499.222508383816
1.6226180073509426 70822.02310306129 1877.8914654251846
1.622629834344686 71498.93361695009 1951.2656282601633
1.6226416597213469 72159.80548415374 1635.8984900529729
1.6226534834814932 73892.72505195157 1487.267319659165
1.6226653056256897 73747.88066983348 2343.1853733761673
1.622677126154505 74111.00140390157 2092.8867397080903
1.6226889450685047 73708.0146841816 2328.4222918388423
1.6227007623682557 73752.0900977705 2666.167505883693
1.622712578054324 76613.30045937031 4035.8436430234956
1.6227243921272778 77289.08168709565 3466.5412803901727
1.622736204587682 76074.53366943935 2091.5318619989
1.6227480154361056 72860.90703247351 1269.9066276104431
1.6227598246731139 72561.58483920025 1882.4437378564958
1.622771632299274 73236.15181574042 2207.5428583781186
1.622783438315153 72951.72177072031 1474.8871857438946
1.6227952427213177 71725.71457492968 613.7023168751875
1.6228070455183352 72111.75577267504 836.1037949638268
1.6228188467067721 72665.2246576281 1006.6455045215357
1.6228306462871964 73753.98118972253 1799.6367618269687
1.6228424442601737 73621.30302841368 2189.559981732378
1.6228542406262723 72960.39638192624 3403.2959324704307
1.6228660353860582 71751.57972250337 3485.0181444889563
1.6228778285401 70561.110870463 6155.201756896925
1.6228896200889635 70449.62962294018 7240.213894394288
1.6229014100332169 72379.02799797745 7820.827913542965
1.6229131983734264 73460.6395828276 4821.43882884292
1.62292498511016 73483.37132475319 3795.557396206195
1.6229367702439852 71507.0299315466 3807.471301123305
1.6229485537754682 69913.82654677251 3146.482734461016
1.6229603357051776 67660.03584102589 1997.339184851531
1.6229721160336799 66987.1942080306 498.62704020250396
1.622983894761543 67011.07271639697 814.3942737048806
1.6229956718893344 67813.96335798816 643.1261956453915
1.6230074474176213 67818.56917098138 1277.9495077940487
1.6230192213469712 69667.78338956364 5252.936038391006
1.6230309936779515 70330.5999503459 6230.23521655733
1.6230427644111303 69317.61224984887 6066.719722474587
1.6230545335470747 66967.63851141543 2128.2931180236446
1.6230663010863524 66687.7759935059 1454.6096329570946
1.623078067029531 68796.65330933397 1744.2180851784092
1.6230898313771787 70245.49648309345 1414.4447910598963
1.6231015941298625 70876.27928696657 1936.8082255203208
1.623113355288151 70825.6668802727 1175.5630453478038
1.623125114852611 71330.96295028881 1809.6598409901567
1.623136872823811 73011.02818928391 1324.63818611445
1.6231486292023185 74247.78581023056 2215.649139075102
1.6231603839887014 75012.2396072763 2251.1775616451596
1.6231721371835275 75424.20653597082 1770.6841723641462
1.623183888787365 76235.40450253373 1156.6877074102604
1.6231956388007824 76037.4876882912 796.1601620649533
1.6232073872243464 74115.27851404026 1081.4592627402799
1.6232191340586255 73052.79511315201 1469.7472738972983
1.6232308793041883 73075.22870450474 2043.3711899783054
1.6232426229616026 74103.24416223212 2279.028725569854
1.6232543650314362 74117.28417906721 2151.4355295168943
1.6232661055142577 73971.21588055711 2189.2401524982056
1.6232778444106342 74234.81178140908 1642.2744624711643
1.6232895817211357 75257.65747061787 1351.4345908763164
1.6233013174463287 76262.5052245222 1193.512198156602
1.6233130515867829 76240.09314719321 1313.232628123815
1.6233247841430651 74989.72512237722 1347.3876383522183
1.623336515115745 73281.36646711969 1338.4549546899905
1.6233482445053902 73039.16611623 1654.6270534546961
1.6233599723125693 73633.97186647764 1982.4729251479962
1.6233716985378508 74008.28982218879 2545.282318835597
1.623383423181803 72690.35194632887 3920.263736077865
1.6233951462449945 69997.46027704931 4710.971962416501
1.6234068677279934 68052.219378405 3434.0559037892513
1.6234185876313691 66745.72960788425 1884.7344479329481
1.6234303059556892 66242.33673484185 948.1714536334185
1.6234420227015227 67461.36385327208 3015.624535985225
1.6234537378694385 69202.08251106054 5806.827181945388
1.6234654514600049 67585.02806084754 8632.665856880438
1.6234771634737906 64953.3023107254 8494.51774303013
1.6234888739113646 65916.02321213964 10412.41527196857
1.6235005827732953 71067.3759526558 10342.605257018968
1.6235122900601517 70460.06266098791 8313.474604956673
1.6235239957725027 67119.59846840464 3478.7996009137464
1.6235356999109172 62552.17653247633 1533.7377971415694
1.6235474024759633 64190.41578310051 3439.996331394378
1.6235591034682109 60023.75108422153 5250.296368485082
1.623570802888228 60144.2970099997 4133.597031253067
1.6235825007365852 57077.94274704839 6370.771725793818
1.6235941970138494 65336.7749577578 7221.78554207769
1.6236058917205909 64423.96848876869 7544.901354295227
1.6236175848573784 66799.36559562557 4689.532957165172
1.623629276424781 62374.534814722894 2520.1193030956583
1.6236409664233677 65482.23886950204 2745.181555072417
1.6236526548537082 66945.35149724162 1925.2160016940227
1.6236643417163712 69968.33685311755 3307.4083894336363
1.623676027011926 70760.02589713893 4048.6576748817797
1.6236877107409418 71232.09748768227 3815.276595469829
1.6236993929039876 70632.93249807197 1889.3486588063279
1.6237110735016336 70689.27680405174 1884.6858102317942
1.623722752534448 71668.858497637 1787.4866883925488
1.6237344300030006 71685.6287285263 1744.0804485926876
1.6237461059078615 71727.2705856626 1031.7810176302412
1.623757780249599 70822.64939633422 1288.0921747156417
1.6237694530287836 70562.56753759991 1689.6360335006361
1.6237811242459836 68653.62142518081 1641.5593449093728
1.6237927939017696 68151.55069227781 2360.641151834325
1.62380446199671 68406.73147367197 4176.762863747387
1.6238161285313757 70255.20947322664 5201.574290426082
1.6238277935063359 70291.07660324959 5628.126655558025
1.6238394569221593 69985.30730559045 5015.432358066608
1.6238511187794167 69759.86035839265 4036.7162289754865
1.6238627790786775 69898.37281624845 3445.485491210069
1.623874437820511 70320.27995018936 4408.1193534965505
1.6238860950054872 69628.44220383196 5252.979156496908
1.6238977506341759 70887.82623684069 6199.108140143551
1.6239094047071472 70364.99208378486 4054.3709859689507
1.6239210572249707 70824.61044655985 3099.98135801629
1.6239327081882164 70006.90305396685 2128.393063988319
1.6239443575974535 69174.26229098451 2801.116288856557
1.6239560054532534 69342.72185204712 4282.560159854334
1.6239676517561843 69385.17113502475 4913.861016395677
1.6239792965068176 71964.48473446179 4499.904897046667
1.623990939705723 74033.73680719057 3982.641933349382
1.6240025813534702 74853.70050867091 3500.6927763021185
1.624014221450629 73188.86724594727 2979.0932384038865
1.6240258599977706 70777.73204017727 1454.2890715287372
1.6240374969954643 69486.70372571838 667.5593891896891
1.6240491324442807 69126.01057173047 2237.3931530495847
1.62406076634479 67973.58778036555 2214.9392259533624
1.624072398697562 68913.67387641958 2250.3205540105464
1.6240840295031673 71398.41514304528 933.0539635256274
1.624095658762176 73085.96367041866 909.1109804125606
1.6241072864751591 72746.31332660293 1833.6871667978464
1.624118912642686 70771.8652866852 1961.9572284029598
1.624130537265328 70033.68388086093 3345.798740261125
1.6241421603436548 71125.48688044892 2578.6320582927465
1.624153781878237 71357.40726058347 2350.2712346916715
1.6241654018696459 72403.88951885715 965.8850356040538
1.6241770203184507 71974.04790572678 1354.438383047231
1.624188637225223 72019.77799751001 1116.3789604443464
1.6242002525905326 72665.14948647673 1841.1223824548529
1.6242118664149512 72097.40491868612 1131.0749293551899
1.624223478699048 70880.34027273259 1788.289783336355
1.6242350894433948 69880.09742700045 1475.4974790615408
1.6242466986485622 68761.98161233959 1309.9151110854311
1.6242583063151204 70431.66878157611 729.3226813577226
1.6242699124436402 70173.47075109722 1377.1478142492547
1.624281517034693 71702.21233597203 1962.5205504148128
1.6242931200888486 71860.95063610308 3304.703280347747
1.6243047216066788 71554.34224254216 2691.931534169096
1.6243163215887544 71740.66896286531 2608.2583759161957
1.6243279200356457 72172.84800322134 1169.2644116374213
1.6243395169479242 72875.92869594139 901.1733505475712
1.624351112326161 72144.945558276 986.7991957849796
1.624362706170926 71771.99215712366 1652.7381551691735
1.6243742984827914 73553.06526728014 2935.7518489162703
1.6243858892623282 74413.27251892128 3414.1451309476156
1.6243974785101072 75433.1173740743 3049.5992165354583
1.624409066226699 74630.71728040653 2775.2044207527247
1.6244206524126759 73174.76472807676 2516.8843303312588
1.6244322370686082 72443.79663688914 2887.862352887524
1.6244438201950673 72372.01345938999 1675.0994244916997
1.6244554017926245 73287.50584920585 1838.4648882929841
1.6244669818618513 72064.97417514915 1465.6887406233673
1.6244785604033194 71553.77933377768 2085.5628495826354
1.6244901374175984 71919.13409925846 1865.9355747594477
1.6245017129052615 72836.87563701071 3796.57188728664
1.6245132868668795 73873.48235819221 5253.9402018393785
1.624524859303024 74121.29485059885 5889.374907578191
1.6245364302142655 73329.31650888256 3603.783151729039
1.624547999601177 71129.30671028492 1630.1132567375116
1.6245595674643292 67431.63455179191 1619.298570660707
1.6245711338042932 66389.94279611806 1952.9607090171903
1.6245826986216407 65176.99543717529 2136.8453281923953
1.624594261916945 65171.14622502331 874.9917636406819
1.6246058236907757 65784.58236312863 2154.0989161990674
1.6246173839437053 66762.80358154024 3508.4080025109906
1.6246289426763056 67941.87954686902 3604.076153156453
1.6246404998891482 65676.7268193308 2443.650782907737
1.6246520555828046 65143.475366071565 926.4541923677608
1.624663609757847 64400.18104996419 1732.9500833611664
1.6246751624148472 66114.69851798363 1563.8796813147692
1.624686713554377 67467.61849615326 2233.854276933923
1.624698263177008 69651.13984448824 1291.5151040434396
1.6247098112833123 72292.37194875925 1810.7983820431702
1.6247213578738622 73028.88927454042 1116.5484710634953
1.624732902949229 73909.89046950178 2006.6954368745317
1.6247444465099854 72522.96461079309 1170.2693328096539
1.6247559885567031 71005.0487204584 1691.036628832988
1.6247675290899541 70907.48468961354 2702.272863690726
1.6247790681103107 71017.67872743352 5470.561648151185
1.6247906056183445 73371.62130792993 4855.464030805616
1.6248021416146288 74276.7664390819 3953.586113775974
1.6248136760997347 74924.12634230762 1505.5599077827205
1.624825209074235 74926.18846152045 2360.118683880728
1.6248367405387019 74436.72131648257 2929.865618833832
1.624848270493707 72485.07016957394 6155.275715204161
1.6248597989398237 70792.24838624283 5369.636175437917
1.6248713258776235 70665.87568856918 4400.97372274574
1.6248828513076794 73278.65350554248 1246.5215498613065
1.6248943752305633 76271.30962291668 1155.9769366096832
1.624905897646848 77041.00547180983 894.3773386533085
1.6249174185571056 76540.39157092478 868.9819151187846
1.6249289379619094 76449.53383006225 1146.840399871137
1.6249404558618308 76892.23717031472 743.6069373133266
1.624951972257443 76428.77961815099 734.2964739057068
1.6249634871493186 75228.08686707004 594.7620168579808
1.62497500053803 74244.6303543717 567.676263289252
1.62498651242415 74672.98480839955 881.8858601823957
1.6249980228082512 72368.86154956094 1448.9968703796883
1.6250095316909063 68638.61700738576 2339.795676253676
1.6250210390726887 65398.56083535135 3073.211361587485
1.6250325449541698 66006.6024031245 2781.7018365927433
1.6250440493359237 68759.6979670124 2948.7945567732613
1.6250555522185224 72106.42392653675 1951.7428449522572
1.6250670536025391 72084.1497134969 2961.0570913542433
1.6250785534885466 70689.43723312023 3265.8308555125636
1.6250900518771185 67673.35531286977 4377.671918258439
1.6251015487688265 68894.10276817525 3100.662705484722
1.6251130441642443 70858.79616358851 1979.8768104936278
1.625124538063945 73905.14283862473 443.5955100367812
1.6251360304685019 73586.63256931186 820.959235505365
1.625147521378487 73957.658198108 1584.8297154936856
1.625159010794475 73136.5392315112 3169.343997742243
1.6251704987170372 74364.49619638837 5068.0358291533685
1.6251819851467484 75178.525263324 4690.858810835825
1.6251934700841806 75359.1765069356 4487.216549268316
1.6252049535299076 74557.54493620357 4459.9076837123575
1.6252164354845025 73412.76938763211 6748.640456518907
1.6252279159485392 72176.19615056347 6275.202107303973
1.6252393949225903 69897.38230988888 5433.944639781599
1.625250872407229 66453.76155557841 3508.3261999742354
1.6252623484030297 64754.27238416493 3486.2127809837075
1.625273822910565 63105.999042450945 2849.0426631824384
1.6252852959304078 63895.35055152688 3097.8084162406285
1.6252967674631327 63361.870879078095 2583.1368052788503
1.625308237509313 63587.529981393396 2334.2024514334344
1.625319706069522 67004.08895021671 2311.151328621646
1.6253311731443332 69124.90712624563 2641.0215764541304
1.6253426387343202 70585.55208262948 2398.180391232423
1.6253541028400564 60793.139901538976 3922.355506303916
1.6253655654621164 59982.20371443624 5212.077072017071
1.625377026601073 62302.36230868779 5998.728026686301
1.6253884862575 70740.052233994 5896.088247515977
1.6253999444319713 72874.46969077422 4949.207894103058
1.6254114011250609 72034.97998849816 4752.2118046359865
1.625422856337342 70142.50098047228 3023.554776262383
1.6254343100693895 69810.22661533864 2543.0565532682267
1.6254457623217762 68452.99354014976 2694.285612807689
1.6254572130950762 68511.44622841365 2372.2598331816225
1.6254686623898638 68277.04676319331 1956.6989834806152
1.6254801102067133 70612.96954270444 1503.096483815836
1.6254915565461976 73112.32412217578 1283.3193216184975
1.6255030014088916 73260.43677446732 1372.8546871225117
1.6255144447953689 72275.77111024245 946.9690313613195
1.625525886706204 71180.40703351218 741.1571201779318
1.6255373271419706 nan nan
1.625548766103243 69185.79765268811 4264.06396484375
1.6255602035905952 71100.58958636619 4280.646240234375
1.6255716396046023 73109.38404053502 4333.291666666666
1.6255830741458372 75261.21657143658 4444.123046875
1.6255945072148752 74906.263751909 4548.910319010416
1.6256059388122899 71458.43820414902 4582.085774739583
1.6256173689386562 67590.6198261847 4515.646647135416
1.6256287975945476 64308.99064634103 4387.013020833333
1.6256402247805395 62496.654134755234 4216.925048828125
1.6256516504972058 61356.41137575132 4098.877766927083
1.625663074745121 60809.621128552564 4014.2381998697915
1.6256744975248598 62513.34640147602 4028.562337239583
1.6256859188369963 65528.864309663964 4033.7421061197915
1.6256973386821054 70652.98483353955 4068.322347005208
1.6257087570607616 74193.22655985015 4101.745035807291
1.625720173973539 79039.94274871133 4170.800211588541
1.6257315894210134 85068.41371941188 4216.815266927083
1.6257430034037583 86481.44556651049 4214.602376302083
1.625754415922349 83786.61793807056 4193.845377604166
1.6257658269773598 77081.4490724336 4154.632975260416
1.6257772365693657 73865.12202415161 4127.961507161458
