igrins/spectra/wd_1436-216_K_20190414.ecsv
# %ECSV 1.0
# ---
# datatype:
# - {name: WAVELENGTH, unit: um, datatype: float64}
# - {name: FLUX, datatype: float64}
# - {name: ERROR, datatype: float64}
# schema: astropy-2.0
WAVELENGTH FLUX ERROR
[from data line 21711]
2.2921896623496085 28630.15537360714 3729.203857421875
2.2922036578942966 28226.47095371817 3996.59912109375
2.292217652168271 27603.924904867228 4558.1376953125
2.292231645173587 26646.953670310344 5136.22412109375
2.292245636912301 27607.248691247885 5417.9892578125
2.2922596273864717 28378.461321557836 5099.6630859375
2.292273616598161 27384.119425334255 4471.3583984375
2.292287604549435 27140.91560546857 4112.60986328125
2.2923015912423588 25793.76162798797 4016.990966796875
2.292315576679004 24888.89094817118 4169.7724609375
2.292329560861442 23376.529914738472 4502.486328125
2.2923435437917488 22505.646407451793 4886.93359375
2.292357525472001 22697.909060997605 5014.677734375
2.29237150590428 23147.218321116805 4891.50390625
2.292385485090667 23834.674681527395 4669.4501953125
2.2923994630332496 24200.944115174614 4590.7587890625
2.292413439734115 24725.861122522892 4614.16455078125
2.2924274151953528 24982.06856041173 4671.2822265625
2.292441389419058 28305.656369196928 4936.5
2.292455362407327 27111.192842339922 5611.5322265625
2.292469334162256 25350.80257357238 7052.95654296875
2.292483304685948 21397.970141550104 8271.21875
2.2924972739805067 21561.20734278772 8087.099609375
2.292511242048037 22752.18048735747 6404.3681640625
2.2925252088906505 25169.0174927369 5096.982421875
2.292539174510457 25839.923601598784 4523.79541015625
2.2925531389095712 25607.074048826318 4369.68408203125
2.29256710209011 24252.012550081155 4409.38671875
2.2925810640541933 24420.014245477374 4364.873046875
2.2925950248039424 27123.13426469629 4330.0068359375
2.292608984341483 27989.713182983804 4154.39697265625
2.292622942668941 26838.70792162548 4001.906005859375
2.292636899788448 23398.27996362659 3926.35205078125
2.2926508557021354 21609.789286394276 3870.75830078125
2.292664810412139 23599.70395044158 3742.62939453125
2.292678763920596 25875.45456153832 3732.046875
2.2926927162296473 27221.696950632315 3755.260009765625
2.292706667341436 27909.418152511673 3862.099853515625
2.2927206172581074 26853.83338109777 3978.82470703125
2.29273456598181 26263.889888775182 4042.4296875
2.292748513514694 22902.24372366559 4047.225341796875
2.292762459858914 22266.04720028498 3963.609619140625
2.2927764050166255 22866.33298641388 3954.63916015625
2.292790348989986 25231.435658995746 3851.968994140625
2.292804291781159 26420.980371730795 3834.760009765625
2.292818233392307 26943.44637321389 3799.86767578125
2.292832173825597 26349.315869568643 3775.026611328125
2.2928461130831983 25144.94633841232 3762.213623046875
2.292860051167282 23028.836793259874 3753.4111328125
2.292873988080023 21167.88303572273 3759.26611328125
2.292887923823599 21315.109395483378 3747.3232421875
2.292901858400188 20879.808916942755 3786.73046875
2.2929157918119727 21234.845432686805 3759.353515625
2.2929297240611395 20446.911865504422 3734.107177734375
2.292943655149874 22103.810559355843 3820.103515625
2.2929575850803667 25194.78021215862 3798.3115234375
2.292971513854811 28549.004912615932 3961.09912109375
2.292985441475402 30445.514613163203 4173.4248046875
2.292999367944336 30015.51071092865 4163.07373046875
2.2930132932638156 27372.271227972855 4148.3134765625
2.293027217436043 25281.19055821366 4088.11376953125
2.2930411404632247 22856.15703191453 3995.67236328125
2.293055062347567 22899.24334598424 3919.343017578125
2.2930689830912834 23482.82644508566 3861.9775390625
2.293082902696586 24142.7596414367 3834.671875
2.2930968211656917 25229.002346678826 3837.817626953125
2.2931107385008196 24662.222942018 3871.993408203125
2.2931246547041897 22565.720070809766 3860.87060546875
2.2931385697780273 19734.021977996774 3839.907958984375
2.293152483724558 19472.62768206736 3884.9912109375
2.2931663965460123 21797.586396265986 3861.55908203125
2.2931803082446214 22472.173489377812 3877.870849609375
2.2931942188226198 22637.637936576648 3896.851318359375
2.2932081282822443 22852.108001376004 3886.623779296875
2.2932220366257363 25967.412314511046 3905.216796875
2.2932359438553354 25942.65972749713 3903.25390625
2.293249849973289 25720.685108026937 3944.364013671875
2.293263754981843 24595.952555580465 4024.1796875
2.293277658883249 24644.862214946443 4127.35205078125
2.2932915616797587 25011.434622739478 4055.864013671875
2.2933054633736276 25198.88452007166 4034.0703125
2.293319363967115 26870.163973768882 4007.58154296875
2.293333263462479 27073.12649088078 4068.581787109375
2.2933471618619863 26580.930071574803 4156.865234375
2.293361059167899 25258.360302989506 4098.18212890625
2.2933749553824883 24628.16682004129 4034.412353515625
2.293388850508024 25681.6175211066 4024.9404296875
2.2934027445467806 24815.073045116937 4026.3193359375
2.2934166375010343 25713.22981667479 4068.91943359375
2.293430529373063 24120.20592183414 4122.03076171875
2.2934444201651494 24924.08003822683 4220.4267578125
2.2934522194099425 23679.637881519448 nan
2.2934583098795773 27121.535871254575 4416.9052734375
2.293469437868035 25986.202172473753 4674.274476695844
2.2934866556364253 25811.12925858466 4810.721194124307
2.293503872712266 23204.118637455966 4711.753146075306
2.293521089092711 24522.982691534602 4411.92860255131
2.29353830477492 24582.33646086722 4154.026947224228
2.293555519756052 23812.09062656724 4071.3545647347537
2.2935727340332726 20726.34973177097 4051.161243474409
2.2935899476037465 18711.541398016678 4071.9964385359444
2.2936071604646444 19011.359569498607 4151.212697843598
2.293624372613139 19793.589892474814 4267.727092153778
2.2936415840464046 21515.36171359531 4332.105131517276
2.2936587947616185 21165.293396858055 4329.51628813153
2.2936760047559623 20875.66609769292 4273.091766241946
2.293693214026621 19918.375925543765 4206.2815241975895
2.293710422570779 19502.255524788547 4199.404995119549
2.293727630385627 18682.037934596436 4332.828087331235
2.293744837468356 17946.105175955323 4585.710010249859
2.293762043816163 17501.174165434903 4731.854855380862
2.293779249426245 17654.017576643335 4942.7423926391075
2.2937964542958023 18529.22771105366 5335.820589880747
2.2938136584220383 20272.868518188738 6031.669720080855
2.2938308618021614 21770.121694198966 6524.780918239149
2.293848064433379 21075.405965441874 6269.579085803264
2.2938652663129053 20467.46546383758 5503.547599232093
2.293882467437953 18992.894175175297 4818.646893040348
2.2938996678057415 19911.54189001964 4730.4121666533865
2.293916867413491 20272.56996674426 5226.830566477312
2.293934066258426 22219.98651158224 6135.769868487866
2.293951264337773 20733.67650871317 6395.270291277797
2.2939684616487597 19118.175771998765 5765.4890371655065
2.2939856581886198 18746.29459869645 5190.101797415845
2.294002853954588 19214.849907587053 5125.750659031686
2.294020048943902 19284.172547861024 5038.444196774981
2.294037243153803 18671.837946774504 4724.931348939345
2.294054436581535 19451.055146657636 4517.4204790878775
2.2940716292243426 20776.012066056584 4383.065618634752
2.294088821079476 21185.494772017275 4388.889392222435
2.294106012144188 21487.674505202973 4334.687176232999
2.294123202415734 21710.661087798464 4263.878349825488
2.294140391891371 22043.69610693438 4197.848674279785
2.2941575805683603 21155.27974645825 4036.7029033496747
2.294174768443964 20460.8587471621 4024.54767093216
2.29419195551545 19770.63796817211 3994.084006795606
2.2942091417800867 19150.246092783855 3934.762106659486
2.294226327235148 17984.282861095904 3914.9409509271754
2.2942435118779065 17220.630702244835 3860.1111148905748
2.294260695705642 19422.406158076363 3907.5994414456713
2.294277878715634 22787.69580783417 3907.1632581299828
2.294295060905166 24067.856517636385 3918.2539399931043
2.294312242271525 25418.285897079648 3939.8133023536925
2.294329422812001 25001.648516950503 3925.5383532534324
2.294346602523884 25575.569626072825 3925.6545200205824
2.2943637814044715 24022.93819404937 3926.0360756492864
2.294380959451059 22945.416730406017 3903.8534686745584
2.2943981366609485 22783.891346379314 3873.89949601206
2.294415313031443 22761.310014747756 3897.8844217630462
2.294432488559849 22955.96710101962 3949.9140996225824
2.294449663243476 22977.660864311576 4045.746870264599
2.2944668370796357 23452.87840759319 4194.390395667921
2.2944840100656436 21976.01942100011 4292.253535147896
2.2945011821988173 20649.150085469264 4203.67084454379
2.2945183534764766 19179.829199784235 4094.7511995584337
2.294535523895946 19742.186997523604 4062.0157214693404
2.2945526934545515 20864.848362158387 4117.259340457851
2.294569862149622 22187.203326853407 4146.1471100151875
2.29458702997849 22744.66768383474 4115.919385735897
2.2946041969384905 22977.355630519814 4042.0256009004415
2.2946213630269603 22704.38057015556 4022.1375165460854
2.294638528241242 22051.75904001775 3870.742187238095
2.2946556925786767 21020.81859490592 3776.031759856867
2.2946728560366125 21495.09231416929 3689.181459715056
2.2946900186123975 21528.616072253833 3616.0517049948794
2.2947071803033845 20998.268905295918 3633.9145809711463
2.294724341106928 19480.59117026817 3669.2672357422875
2.2947415010203858 18022.13413782639 3683.996673134789
2.294758660041118 16822.249410711414 3719.077703484063
2.2947758181664892 16489.72423937971 3683.054546193839
2.294792975393864 17204.286344825417 3634.1597347867337
2.294810131720613 20512.82254804318 3623.8611614842107
2.2948272871441078 22391.083139505787 3667.217141282952
2.294844441661723 23721.339714382186 3795.0218522967693
2.2948615952708367 22704.53248160004 4109.160912341818
2.2948787479688293 22112.30778233211 4876.973877006444
2.294895899753084 21086.46701647427 6154.222906678591
2.2949130506209867 20248.23188782725 7077.004853938142
2.2949302005699277 21229.184234018743 6930.333409916521
2.2949473495972983 23591.369144549062 5932.338646482241
2.294964497700493 23690.382060127464 5102.932032985267
2.2949816448769096 22894.866092774846 4498.69930310443
2.294998791123949 21309.224739781006 4177.918092688716
2.2950159364390146 20967.691630527297 4174.070678415285
2.295033080819512 21851.626066815177 4334.753601674664
2.2950502242628508 22325.77913507984 4365.103358223649
2.2950673667664434 22747.38219648208 4092.117634048562
2.2950845083277036 20898.046963285713 3758.9075588998767
2.2951016489440494 20420.249010908963 3532.5041615085975
2.295118788612902 20021.506234118642 3471.260605906589
2.295135927331684 20213.754499884577 3538.463211690953
2.2951530650978214 20379.56630243686 3632.5340396771876
2.2951702019087445 20208.978367779615 3718.5477681607586
2.295187337761883 19837.104541871187 3820.4322322086327
2.2952044726546745 19516.80846879071 3880.246556783673
2.2952216065845543 21350.339191377752 3845.010768250459
2.2952387395489646 21329.828519871877 3781.0955407770634
2.2952558715453466 21828.132408800622 3599.0195762390654
2.295273002571148 20668.534803422823 3333.8645766357195
2.2952901326238173 22080.07360705218 3145.5236056048743
2.2953072617008083 22144.356358512647 3040.8893461027556
2.2953243897995725 23329.025712431707 2972.404312602601
2.2953415169175693 22299.50265312646 2967.0177377222044
2.295358643052259 20515.007300110967 2975.3622202243196
2.295375768201105 17887.82829355776 2979.251347638181
2.2953928923615727 17651.284992260724 2995.9612985710687
2.2954100155311328 18138.2001635761 2990.95945334522
2.2954271377072546 19218.098352990524 2942.6792120756336
2.2954442588874153 17989.334137522186 2946.4968405520526
2.295461379069091 17465.63690171518 2965.5929443472796
2.295478498249762 16697.07252751653 2966.454581352643
2.2954956164269125 17610.020490882347 2986.9264461050616
2.2955127335980285 18639.55219444169 3103.155289325011
2.2955298497605985 19400.2571942025 3210.6136602095703
2.295546964912114 21139.09759835776 3422.9575759638938
2.295564079050071 22463.36372290251 3845.752036133399
2.2955811921719667 22905.38045092568 4459.4891728091025
2.2955983042752997 20927.9629021635 5041.338266779504
2.295615415357575 19993.738852590264 5179.8346582126205
2.295632525416298 20351.668967495745 4858.8545230584
2.295649634448978 22502.489250223058 4579.219122524372
2.295666742453127 23584.10662572331 4448.577353638145
2.29568384942626 25305.947955296433 4477.84825806174
2.2957009553658927 25932.664758886865 4299.51491688064
2.2957180602695466 26982.55637348265 4074.291757837017
2.2957351641347454 25440.725761903894 3872.9367401834115
2.295752266959014 24155.564561158113 3742.6643716268804
2.295769368739882 21880.3405462826 3845.8051188054596
2.295786469474882 20757.21330087557 4193.43676748227
2.295803569161548 19408.136216338113 4579.921191821445
2.295820667797417 19006.271873129343 4696.303831506691
2.2958377653800284 18136.814229442483 4249.630599323548
2.2958548619069274 19546.65594074022 3608.8634535129067
2.29587195737566 19716.917145714422 3152.614780939202
2.2958890517837736 22712.744816300925 nan
2.295906145128821 nan nan
2.2959232374083562 19453.257174927923 nan
2.2959403286199365 18154.79135820672 3845.867919921875
2.295957418761123 18271.28592289962 3845.36328125
2.295974507829479 18156.174298532696 3847.13037109375
2.295991595822569 18847.391716014397 3885.403076171875
2.296008682737964 20218.803792108254 4005.1591796875
2.2960257685732337 20919.36611707595 4188.74658203125
2.2960428533259534 21150.315906290976 4424.8994140625
2.2960599369937014 20095.785162305827 4622.3173828125
2.296077019574057 19683.77215405065 4790.4453125
2.296094101064603 19911.3325615963 4909.625
2.2961111814629263 20678.943161475367 4834.8369140625
2.296128260766614 22590.299041213817 4789.75634765625
2.296145338973261 24077.270897843104 4691.333984375
2.2961624160804597 24902.421102467586 4630.08203125
2.296179492085807 21761.566914148934 4746.06005859375
2.2961965669869047 19073.034176400648 4756.9833984375
2.296213640781355 18562.375679290646 4797.52197265625
2.296230713466764 20843.972232962464 4855.583984375
2.2962477850407397 21856.97478317208 4887.52783203125
2.296264855500895 19882.27447470233 4613.66357421875
2.296281924844844 18138.91552519083 4235.1572265625
2.296298993070204 17265.220954697827 3990.5234375
2.296316060174595 17389.055192539556 3933.697998046875
2.2963331261556403 18150.290784616205 3837.1640625
2.2963501910109665 19556.758786407623 3713.90087890625
2.2963672547382012 22160.1484215457 3563.802978515625
2.2963843173349763 22811.38786681795 3551.610595703125
2.2964013787989264 22337.566706123926 3495.865234375
2.2964184391276894 20687.445767516652 3470.34716796875
2.296435498318905 20127.70949397815 3459.809326171875
2.296452556370216 20748.644888646108 3531.057373046875
2.296469613279269 20698.172241205426 3594.657470703125
2.2964866690437113 20731.18634032383 3537.098388671875
2.2965037236611967 19828.07757687947 3524.691162109375
2.2965207771293783 20697.964991033972 3580.82080078125
2.2965378294459127 21868.455081906297 3612.3583984375
2.2965548806084617 22600.18589508217 3624.91015625
2.2965719306146872 22956.653763912385 3684.95263671875
2.296588979462256 22064.02897674962 3730.9853515625
2.2966060271488358 21053.94337252358 3777.333740234375
2.2966230736720985 20150.71796470675 3816.600341796875
2.296640119029719 21304.614043422822 3894.507568359375
2.2966571632193737 22453.84806220067 3987.913818359375
2.2966742062387437 21899.22099507898 3981.36279296875
2.296691248085511 19867.00032704605 4080.409423828125
2.2967082887573627 17722.02362020535 4149.466796875
2.296725328251985 18436.21914793904 4123.62744140625
2.2967423665670736 17539.509787093655 4109.513671875
2.296759403700319 16113.062442895987 4061.985107421875
2.2967764396494212 13777.573751910255 3922.271484375
2.296793474412078 14725.33399836801 3764.418701171875
2.2968105079859935 18072.933298877604 3538.6123046875
2.296827540368874 20119.698799864695 3463.97509765625
2.296844571558427 20097.51078922883 3463.784912109375
2.2968616015523646 19920.445945893687 3491.46875
2.2968786303484015 20773.528743193983 3530.705322265625
2.2968956579442548 22852.57277025313 3543.35888671875
2.2969126843376437 24215.445202213472 3527.30224609375
