igrins/spectra/wd_1436-216_K_20190414.ecsv
# %ECSV 0.9
# ---
# datatype:
# - name: WAVELENGTH
#   unit: um
#   datatype: float64
# - name: FLUX
#   datatype: float64
# - name: ERROR
#   datatype: float64
# schema: astropy-2.0
WAVELENGTH FLUX ERROR
[from data line 6260]
1.9497346736857362 36585.48223013218 962.3492714388644
1.949749258972267 34513.92187373107 1767.7563360472782
1.9497638425732993 36747.38674189962 414.1843159168944
1.9497784244887602 40578.64402143044 1359.2174341579598
1.9497930047185734 42788.21274429016 467.0527344415598
1.9498075832626653 38441.4290837413 1198.4657371977814
1.9498221601209622 40761.44455717284 1433.4109836013429
1.9498367352933883 45931.633288852165 9827.498597641757
1.9498513087798715 40020.386614500974 6010.416285414424
1.9498658805803366 40277.14833854972 1001.2767667273617
1.9498804506947105 34944.49229897089 4041.2331938419948
1.9498950191229196 39670.52409980181 2666.1394939092565
1.9499095858648907 37495.97393763518 4916.202106051789
1.9499241509205514 42638.06591446408 13715.279232950481
1.9499387142898268 88632.09126624814 4870.391770583837
1.949953275972646 114753.56605355548 38837.06865723468
1.9499678359689343 -41094.45812617264 151721.33788856934
1.949982394278621 -210401.10608367182 21144.0889901685
1.949996950901633 45335.02866166337 240697.38059281427
1.9500115058378977 57162.31359948452 57840.00228033615
1.9500260590873435 27737.581004285646 3350.7853437361405
1.9500406106498989 38365.90325422126 6193.4599160183825
1.950055160525491 43750.60020409694 1003.9376422267611
1.9500697087140495 39730.10211830141 6688.210617588754
1.9500842552155022 41136.04188065376 1521.8957545968956
1.9500988000297779 42617.20704808607 4121.618550002099
1.9501133431568058 40640.726683502064 10407.72458551699
1.9501278845965144 31644.31477513168 8900.132991070606
1.9501424243488334 24063.304853574915 1515.908935245085
1.9501569624136919 40322.48222122287 7018.726393059247
1.9501714987910195 35646.9910913359 464.19537944818376
1.950186033480746 28672.209957131192 5070.814163948189
1.9502005664828015 31555.187825688623 1696.146954443627
1.9502150977971153 35449.80501688676 1782.525506628305
1.9502296274236182 34408.700260591526 2167.6831222783044
1.95024415536224 39883.21472908256 1116.192714181073
1.9502586816129117 38589.09963832289 861.9739226429153
1.9502732061755632 39035.01688671382 1268.836050488389
1.9502877290501264 38797.654949825126 935.2245496220486
1.9503022502365313 38631.49028449599 4369.75906369739
1.9503167697347095 39280.409493125684 830.0819972137738
1.9503312875445917 41499.68923244323 5423.397537811997
1.9503458036661099 37846.61486521715 5555.931449193316
1.9503603180991955 38863.7049032836 3617.478490199289
1.950374830843781 39543.317199022786 1579.2806641686163
1.9503893418997968 42796.571963778406 9792.694096348303
1.9504038512671755 54762.037170201096 8320.417668199827
1.9504183589458506 44619.18666175327 3606.402514929606
1.9504328649357527 41283.39469076326 1156.520877811657
1.9504473692368156 -32567.269437732 16311.54407056991
1.9504618718489715 90127.8480669191 95439.5055507484
1.9504763727721528 135943.25154000166 122773.78022469743
1.9504908720062932 100600.73999372358 46871.61938844687
1.9505053695513255 72624.22043598282 2273.0842863089742
1.9505198654071836 31336.42052454977 171.7872449525056
1.9505343595738003 42770.36508078128 1273.3797810947628
1.9505488520511092 30369.98415799106 3324.480775252437
1.950563342839045 31084.879871890418 2603.70497191062
1.9505778319375415 34380.88463741259 5198.2895220740365
1.950592319346531 27146.219788403192 375.74658712883195
1.9506068050659502 31245.395078323916 1172.2024309129522
1.9506212890957328 36599.528562962594 1006.2413145896255
1.950635771435813 36439.40442811076 59.99317028314609
1.9506502520861257 30379.11132531326 4640.631667325024
1.9506647310466059 31485.009406814963 2329.4840559776662
1.9506792083171882 32755.12790004992 1573.8549091572922
1.9506936838978084 38901.38467482207 2339.0103864543694
1.950708157788402 32925.26471002436 2600.8008823011455
1.9507226299889044 34440.20563914298 326.5302118440242
1.950737100499251 51879.580845458215 3705.217265972334
1.9507515693193782 24870.168000032565 5554.22137420521
1.950766036449222 38663.74815900999 8259.351992526268
1.9507805018887183 30809.446751211 20413.589505589593
1.9507949656378032 40841.27838655073 1689.8616384510367
1.9508094276964136 46779.947058205755 16647.245821190532
1.950823888064486 35393.071335213535 1490.592479258763
1.9508383467419572 34277.779992560514 5019.535829024597
1.9508528037287647 45450.70672787426 19834.15531721239
1.950867259024845 85910.99947348391 25126.664096248514
1.950881712630135 3341.9220151059876 67445.66704305567
1.950896164544574 75103.13879684474 12111.296828896024
1.9509106147680977 42949.37263939268 16288.218586988496
1.9509250633006447 50439.01586231279 25246.32039596534
1.950939510142153 -151027.06575067126 199430.3503194255
1.9509539552925603 8784.561039110476 124057.78683664172
1.9509683987518052 -14997.144851877767 49306.586275549525
1.9509828405198262 2812.2158399473788 9178.899525770776
1.9509972805965619 28773.687458505035 24219.08121679523
1.9510117189819498 21976.550372003647 6608.3172372155495
1.9510261556759307 23711.22066614198 2927.5042345417887
1.9510405906784427 20583.64414669774 2472.317721046993
1.9510550239894249 23747.839947505043 2753.6537523858033
1.9510694556088166 16337.309620152331 4294.280868439058
1.951083885536557 18975.835515439205 1635.4768943211243
1.9510983137725872 25288.74959833503 3585.8721183530683
1.9511127403168465 25694.985264734078 5626.563828248146
1.9511271651692739 24305.635198468568 1822.6568093186834
1.95114158832981 20191.244651932575 848.8889824309467
1.9511560097983958 21574.44592218851 934.4930074833212
1.951170429574971 20189.916991876085 1424.3047736290541
1.9511848476594766 19882.690942572754 718.8721166171674
1.9511992640518538 21203.337965812367 2300.90688313617
1.9512136787520429 22402.059599278527 2271.9742802197934
1.951228091759985 22249.46044191729 495.5551170628835
1.9512425030756217 23340.07743933616 2633.584311227535
1.9512569126988941 25944.280992926724 1639.3997696249141
1.9512713206297438 24307.210638366 5777.377905471027
1.9512857268681132 29616.764708236 2957.9639202774715
1.9513001314139435 24426.30964604989 14476.68166686892
1.951314534267177 16507.5099784728 25654.02167883894
1.951328935427756 24224.5612073936 12998.882117083134
1.9513433348956226 7562.717408564662 5675.647365901748
1.9513577326707197 30768.626646141212 15.74421523466507
1.95137212875299 28884.060471279885 6468.8476396512115
1.9513865231423762 27187.467574639963 3010.5316796279403
1.9514009158388212 24791.549339896614 2122.1421302257127
1.951415306842268 28733.788711090056 218.84484151477565
1.9514296961526607 26498.117141837905 771.2571875635814
1.951444083769942 21705.523396460107 2069.958209609643
1.951458469694056 29817.728109364245 468.3628486327147
1.951472853924946 30492.808216881484 221.98427136403637
1.9514872364625568 28125.314477041196 4400.271832157017
1.9515016173068316 28784.91926609199 262.9045842811109
1.9515159964577153 32026.435172726004 2219.770065154221
1.9515303739151524 32291.46750581363 215.51583940867008
1.9515447496790874 33973.32710247772 1646.8284206980247
1.951559123749465 34278.79485614543 559.316094829834
1.9515734961262294 27728.226628837856 1277.2739831871954
1.9515878668093265 28160.195424111185 433.12335657426917
1.9516022357987024 33537.890008876675 1280.7124760440709
1.9516166030943007 39509.56962558113 3721.8760829113367
1.9516309686960676 31204.25395862088 4867.8538957803985
1.9516453326039487 24770.40334645442 2092.438895521502
1.9516596948178913 30565.249219830137 4918.432328228447
1.9516740553378396 34194.476257985 3737.451511510454
1.9516884141637396 35754.204394799875 345.65217944402787
1.9517027712955393 36213.26657998143 463.18171629059253
1.9517171267331843 33852.650518133014 7250.029119804812
1.9517314804766215 28416.433981216152 20467.692519784665
1.9517458325257973 34930.421224392 21754.045580507016
1.951760182880659 31834.841164498677 71107.56920973885
1.9517745315411534 41871.74200115543 18327.07988930587
1.9517888785072288 48993.268883070734 2956.69048659924
1.9518032237788319 35541.9796562894 8369.003921704685
1.9518175673559104 25827.23032464528 2730.57225408358
1.951831909238411 40120.04613192075 1868.8525921569617
1.9518462494262838 36038.89345696378 4297.654079678552
1.9518605879194755 35334.2130023845 8788.872270495292
1.9518749247179346 32484.582559046263 1197.4151440375194
1.9518892598216093 31503.280506707728 1569.9584091678078
1.9519035932304487 31435.716951574574 12976.063759422266
1.951917924944401 38565.25969339132 2528.038892907752
1.9519322549634153 36191.02444959564 4469.257913402398
1.9519465832874414 21300.25944698286 5107.660058033544
1.9519609099164263 30016.772934782006 5099.1099344355625
1.9519752348503223 41580.30180195717 2453.1936911218377
1.9519895580890767 32574.782814322072 4248.371240596747
1.9520038796326404 38191.200510235554 1638.2971658901313
1.952018199480962 38335.706027102526 1698.0369319812044
1.952032517633993 33195.211460526 8532.90950071203
1.9520468340916828 33069.57205087198 7592.096929629258
1.9520611488539814 26534.380747046856 80.42748560095255
1.9520754619208398 23774.295876140477 388.37480894180356
1.9520897732922082 28959.85945861293 8461.886229931166
1.9521040829680378 32121.09297100737 5502.629311041458
1.952118390948279 41668.64761392409 6199.059153488656
1.9521326972328839 -16679.442415634367 106458.6894845289
1.9521470018218028 45399.79782672103 6207.011174210639
1.952161304714988 -8781.15147937259 59088.75540923062
1.9521756059123903 -65821.02345468054 150132.93822906012
1.9521899054139613 -395791.02280718164 154066.54430723982
1.9522042032196534 31331.10754347215 91477.33843167439
1.9522184993294192 41419.409176575755 19396.438304426913
1.95223279374321 22034.494339801957 41178.813917667794
1.9522470864609784 39293.83850219704 10114.112671051344
1.9522613774826765 12427.42821938571 8066.13902861054
1.9522756668082588 35855.67637971785 5859.9828911573895
1.9522899544376757 33983.464168854 1733.928392604342
1.9523042403708821 34897.63067227534 931.7702904368776
1.95231852460783 30971.298373843263 679.7717750984585
1.9523328071484736 36838.812475197956 1004.6093874115594
1.9523470879927654 42845.53501199616 1799.6591893567931
1.95236136714066 48506.421820756164 1547.8963741650375
1.9523756445921103 37699.59403948412 1294.9966640095909
1.9523899203470714 31921.958055701027 1371.29940817049
1.9524041944054964 39211.11399803168 2680.9535743093234
1.9524184667673403 37973.649358234405 643.9358169030307
1.952432737432557 39518.2031448814 2288.512136067494
1.952447006401101 32485.236163535643 2869.545005251813
1.9524612736729277 39577.03542413551 2039.8668842637117
1.9524755392479918 40458.85511972106 8392.238106298852
1.9524898031262485 35535.25060143298 7288.794171403333
1.9525040653076522 5094.434217123169 68555.69073189962
1.9525183257921594 40585.94066772967 40.307108005851205
1.952532584579725 45692.80637051844 11666.0791015625
1.952546841670305 153330.38076156395 18200.068359375
1.9525610970638547 273547.7678988731 32550.0703125
1.9525753507603307 248480.00489641167 72922.484375
1.9525896027596892 88714.59580994151 172863.453125
1.9526038530618866 42264.897551353766 241141.390625
1.9526181016668787 -1156.1644261560452 214483.640625
1.9526323485746229 -170459.8527101073 174608.0
1.9526465937850757 -82899.18172528104 169881.65625
1.9526608372981944 -79087.10609083857 240192.1875
1.9526750791139353 -41691.601567223326 170549.0
1.952689319232257 -9540.71292665665 79260.2578125
1.9527035576531158 -13077.320354516281 32808.99609375
1.95271779437647 6797.101274367867 17648.517578125
1.9527320294022765 31885.702835332413 10795.853515625
1.9527462627304946 40201.79624441929 7975.1435546875
1.9527604943610812 33473.81735002305 6669.01025390625
1.9527747242939952 36993.297117988615 6076.6416015625
1.9527889525291948 35681.47747961608 5935.880859375
1.952803179066639 37251.32613188992 6098.30517578125
1.952817403906286 34114.90597440266 6556.0869140625
1.9528316270480937 29511.42268988441 6691.84814453125
1.9528458484920233 37843.97468182225 6640.2265625
1.952860068238033 42437.80207166518 6654.89013671875
1.952874286286081 41226.69213865153 6532.9814453125
1.9528885026361293 39839.473342006844 6210.46923828125
1.9529027172881348 27440.907424835266 5561.98681640625
1.9529169302420597 27562.17677743852 4729.93994140625
1.9529311414978632 34289.81583577922 4220.47900390625
1.9529453510555046 39344.49952193684 4297.93408203125
1.952959558914945 38205.30226194788 4434.419921875
1.9529737650761452 37769.32117203192 4552.150390625
1.9529879695390646 34029.53225588679 4749.0849609375
1.9530021723036655 35957.764919766814 5084.458984375
1.953016373369908 37227.743402096334 5642.650390625
1.9530305727377533 28714.636721702005 6559.14501953125
1.953044770407162 29756.06844663319 7683.650390625
1.9530589663780968 33911.1353312407 9797.2666015625
1.9530731606505187 39567.31379027015 12824.4453125
1.9530873532243893 62034.47797296295 18527.841796875
1.9531015440996708 129006.8803587679 33268.1484375
1.9531157332763247 91600.21525567559 75467.0
1.9531299207543138 143253.229846955 225535.40625
1.9531441065336006 451677.6177350123 511156.1875
1.9531582906141471 304214.54559577897 1479336.0
1.9531724729959157 542896.0766892005 496959.3125
1.95318665367887 90816.23072349501 390766.6875
1.9532008326629733 -148038.15491295044 218516.359375
1.9532150099481882 170378.4128748726 273054.0625
1.9532291855344774 -144753.0110817938 481618.46875
1.9532433594218057 1703248.5133531461 3364780.5
1.9532575316101357 -1091271.0771816946 2678517.0
1.9532717020994317 -54503.241446630054 470411.90625
1.9532858708896574 817190.3822606818 942009.625
1.9533000379807772 1015092.8533904162 513676.125
1.9533142033727553 478403.07491784025 165818.53125
1.9533283670655561 nan nan
1.953342529059144 nan nan
1.9533566893534837 -170270.41759208578 558738.5625
1.9533708479485408 985162.3275850877 464388.28125
1.9533850048442802 62956.81705483644 250687.5
1.9533991600406664 44258.519911028 105917.796875
1.9534133135376652 27741.86899646531 59180.92578125
1.9534274653352428 80029.44496135374 33594.0625
1.9534416154333631 37730.6047263931 19875.83203125
1.953455763831994 35054.701928370654 13893.0185546875
1.9534699105311006 39497.91346342215 11098.931640625
1.9534840555306499 42873.84500157088 9478.7353515625
1.9534981988306062 37051.49895544822 8677.6611328125
1.9535123404309382 48877.549575707766 8732.474609375
1.9535264803316112 32562.21745235041 8938.7451171875
1.9535406185325928 36546.80184322151 9893.369140625
1.95355475503385 39788.930918491176 12190.568359375
1.9535688898353494 28734.982481148225 17860.546875
1.953583022937058 34765.598878871584 30541.7578125
1.9535971543389439 69941.17151695407 66350.25
1.9536112840409747 68551.54007834992 199726.890625
1.9536254120431182 -220407.67147238753 260748.078125
1.953639538345342 -33903.01476589774 137382.390625
1.9536536629476147 -6557.005953328876 58259.26171875
1.9536677858499039 32013.75545822291 27620.951171875
1.9536819070521787 44202.06912134748 15832.9990234375
1.9536960265544063 42165.2472271257 11520.974609375
1.953710144356557 42197.822009231975 9522.0576171875
1.9537242604585994 52379.29487666788 8425.3857421875
1.9537383748605022 43857.47547474399 7264.29541015625
1.9537524875622339 31057.350656774794 6452.42138671875
1.9537665985637653 19621.851130597846 6807.7919921875
1.953780707865065 36685.88911711628 7435.68408203125
1.9537948154661027 41362.328395873956 7696.20703125
1.953808921366848 39435.15166824908 6851.93310546875
1.9538230255672717 34337.88888805998 5594.53515625
1.9538371280673439 36603.85604467853 4492.94580078125
1.953851228867034 39644.724052991725 4170.677734375
1.9538653279663132 39519.39774789548 4037.083740234375
1.953879425365152 41752.629162648 4028.14794921875
1.953893521063521 45213.29067361768 4061.29638671875
1.953907615061391 43451.549363443126 4047.357666015625
1.9539217073587338 43089.867867234076 4077.301513671875
1.95393579795552 38020.15814875328 4185.0517578125
1.9539498868517216 39672.844339537536 4298.384765625
