cc_cet/lightcurves/.ipynb_checkpoints/cc__cos_ldlc51_10s_fppos_norm-checkpoint.ecsv
# %ECSV 0.9
# ---
# datatype:
# - {name: JD, datatype: float64}
# - {name: FLUX, datatype: float64}
# - {name: FLUX_ERROR, datatype: float64}
# schema: astropy-2.0
JD FLUX FLUX_ERROR
2458321.7367658904 1.0017229381722388 0.008039626538703725
2458321.7368816305 0.9992681273330322 0.008039103384166853
2458321.7369973715 0.9999540093738014 0.00803719269978549
2458321.7371131126 0.9937921733062508 0.008029507489095894
2458321.7372288536 1.0029131755200278 0.008042747762756984
2458321.7373445933 0.9932015966315415 0.0080252443516491
2458321.7374603343 1.0003753468475858 0.008035978456346422
2458321.7375760754 0.9960315351715673 0.008030420784553422
2458321.7376918155 0.9940569812356836 0.008024512684442542
2458321.7378075575 0.9935038604233228 0.008025601297288588
2458321.7379232976 1.0052201705293857 0.008047508500378288
2458321.7380390386 1.0022414256651535 0.008040558784441341
2458321.7381547797 1.0014386297002342 0.008038412443469369
2458321.7382705193 0.9947569822769489 0.00802779311133389
2458321.7383862603 0.9907842793256093 0.008016748717463952
2458321.7385020014 1.0064550655320537 0.008051462040779089
2458321.7386177415 0.991102388249316 0.008017088012072798
2458321.7387334835 0.9982758188325167 0.008034708736852407
2458321.7388492236 0.9986598230914907 0.008034228586263736
2458321.7389649646 0.9979834494831796 0.008028342609909292
2458321.7390807057 0.9963805477587593 0.008026409405530711
2458321.7391964453 0.992392455284505 0.00802153720204563
2458321.7393121864 1.0022888694337142 0.00804106083534696
2458321.7394279274 0.9924584287767019 0.008024950045235112
2458321.7395436685 1.0012035038375608 0.008037971241021818
2458321.7396594086 0.9963301170127178 0.008032826447673792
2458321.7397751496 1.0019152876114574 0.008040031338771882
2458321.7398908907 1.0012272676834229 0.0080406044458861
2458321.7400066303 1.0023755152264011 0.008041448336271835
2458321.7401223714 1.0029106289681478 0.008042088230343154
2458321.7402381124 1.0 0.008037164050505093
2458321.7403538525 0.9971740142509117 0.008029522773437015
2458321.7404695945 1.0007526813467187 0.008036506114604963
2458321.7405853346 0.9958395710447611 0.008026700319905277
2458321.7407010756 1.00674051830815 0.00804915999997259
2458321.7408168167 0.9903723665340158 0.008016446392613473
2458321.7409325563 1.0004543127014238 0.008036141331457948
2458321.7410482974 0.9970560426419384 0.008031598253923158
2458321.7411640384 1.0117613412321995 0.00805959609661447
2458321.7412797795 1.0026729714903464 0.008040487680130673
2458321.7413955205 1.0032672750924942 0.008039639785007461
2458321.7415112606 0.9967789178740311 0.008029356258206388
2458321.7416270017 1.0141309250717452 0.008060938586963223
2458321.7417427422 0.990952848600362 0.008016752178679865
2458321.7418584824 1.004181588275987 0.008042540182503704
2458321.7419742234 0.9972443226492376 0.008027808744584052
2458321.7420899644 1.009817120204609 0.008049726909682257
2458321.7422057055 1.0010714613436806 0.00803773429470618
2458321.7423214456 1.0009655505522574 0.00803522656874146
2458321.7424371867 1.0040601948606582 0.008040746903396852
2458321.7425529277 1.0006844983556162 0.008032525096788744
2458321.7426686673 0.999015004693034 0.008030587268582528
2458321.7427844084 0.994318727927918 0.008018072776427193
2458321.7429001494 0.9989021636702848 0.008031932508757892
2458321.742987094 1.0084778252169675 0.01389126122162402
2458321.7450644104 0.9957317005010927 0.007913170701096072
2458321.7451801505 0.9903711797023175 0.007897941686161427
2458321.7452958915 0.9905256679112907 0.007901344149824801
2458321.7454116326 0.9956063548989815 0.007909988688089757
2458321.7455273736 0.9970231328417208 0.007909204459660243
2458321.7456431133 0.9890608473769837 0.007897091358971712
2458321.7457588543 0.9938412678052269 0.007905990553973207
2458321.7458745954 0.9923638274843211 0.007902902336564857
2458321.7459903355 1.000209424387778 0.007915580191239203
2458321.7461060775 0.9897264750031054 0.007896080907036557
2458321.7462218176 0.9954068043392869 0.007908561095235226
2458321.7463375586 0.9908654318841342 0.007899249479299429
2458321.7464532997 0.9993678109611823 0.007917080949475607
2458321.7465690393 0.9997475876344488 0.007914680156869115
2458321.7466847803 1.007427840258233 0.007932076153988624
2458321.7468005214 0.9874573550730393 0.007884781906607938
2458321.7469162615 0.99497763599157 0.007907034360016137
2458321.7470320035 0.9960572980829545 0.007908925450553914
2458321.7471477436 1.001993492342869 0.00792632177616459
2458321.7472634846 1.0018450054187953 0.00791980318975081
2458321.7473792257 0.9990094325316929 0.007913053224247835
2458321.7474949653 0.9919262871856437 0.00789677693436573
2458321.7476107064 1.0000010330923113 0.007915618506333677
2458321.7477264474 0.9955163591148077 0.007906758632931067
2458321.7478421885 1.0036375278856444 0.007919446762016209
2458321.7479579286 1.0028175193793885 0.007919582394422352
2458321.7480736696 1.0045785368848932 0.007927053941085017
2458321.7481894107 1.0005940090899015 0.00791802974366833
2458321.7483051503 1.0003907299374162 0.007915839913374786
2458321.7484208914 0.9967932601450523 0.007905429485817161
2458321.7485366324 1.0025453543331737 0.007919522151497277
2458321.7486523725 1.0016283300113624 0.00791565354243001
2458321.7487681145 1.0081301800492863 0.007927269588073898
2458321.7488838546 0.9963548187196657 0.007905162084019096
2458321.7489995956 1.0129920640857144 0.007939511511847613
2458321.7491153367 1.0061838129773522 0.007925500793822836
2458321.7492310763 0.9999989669076887 0.007908303389325409
2458321.7493468174 1.0050838490803755 0.007920872728726679
2458321.7494625584 1.0054885636972613 0.007926690677702955
2458321.7495782995 1.0085582196364955 0.007927124870881853
2458321.7496940405 1.0015925302364832 0.007910917900691292
2458321.7498097806 1.0036731477884793 0.007915954840283772
2458321.7499255217 1.008054873457399 0.007926371954282134
2458321.7500412622 1.0068595811682581 0.007924286245252399
2458321.7525877403 0.9982610453616312 0.007838500677745316
2458321.7527034804 0.9894842590314484 0.007819245222578949
2458321.7528192215 1.0024038338744559 0.007849023179376266
2458321.7529349625 0.9929461747458799 0.007823720377076076
2458321.7530507036 0.9927363859644925 0.007825275998754983
2458321.7531664446 0.9938288493145983 0.00782853281220623
2458321.7532821842 1.00022603763703 0.007839495391065612
2458321.7533979253 0.9928307282945448 0.007826772981268751
2458321.7535136663 0.9934189154168638 0.00782660857575349
2458321.7536294064 0.9947326459510906 0.007825215395360224
2458321.7537451475 0.9933697705675759 0.007825203765868375
2458321.7538608885 0.9960235155548774 0.007833988916010424
2458321.7539766296 0.9997739623629701 0.007838526724428698
2458321.7540923697 1.00124726277382 0.007840412541153243
2458321.7542081103 0.9937418918291333 0.007825740295452407
2458321.7543238513 1.0005657791954878 0.007840582029745437
2458321.7544395914 0.9963719125084064 0.007831461813845596
2458321.7545553325 1.0041962626010668 0.007845587697779294
2458321.7546710735 1.0041745674614095 0.007847791669172377
2458321.7547868146 0.9972993947173852 0.007831255938797426
2458321.7549025556 1.0113811446062924 0.007858423891696628
2458321.7550182953 0.9934704244339293 0.007824563501876306
2458321.7551340363 1.0075991599664866 0.007855204749301648
2458321.7552497773 1.0026711098706544 0.007842765973317189
2458321.7553655175 1.0065154650553025 0.007850382389717225
2458321.7554812585 0.9927057612599984 0.007822241390678976
2458321.7555969995 0.9939990212275797 0.007825530157637378
2458321.7557127406 0.9966082526139499 0.007828829762963608
2458321.7558284816 1.0030373981853138 0.00784273871888067
2458321.7559442213 0.9947246111614135 0.00782172705965746
2458321.7560599623 1.0021057578901136 0.00783935300978438
2458321.7561757034 1.0062577597172733 0.007850048427441908
2458321.7562914435 1.0080001311672153 0.007852949478740986
2458321.7564071845 0.9952983335570224 0.007829296948082067
2458321.7565229256 1.0008062965378934 0.007835353679923619
2458321.7566386666 1.0036815270994301 0.007842163972504432
2458321.7567544063 1.0026028550689698 0.00784201644336595
2458321.7568701473 1.0021884295480263 0.007841784461937663
2458321.7569858884 1.0049952512470004 0.007845825549892238
2458321.7571016285 0.995100398816682 0.007826131546996414
2458321.7572173695 1.001576204210133 0.007836524115361327
2458321.7573331106 0.9973022665783764 0.007828842174440468
2458321.7574488516 1.004583781170544 0.007842915002714699
2458321.7575645926 1.004066373710358 0.007842278936338246
2458321.7593351505 0.9988933013034154 0.007775852410227767
2458321.7594508915 1.0021635791454298 0.007778469648707834
2458321.7595666316 1.0007715848328709 0.007781395403718104
2458321.7596823727 0.9998641543183302 0.007777463550295393
2458321.7599138534 0.9932321347979154 0.007759297883719901
2458321.7600295944 0.9989400699647433 0.007773544650083753
2458321.7601453355 1.001135984971917 0.007780096024710802
2458321.7602610765 1.0011604253361155 0.007777052696300049
2458321.7603768175 0.9988965102680991 0.007776409615120638
2458321.7604925577 1.0000189940490183 0.007775295619753022
2458321.7606082987 0.9908384438852905 0.007756022564764764
2458321.7607240393 1.0066445611973158 0.0077844659025269065
2458321.7608397794 0.995911444412347 0.007764959370427491
2458321.7609555204 1.0055349909907607 0.00778496124656291
2458321.7610712615 1.0024172751109026 0.007783034726625441
2458321.7611870025 0.993691947921694 0.007761552274876521
2458321.7614184837 1.0066721554934088 0.007793276042414621
2458321.7615342243 1.001408930528026 0.007782520498201662
2458321.7616499644 1.0021886600001306 0.007778568116123916
2458321.7617657054 0.9977501407856949 0.007771428268942793
2458321.7618814465 0.9974247831833621 0.007768049573477196
2458321.7619971875 0.9902566401995163 0.007754280880220372
2458321.7621129286 1.0123958375114812 0.007797127139481578
2458321.7622286687 0.993688587364541 0.007764044520593435
2458321.7623444092 1.0021004908590652 0.007779876688470239
2458321.7624601503 0.9990751378616624 0.007772242311757716
2458321.7625758904 0.9999917426104308 0.007772967965075623
2458321.7626916314 1.0005318820951852 0.00777509677385446
2458321.7628073725 0.9914804807449036 0.007755504279376196
2458321.7629231135 0.9933197373908649 0.007761604768250769
2458321.7630388546 1.003966288635159 0.007783310228827747
2458321.7631545947 0.9938772222599263 0.007762327319471251
2458321.7632703353 1.0051813896981296 0.007784404531714156
2458321.7633860763 1.0080893826885335 0.007790108245598682
2458321.7635018164 0.9938134802463916 0.00775886667000289
2458321.7636175575 1.0000082573895694 0.007776047965979432
2458321.7637332985 1.0011428354323628 0.007775179205582771
2458321.7638490396 0.9919563151158933 0.007756355155511155
2458321.7639647797 1.0079787843153056 0.007789502448114962
2458321.7640805203 0.9954119483096667 0.007766689688788097
2458321.7641962613 1.0035487532632956 0.0077851129652729695
2458321.7643120014 0.9947508370794685 0.007763712388092389
