cc_cet/lightcurves/.ipynb_checkpoints/cc_cet_cos_10s-checkpoint.ecsv
# %ECSV 0.9
# ---
# datatype:
# - {name: JD, datatype: float64}
# - {name: FLUX, datatype: float64}
# - {name: FLUX_ERROR, datatype: float64}
# - {name: COUNTS, datatype: float64}
# - {name: COUNTS_ERROR, datatype: float64}
# - {name: ROOTNAME, datatype: string}
# schema: astropy-2.0
JD FLUX FLUX_ERROR COUNTS COUNTS_ERROR ROOTNAME
[from data line 290]
2458321.7478421885 5.04191209600157e-11 3.978443742251094e-13 55.93638998273724 2.365087524442536 ldlc51p7q
2458321.7480736696 5.046639385011731e-11 3.9822653139936606e-13 55.83060339318004 2.3628500458806103 ldlc51p7q
2458321.7481894107 5.026622557892138e-11 3.9777318834624454e-13 55.68973162450332 2.3598671916975182 ldlc51p7q
2458321.7451801505 4.9752667588984466e-11 3.967640369612559e-13 55.160843017434956 2.348634561131956 ldlc51p7q
2458321.7485366324 5.036425410926396e-11 3.9784816152008336e-13 55.80004345403815 2.362203281981425 ldlc51p7q
2458321.7487681145 5.064481556247556e-11 3.982373647244609e-13 56.19831248114415 2.370618326115449 ldlc51p7q
2458321.7463375586 4.977749703173385e-11 3.9682973576045743e-13 55.15600534523519 2.348531569837527 ldlc51p7q
2458321.7466847803 5.0609532550535235e-11 3.9847882921888594e-13 56.03697668680445 2.3672130594182783 ldlc51p7q
2458321.7469162615 4.9984079299280047e-11 3.972208200230615e-13 55.363183711280094 2.3529382420981664 ldlc51p7q
2458321.7471477436 5.033653055801232e-11 3.9818975008075245e-13 55.64042354537273 2.3588222388593154 ldlc51p7q
2458321.7473792257 5.0186622181341143e-11 3.97523186002121e-13 55.60024899167978 2.3579705043040677 ldlc51p7q
2458321.7477264474 5.001114280135106e-11 3.9720696849114103e-13 55.349193044777486 2.352640921279265 ldlc51p7q
2458321.7479579286 5.0377926697230154e-11 3.978511879068435e-13 55.8917797012293 2.364144236319546 ldlc51p7q
2458321.7483051503 5.025601356921365e-11 3.9766317918916893e-13 55.709707240199165 2.3602903897656144 ldlc51p7q
2458321.7484208914 5.007528969274272e-11 3.97140196945391e-13 55.542347180260386 2.356742395347026 ldlc51p7q
2458321.7489995956 5.08890590393438e-11 3.988523547167448e-13 56.38720686820018 2.3745990581190792 ldlc51p7q
2458321.7492310763 5.0236332810937204e-11 3.9728457146765006e-13 55.77521656572556 2.3616777207257886 ldlc51p7q
2458321.7494625584 5.0512110307159625e-11 3.9820828236035375e-13 55.96639595905168 2.3657217917382356 ldlc51p7q
2458321.7495782995 5.0666318723849597e-11 3.9823009465592727e-13 56.227476309801006 2.371233356500389 ldlc51p7q
2458321.7498097806 5.042091037515784e-11 3.976689527015823e-13 55.956386445994056 2.3655102292316146 ldlc51p7q
2458321.7499255217 5.0641032431554324e-11 3.981922708479694e-13 56.15067850012762 2.3696134389416263 ldlc51p7q
2458321.7500993176 5.481039656612952e-11 8.590872327627912e-11 61.57817327481163 2.4814949783308373 ldlc51p7q
2458321.7537451475 4.998833947751696e-11 3.937797927004287e-13 56.02037506789314 2.3668623759714706 ldlc51p9q
2458321.7538608885 5.012188119505503e-11 3.9422187890102934e-13 56.07889499568333 2.36809828756501 ldlc51p9q
2458321.7529349625 4.996702329459738e-11 3.937051456307034e-13 56.0084931998949 2.3666113580369488 ldlc51p9q
2458321.7618814465 5.1146522704999556e-11 3.983345216421939e-13 57.016420255728505 2.387811136914486 ldlc51pbq
2458321.7455273736 5.008683766596683e-11 3.9732983798364135e-13 55.49275659833691 2.355690060223053 ldlc51p7q
2458321.7457588543 4.992699226989898e-11 3.971683829811266e-13 55.288553356761085 2.351351810273424 ldlc51p7q
2458321.7488838546 5.0053263980624304e-11 3.971267636457913e-13 55.49992365815544 2.3558421776119776 ldlc51p7q
2458321.7491153367 5.054703711746346e-11 3.981485068959922e-13 56.0180462732208 2.366813179640945 ldlc51p7q
2458321.7493468174 5.049177890796809e-11 3.979160096373598e-13 55.95265908630724 2.3654314423865097 ldlc51p7q
2458321.7452958915 4.976042851808357e-11 3.9693496443481023e-13 55.10237500589001 2.347389507642266 ldlc51p7q
2458321.7496940405 5.031638767138189e-11 3.974159150664546e-13 55.87099832595451 2.363704683879831 ldlc51p7q
2458321.7500412622 5.0580985268276426e-11 3.980874923667591e-13 56.127529454201586 2.3691249324212853 ldlc51p7q
2458321.7454116326 5.001566386418707e-11 3.9736923478472675e-13 55.36498953559472 2.352976615599796 ldlc51p7q
2458321.7456431133 4.9686841230191366e-11 3.967213195974243e-13 54.964950295547894 2.344460498612589 ldlc51p7q
2458321.7458745954 4.985277100955225e-11 3.970132421033333e-13 55.179768180361755 2.349037423719804 ldlc51p7q
2458321.7536294064 5.005692207319808e-11 3.937803779195523e-13 56.13384190964534 2.3692581520308282 ldlc51p9q
2458321.7459903355 5.024690543387201e-11 3.9765013168804823e-13 55.67801901794652 2.3596190162385646 ldlc51p7q
2458321.7540923697 5.0384750528370896e-11 3.945451284741788e-13 56.42397233415843 2.3753730724700577 ldlc51p9q
2458321.7543238513 5.0350456921426764e-11 3.945536574767066e-13 56.35214311752731 2.3738606344418645 ldlc51p9q
2458321.7545553325 5.053315005576875e-11 3.948055526323697e-13 56.62875483528661 2.3796797018776834 ldlc51p9q
2458321.7525877403 5.023447813819249e-11 3.9444891971093495e-13 56.26471548738033 2.3720184545525846 ldlc51p9q
2458321.7549025556 5.089470758592986e-11 3.9545149540025996e-13 57.04749574921868 2.388461759149991 ldlc51p9q
2458321.7550182953 4.999340457994918e-11 3.9374757334491876e-13 56.052239902827466 2.3675354253490584 ldlc51p9q
2458321.7552497773 5.0456401341743204e-11 3.9466355785408773e-13 56.49921053094128 2.37695625813647 ldlc51p9q
2458321.7554812585 4.995492521057742e-11 3.936307200982467e-13 55.953860256281885 2.365456832332433 ldlc51p9q
2458321.7557127406 5.015130632503185e-11 3.9396226007472524e-13 56.2182182162621 2.371038131626358 ldlc51p9q
2458321.7558284816 5.04748336971081e-11 3.946621863567206e-13 56.58231757740762 2.3787037978152643 ldlc51p9q
2458321.7559442213 5.005651774662614e-11 3.9360483793989123e-13 56.16735472420693 2.3699652892860463 ldlc51p9q
2458321.7542081103 5.000706535835276e-11 3.938067919345316e-13 56.01177248097426 2.366680639228163 ldlc51p9q
2458321.7544395914 5.013941322159937e-11 3.94094710101804e-13 56.16459220272833 2.3699070066719563 ldlc51p9q
2458321.7546710735 5.0532058313259235e-11 3.949164608494913e-13 56.55882613798155 2.378209959990529 ldlc51p9q
2458321.7547868146 5.0186085968138954e-11 3.940843500605557e-13 56.28910178880494 2.3725324400059304 ldlc51p9q
2458321.7551340363 5.070439060863213e-11 3.952895017624077e-13 56.763496986511456 2.382509118272403 ldlc51p9q
2458321.7553655175 5.0649856928712136e-11 3.9504683105193185e-13 56.75061437585412 2.382238744875377 ldlc51p9q
2458321.7555969995 5.002000462028726e-11 3.937962173823901e-13 56.04595451737437 2.3674026805208777 ldlc51p9q
2458321.7527034804 4.979281282121377e-11 3.9347994696969635e-13 55.762001033772464 2.3613979129696134 ldlc51p9q
2458321.7560599623 5.0427951707412764e-11 3.944918107516921e-13 56.56523406926375 2.3783446779065427 ldlc51p9q
2458321.7561757034 5.0636888684354134e-11 3.9503002540705945e-13 56.70785301210221 2.3813410720033827 ldlc51p9q
2458321.7562914435 5.0724568275696914e-11 3.951760120693041e-13 56.82651792863631 2.3838313264288713 ldlc51p9q
2458321.7564071845 5.0085388596864674e-11 3.939857697576171e-13 56.09842560467974 2.368510620720957 ldlc51p9q
2458321.7566386666 5.050724754317041e-11 3.946332639777434e-13 56.61896569343008 2.3794740110669435 ldlc51p9q
2458321.7568701473 5.043211190940739e-11 3.9461416625239565e-13 56.480491976467675 2.376562475014441 ldlc51p9q
2458321.7528192215 5.0442951482860815e-11 3.949784328884701e-13 56.41708389268398 2.3752280710004245 ldlc51p9q
2458321.7572173695 5.0401303514654385e-11 3.943494551667372e-13 56.546288532989216 2.377946352064933 ldlc51p9q
2458321.7574488516 5.0552650759714884e-11 3.9467105730931133e-13 56.72944359994618 2.3817943572010196 ldlc51p9q
2458321.7531664446 5.0011441231700555e-11 3.939473169229325e-13 55.958131502693064 2.3655471143626174 ldlc51p9q
2458321.7533979253 4.996121379991393e-11 3.9385875873550597e-13 55.91071557165121 2.3645446828438494 ldlc51p9q
2458321.7535136663 4.9990812543924416e-11 3.938504855235035e-13 55.995794264392515 2.3663430491877655 ldlc51p9q
2458321.7604925577 5.127955014444051e-11 3.9870608857798344e-13 57.14696059569459 2.390543047001969 ldlc51pbq
2458321.7606082987 5.080878460370984e-11 3.9771779375999673e-13 56.599525011007486 2.379065468014857 ldlc51pbq
2458321.7608397794 5.106892084757924e-11 3.9817606042977006e-13 56.93461913349885 2.386097632820142 ldlc51pbq
2458321.7610712615 5.14025305825174e-11 3.991029389591252e-13 57.20795907004375 2.3918185355508004 ldlc51pbq
2458321.7614184837 5.162071479024919e-11 3.9962809905076506e-13 57.37672157820931 2.395343849600915 ldlc51pbq
2458321.7567544063 5.0452966624582817e-11 3.9462584001853326e-13 56.53409866446816 2.377690027410389 ldlc51p9q
2458321.7569858884 5.057335675105483e-11 3.948175218230171e-13 56.66924570998184 2.38053031297612 ldlc51p9q
2458321.7571016285 5.007542812767416e-11 3.9382648048916896e-13 56.133533838577236 2.3692516505972354 ldlc51p9q
2458321.7573331106 5.0186230485886943e-11 3.9396288464488743e-13 56.30901643720784 2.3729520946957154 ldlc51p9q
2458321.7575645926 5.0526613788856387e-11 3.9463904918615473e-13 56.64923225528575 2.380109918791268 ldlc51p9q
2458321.7530507036 4.995646630652176e-11 3.937834276027221e-13 55.9679853103205 2.3657553827545335 ldlc51p9q
2458321.7532821842 5.033336045155019e-11 3.944989756605028e-13 56.38570094154184 2.37456734883519 ldlc51p9q
2458321.7603768175 5.1221990774396043e-11 3.987632126742799e-13 56.94404587788448 2.386295159402635 ldlc51pbq
2458321.7607240393 5.16192997940355e-11 3.991763276215821e-13 57.58085039027014 2.399601016633185 ldlc51pbq
2458321.7609555204 5.1562402613697515e-11 3.9920172815845603e-13 57.44920886579082 2.3968564593189727 ldlc51pbq
2458321.7611870025 5.095510822775387e-11 3.980013494210867e-13 56.81148946362402 2.3835160889665508 ldlc51pbq
