cc_cet/lightcurves/.ipynb_checkpoints/cc_cet_cos_10s-checkpoint.ecsv
# %ECSV 0.9
# ---
# datatype:
# - {name: JD, datatype: float64}
# - {name: FLUX, datatype: float64}
# - {name: FLUX_ERROR, datatype: float64}
# - {name: COUNTS, datatype: float64}
# - {name: COUNTS_ERROR, datatype: float64}
# - {name: ROOTNAME, datatype: string}
# schema: astropy-2.0
JD FLUX FLUX_ERROR COUNTS COUNTS_ERROR ROOTNAME
2458151.4947727364 5.0023295430974884e-11 3.923584314644707e-13 56.244510630600224 2.371592516234613 ldlc01xkq
2458151.4950042185 4.9792917965458276e-11 3.9209399622921335e-13 55.92300956354762 2.3648046338661386 ldlc01xkq
2458151.4952356997 4.9482067845248387e-11 3.9151370541380596e-13 55.56936299117482 2.357315485699248 ldlc01xkq
2458321.7593351505 5.1221826223256124e-11 3.98734640000746e-13 57.01006957138838 2.3876781519163837 ldlc51pbq
2458321.7615342243 5.1350824108032224e-11 3.9907657005773457e-13 57.095574805906544 2.3894680329710742 ldlc51pbq
2458321.7616499644 5.139080752514913e-11 3.9887389753236067e-13 57.23363312056702 2.3923551809998242 ldlc51pbq
2458151.4948884775 5.053084839056976e-11 3.934168813462617e-13 56.79515395266867 2.3831733875794407 ldlc01xkq
2458151.4951199596 4.944095541152808e-11 3.9129893523916393e-13 55.60763718501761 2.358127163344199 ldlc01xkq
2458151.4953514403 5.002870081332546e-11 3.925273058817764e-13 56.18260730123993 2.370287056481555 ldlc01xkq
2458151.4956986625 4.970910164522127e-11 3.9188544527239316e-13 55.86733438683672 2.3636271784449576 ldlc01xkq
2458151.4937310703 5.0032979131164396e-11 3.9246269861545366e-13 56.21958711186143 2.371066998460006 ldlc01xkq
2458151.4961616253 4.9654042645428364e-11 3.9197031043837826e-13 55.72849720474412 2.360688399699209 ldlc01xkq
2458151.4963931073 4.98371156371902e-11 3.9216199475064894e-13 56.010841538856766 2.366660971471342 ldlc01xkq
2458151.4967403295 4.9470155711996685e-11 3.91618997895266e-13 55.5287242673662 2.356453357640804 ldlc01xkq
2458151.4969718116 4.984010689989183e-11 3.9243192332610554e-13 55.85706036660879 2.363409832564145 ldlc01xkq
2458151.4954671813 4.9908552322723323e-11 3.922116204365406e-13 56.10153467295939 2.3685762532154078 ldlc01xkq
2458151.4955829214 5.00276739549878e-11 3.924943556554878e-13 56.23669699715448 2.3714277766180123 ldlc01xkq
2458151.4958144035 5.016968675493603e-11 3.928322630667635e-13 56.37473673291703 2.374336470109429 ldlc01xkq
2458151.4959301446 4.952048552861476e-11 3.915340881404715e-13 55.64726076736547 2.3589671631323204 ldlc01xkq
2458151.4960458856 5.036670378084972e-11 3.9321013414820426e-13 56.58460962333767 2.3787519757918787 ldlc01xkq
2458151.4962773663 5.027500765487954e-11 3.929938416138487e-13 56.48325004557671 2.3766205007442123 ldlc01xkq
2458321.7619971875 5.077895053910065e-11 3.9762848265644627e-13 56.60938507336472 2.3792726845270322 ldlc51pbq
2458321.7621129286 5.191421705450937e-11 3.9982557782499965e-13 57.85045773331245 2.4052122096254305 ldlc51pbq
2458151.4965088475 4.979166467834697e-11 3.920585459781671e-13 55.9626109027686 2.3656417924691935 ldlc01xkq
2458151.4966245885 4.9461333649975814e-11 3.9152323413074244e-13 55.52215969974081 2.3563140643755625 ldlc01xkq
2458151.4968560706 4.913517524001412e-11 3.9105647421489795e-13 55.11573491410493 2.3476740598751125 ldlc01xkq
2458151.4938468104 4.984265893933574e-11 3.9188311163437005e-13 56.10461286225654 2.368641232062309 ldlc01xkq
2458151.4970875513 4.9435079176320316e-11 3.915896526567375e-13 55.46748755411697 2.3551536585564214 ldlc01xkq
2458321.7622286687 5.095493590316797e-11 3.981291482328825e-13 56.72650275846275 2.3817326205614 ldlc51pbq
2458321.7623444092 5.138628633713433e-11 3.989409992590781e-13 57.200850177156475 2.391669922400591 ldlc51pbq
2458151.4973190334 4.935652979196136e-11 3.913077426945616e-13 55.44312046874745 2.3546362875983085 ldlc01xkq
2458151.4974347735 4.9713079038673165e-11 3.9216290785244376e-13 55.81000638711629 2.3624141547814235 ldlc01xkq
2458151.4976662556 4.942556266469207e-11 3.916077256392474e-13 55.45794307127274 2.354951020112154 ldlc01xkq
2458151.4978977363 4.962096352895472e-11 3.920345292471593e-13 55.65410389039567 2.3591122035714127 ldlc01xkq
2458321.7624601503 5.123115054305626e-11 3.9854951929141645e-13 57.039065332001684 2.3882852704817674 ldlc51pbq
2458151.4981292184 4.9570409436700466e-11 3.919389251327245e-13 55.607225646980964 2.3581184373771595 ldlc01xkq
2458151.4939625515 5.025681749750021e-11 3.929149918495587e-13 56.506889986315755 2.377117792334148 ldlc01xkq
2458151.4983606995 4.9012399612284843e-11 3.909217302160924e-13 54.94556518195955 2.3440470383923513 ldlc01xkq
2458151.4985921816 4.912951353122468e-11 3.913402057134551e-13 55.06023451242253 2.346491732617495 ldlc01xkq
2458151.4988236623 4.96280802038203e-11 3.9228568269606546e-13 55.591684948198235 2.3577888995454668 ldlc01xkq
2458151.4989394033 4.928128606993552e-11 3.913463020685432e-13 55.32968611551972 2.352226309595225 ldlc01xkq
2458321.7594508915 5.1389521414631266e-11 3.9886884826346616e-13 57.23281851790344 2.392338155819604 ldlc51pbq
2458151.4991708845 4.925680266481397e-11 3.9151651341688577e-13 55.218050494441236 2.3498521335275813 ldlc01xkq
2458151.4992866265 4.96674979265023e-11 3.9248884238677264e-13 55.5910314663679 2.357775041567111 ldlc01xkq
2458151.4994023666 4.896799109092656e-11 3.90899735826217e-13 54.89865000221482 2.3430460943441727 ldlc01xkq
2458151.4996338487 4.921534149951543e-11 3.9141204028587404e-13 55.20305187612266 2.349532972233475 ldlc01xkq
2458151.4997495883 4.9109919923382685e-11 3.913380656388055e-13 54.98770688409954 2.344945775153437 ldlc01xkq
2458151.4998653294 4.896081977609212e-11 3.9097637249484236e-13 54.85287126147119 2.3420689840709477 ldlc01xkq
2458321.7626916314 5.1305850313175715e-11 3.986958920434306e-13 57.14849173793655 2.3905750717753365 ldlc51pbq
2458321.7628073725 5.084170733971089e-11 3.9769121682322816e-13 56.68461408566924 2.380853084204677 ldlc51pbq
2458151.4941940336 5.0332683400202485e-11 3.929584122286803e-13 56.5863193169357 2.378787912297683 ldlc01xkq
2458151.4975505145 4.9410415035910884e-11 3.9137586062119084e-13 55.52576807926933 2.3563906314376086 ldlc01xkq
2458151.4977819966 4.9169175005800706e-11 3.909962683583529e-13 55.200963312078386 2.3494885254471534 ldlc01xkq
2458151.4980134773 4.947396784061191e-11 3.9178518204617006e-13 55.46568337230151 2.3551153553977247 ldlc01xkq
2458151.4982449585 4.8982143720760044e-11 3.907589938835508e-13 54.95013624336032 2.3441445399838363 ldlc01xkq
2458151.4984764406 4.8843793711013786e-11 3.9056248250961454e-13 54.785220076637316 2.340624277337935 ldlc01xkq
2458151.4987079226 4.9042519758294594e-11 3.907812849681037e-13 55.056246654118794 2.346406756172484 ldlc01xkq
2458151.4990551444 4.8801361714772925e-11 3.90332643390166e-13 54.8066615266618 2.3410822609780673 ldlc01xkq
2458151.4940782925 5.0075419784386716e-11 3.9248680370209156e-13 56.32667620958366 2.3733241710643673 ldlc01xkq
2458151.4995181076 4.902392723411667e-11 3.9099299702309325e-13 55.00474555768439 2.34530905335916 ldlc01xkq
2458151.4944255142 5.0573336674887795e-11 3.935331973633127e-13 56.8070589116966 2.38342314563941 ldlc01xkq
2458151.4946569963 4.9836095818907456e-11 3.9200756395906655e-13 56.028305824666035 2.3670299073874426 ldlc01xkq
2458151.5030712564 4.86052403606452e-11 3.927009783172634e-13 54.01408118553616 2.324092966848275 ldlc01xsq
2458151.5033027385 4.920394385157531e-11 3.9385291393914815e-13 54.70870270855666 2.338989155779835 ldlc01xsq
2458321.7629231135 5.093602180170244e-11 3.9800404120657576e-13 56.73834888773696 2.3819812947992887 ldlc51pbq
2458321.7630388546 5.148196179048867e-11 3.9911706631978753e-13 57.282039764696414 2.3933666615187987 ldlc51pbq
2458321.7631545947 5.0964608832016784e-11 3.9804109260436234e-13 56.795462394546256 2.3831798588135613 ldlc51pbq
2458151.5035342197 4.8972635183688796e-11 3.9341790240662525e-13 54.44237470733046 2.333288981402228 ldlc01xsq
2458151.5036499603 4.8815359423562765e-11 3.9317668134342784e-13 54.20021392084607 2.328093939703595 ldlc01xsq
2458151.5038814414 4.9264842976790854e-11 3.942159952346499e-13 54.6838694877796 2.338458241828996 ldlc01xsq
2458151.5041129235 4.8742631164772457e-11 3.9306301163956017e-13 54.13555361231218 2.3267048289869554 ldlc01xsq
2458321.7632703353 5.1544270442884236e-11 3.991731806136867e-13 57.42764376375551 2.396406554901641 ldlc51pbq
2458151.5042286646 4.8721392647203614e-11 3.932630898975077e-13 53.98059935929133 2.3233725349003187 ldlc01xsq
2458151.5043444056 4.914362543342878e-11 3.9394465015672835e-13 54.543750627583506 2.335460353497432 ldlc01xsq
2458151.5070064426 4.923536939243988e-11 3.9430200850277045e-13 54.572082560060295 2.3360668346616347 ldlc01xsq
2458151.5118673644 4.782937544376753e-11 3.891221620629992e-13 53.36531978188448 2.3100934998801343 ldlc01xvq
2458321.7635018164 5.0961340232321374e-11 3.978636354270475e-13 56.865044025874816 2.3846392604726363 ldlc51pbq
2458321.7636175575 5.1278999583831295e-11 3.987446678212506e-13 57.11626453419471 2.389900929624379 ldlc51pbq
2458321.7637332985 5.1337179130404346e-11 3.987001190250885e-13 57.22211879383276 2.3921145205410372 ldlc51pbq
2458151.4943097746 4.9938524253114494e-11 3.9226434050318197e-13 56.155230365579 2.36970948357766 ldlc01xkq
2458151.4945412553 5.0311700132281435e-11 3.927717907813128e-13 56.65597793884605 2.3802516240693135 ldlc01xkq
2458151.5031869975 4.904561471943175e-11 3.9360117618556563e-13 54.49784092522617 2.3344772632267414 ldlc01xsq
2458151.5034184796 4.911766899128326e-11 3.938500246849933e-13 54.542849219079244 2.3354410551131286 ldlc01xsq
2458151.5037657013 4.880184045280763e-11 3.930918736706574e-13 54.221623617479615 2.3285537060046435 ldlc01xsq
2458151.5039971825 4.905041808483904e-11 3.9375347356626194e-13 54.4584178711698 2.3336327446959126 ldlc01xsq
2458151.5020295903 4.921175088110875e-11 3.9390202988863734e-13 54.669702576992606 2.3381553108592383 ldlc01xsq
2458151.5044601453 4.875230225563689e-11 3.932164878265028e-13 54.09754554647442 2.3258879067245357 ldlc01xsq
2458151.5046916273 4.857350826804995e-11 3.928680516959244e-13 53.89387699769094 2.321505481313601 ldlc01xsq
2458151.5045758863 4.899943465937221e-11 3.936380335421626e-13 54.40414646578041 2.332469645371198 ldlc01xsq
2458151.5048073675 4.8630636279710074e-11 3.9292288079412115e-13 53.99893789977115 2.323767154853755 ldlc01xsq
2458151.5049231085 4.894938971377396e-11 3.936989264948798e-13 54.261384891851975 2.329407325734423 ldlc01xsq
2458321.7595666316 5.13181419282651e-11 3.9901887681457603e-13 57.05930026419507 2.388708861795323 ldlc51pbq
2458321.7638490396 5.086610744874164e-11 3.9773484853991453e-13 56.73591677225619 2.381930241889048 ldlc51pbq
2458151.5051545906 4.843446048105363e-11 3.9260851772043174e-13 53.71660652625376 2.3176843298053718 ldlc01xsq
2458151.5021453304 4.8835982648047804e-11 3.9316546544619094e-13 54.24156756137044 2.3289819140854324 ldlc01xsq
2458151.5055018123 4.893528347338493e-11 3.9389940298489384e-13 54.1713216357389 2.3274733432574237 ldlc01xsq
2458151.5057332935 4.8546294212919646e-11 3.9286354793089906e-13 53.835102824129365 2.3202392726641223 ldlc01xsq
2458151.5058490345 4.897238153651464e-11 3.9373101657634935e-13 54.28853636938227 2.3299900508238713 ldlc01xsq
2458151.5060805166 4.843104223137693e-11 3.9257469902450647e-13 53.72729023873427 2.317914800822806 ldlc01xsq
2458151.5063119973 4.860953959182079e-11 3.9290022358976863e-13 53.93879375365285 2.322472685601552 ldlc01xsq
2458321.7639647797 5.16877168558013e-11 3.9943459450808566e-13 57.59357198700487 2.3998660793261957 ldlc51pbq
2458321.7640805203 5.1043307398638e-11 3.9826478869159966e-13 56.817451371457906 2.383641151084993 ldlc51pbq
2458151.5022610715 4.902069821445914e-11 3.9355819470834287e-13 54.46376899868787 2.3337473941857523 ldlc01xsq
2458151.5065434785 4.863611718261801e-11 3.9310104993915215e-13 53.887897166683715 2.3213766856476292 ldlc01xsq
2458151.5067749606 4.862679168077027e-11 3.930221834575858e-13 53.9348235782584 2.322387211002041 ldlc01xsq
2458151.5024925536 4.958971059927151e-11 3.94785716205153e-13 55.01344935949791 2.3454946036923197 ldlc01xsq
2458151.5052703316 4.89787744289818e-11 3.9356842591875286e-13 54.39764399305011 2.332330250908951 ldlc01xsq
2458151.5053860713 4.898004861306543e-11 3.937625763968017e-13 54.30896593248983 2.3304284141009317 ldlc01xsq
2458151.5056175534 4.8660404290755954e-11 3.9318109181768304e-13 53.91558918940772 2.32197306593784 ldlc01xsq
2458151.5059647756 4.883121472367649e-11 3.9324206166464646e-13 54.264105118656204 2.329465713820579 ldlc01xsq
2458151.5061962563 4.8791656407088925e-11 3.9326943549429424e-13 54.1613560263942 2.3272592469768854 ldlc01xsq
2458151.5064277383 4.873269433952223e-11 3.9344810900396686e-13 53.95840771343873 2.3228949118166913 ldlc01xsq
2458151.5066592195 4.8763436857214805e-11 3.9331927695506523e-13 54.07332442583106 2.3253671629622508 ldlc01xsq
2458151.5068907016 4.834307092047446e-11 3.925799253031308e-13 53.575559364284736 2.3146394830358514 ldlc01xsq
2458151.5023768125 4.89950845649121e-11 3.935751396618959e-13 54.35757629530756 2.3314711298943327 ldlc01xsq
2458151.5026082946 4.879441405600208e-11 3.9302037941196236e-13 54.26529874087437 2.329491333765257 ldlc01xsq
2458151.4972032923 4.95504615828423e-11 3.916529525397003e-13 55.65894301857051 2.359214763826526 ldlc01xkq
2458151.4999520895 4.952002770623897e-11 6.800941939517233e-13 55.48630068215708 2.355553028105228 ldlc01xkq
2458151.5050388495 4.8837182330810256e-11 3.9335735610767494e-13 54.21574048445189 2.328427376674048 ldlc01xsq
2458151.5028397753 4.851182158262443e-11 3.924580528339339e-13 53.93545029542445 2.3224007039144743 ldlc01xsq
2458151.5129090315 4.770261067972292e-11 3.890073191058962e-13 53.18572728390456 2.3062030978191093 ldlc01xvq
2458151.5173419975 4.818707335019519e-11 3.924642675612696e-13 53.40500686456721 2.310952333229035 ldlc01xxq
2458151.5200040345 4.852149008867764e-11 3.9319028065826226e-13 53.702137312339076 2.317372160710037 ldlc01xxq
2458321.7383862603 4.8412247801918125e-11 3.917187964869059e-13 53.88765094981748 2.3213713823905358 ldlc51p5q
2458321.7409325563 4.888475030504767e-11 3.926663690854976e-13 54.45007355515208 2.333453954016494 ldlc51p5q
2458321.7376918155 4.857216036730539e-11 3.9209816372267727e-13 54.083058010057336 2.3255764448853826 ldlc51p5q
2458321.7486523725 5.031818612264524e-11 3.976538165866885e-13 55.826186759059084 2.3627565841419016 ldlc51p7q
2458321.7539766296 5.0310611126033486e-11 3.9445023043176594e-13 56.35436511734752 2.3739074353762724 ldlc51p9q
2458321.7565229256 5.036256023171326e-11 3.942905565312741e-13 56.487799070415726 2.3767162024611967 ldlc51p9q
2458321.7617657054 5.116320657958892e-11 3.9850777633493664e-13 56.938790819355745 2.3861850477143585 ldlc51pbq
2458151.5027240342 4.8853749467191665e-11 3.9302795727166345e-13 54.377133450111494 2.3318905087956314 ldlc01xsq
2458321.7641962613 5.146055117112447e-11 3.992095080778842e-13 57.2271934029553 2.392220587716678 ldlc51pbq
2458151.5029555163 4.921320756809358e-11 3.9377623457801817e-13 54.73117337763775 2.3394694564716536 ldlc01xsq
2458151.5105942176 4.81007217440223e-11 3.896482290734138e-13 53.70730139116478 2.31748357903923 ldlc01xvq
2458151.5108256983 4.793147255173056e-11 3.892390922351024e-13 53.516672342961925 2.3133670772914945 ldlc01xvq
2458151.5110571794 4.7991993836099766e-11 3.8934011201755776e-13 53.63305982388091 2.3158812539480715 ldlc01xvq
2458321.7643120014 5.1009406556072263e-11 3.981121169511335e-13 56.80627340854683 2.383406667116353 ldlc51pbq
2458321.7643700577 6.775589843707717e-11 8.596306242393069e-11 75.49064082678342 2.747556019934506 ldlc51pbq
2458321.7596823727 5.127161018351835e-11 3.988172569694027e-13 57.02536356649864 2.38799839963302 ldlc51pbq
2458151.5112886615 4.805495531675604e-11 3.8953502981266835e-13 53.65255364112768 2.3163020882675833 ldlc01xvq
2458151.5114044026 4.801850682272398e-11 3.895126400739749e-13 53.614243313748226 2.3154749688508454 ldlc01xvq
2458151.5116358832 4.80199724445126e-11 3.896208968802273e-13 53.60493832995178 2.315274029784634 ldlc01xvq
2458151.5095525505 4.778533782364422e-11 3.8919628848007834e-13 53.270075626757716 2.308031100890058 ldlc01xvq
2458321.7625758904 5.127815272947153e-11 3.985867297603421e-13 57.10384211058832 2.389641021379327 ldlc51pbq
