cc_cet/lightcurves/.ipynb_checkpoints/cc_cet_cos_10s-checkpoint.ecsv
# %ECSV 0.9
# ---
# datatype:
# - {name: JD, datatype: float64}
# - {name: FLUX, datatype: float64}
# - {name: FLUX_ERROR, datatype: float64}
# - {name: COUNTS, datatype: float64}
# - {name: COUNTS_ERROR, datatype: float64}
# - {name: ROOTNAME, datatype: string}
# schema: astropy-2.0
JD FLUX FLUX_ERROR COUNTS COUNTS_ERROR ROOTNAME
[from data line 145]
2458151.5120988465 4.7896811881712e-11 3.8920257974356963e-13 53.4712949012617 2.3123861031683637 ldlc01xvq
2458151.5122145875 4.827801656152179e-11 3.899442688818867e-13 53.925371764922346 2.3221837086010733 ldlc01xvq
2458151.5124460687 4.7871373558775144e-11 3.893290306011747e-13 53.3900082018678 2.310627797847758 ldlc01xvq
2458151.5126775503 4.793714260250252e-11 3.8929169942619815e-13 53.5503207923621 2.3140942243642995 ldlc01xvq
2458151.5096682915 4.7958064064677706e-11 3.8934382567675887e-13 53.57457295889814 2.3146181749674857 ldlc01xvq
2458151.5107099577 4.806933761850316e-11 3.896507574761559e-13 53.65032299520109 2.3162539367522097 ldlc01xvq
2458151.5109414393 4.791291816051698e-11 3.894771191245137e-13 53.40162517551554 2.3108791655020724 ldlc01xvq
2458151.5111729205 4.796717225172056e-11 3.8932432230923556e-13 53.59386253079701 2.315034827617006 ldlc01xvq
2458151.5115201427 4.7819138674476715e-11 3.891241535088073e-13 53.35552041616076 2.309881391244164 ldlc01xvq
2458151.5117516243 4.798140612613993e-11 3.8964806961148034e-13 53.47225036477461 2.3124067627641685 ldlc01xvq
2458151.5119831054 4.738932825683987e-11 3.883640141168599e-13 52.848284049956455 2.2988754653081243 ldlc01xvq
2458151.5123303286 4.8181725197289803e-11 3.8998531393917613e-13 53.74084332619095 2.3182071375567572 ldlc01xvq
2458151.5125618093 4.795423844307457e-11 3.8924955302830653e-13 53.58272374250134 2.314794240154 ldlc01xvq
2458151.5127932904 4.8234906218357936e-11 3.9009764761551504e-13 53.79812220907087 2.3194422219376554 ldlc01xvq
2458321.7599138534 5.093152966546836e-11 3.9788574745247506e-13 56.79187100639046 2.3831045089628455 ldlc51pbq
2458321.7600295944 5.122422445361777e-11 3.986163013464498e-13 57.045151769850406 2.3884126898392246 ldlc51pbq
2458151.5130247725 4.7969363351643136e-11 3.89470217269532e-13 53.544032235572715 2.3139583452511134 ldlc01xvq
2458151.5131405136 4.773961986268901e-11 3.8906334562032223e-13 53.22410528020471 2.3070350079746236 ldlc01xvq
2458151.5133719943 4.791630512651321e-11 3.89510618486021e-13 53.404391116394706 2.3109390108004737 ldlc01xvq
2458151.5136034763 4.8103481414591e-11 3.897589313785588e-13 53.62657987378946 2.31574134725339 ldlc01xvq
2458321.7601453355 5.1336827848546666e-11 3.9895224650919373e-13 57.11172178730769 2.3898058872491648 ldlc51pbq
2458321.7602610765 5.133808111562351e-11 3.9879618896151323e-13 57.19320451766953 2.391510077705497 ldlc51pbq
2458151.5138349575 4.772214699466504e-11 3.889145991010954e-13 53.26360823115999 2.3078909903017513 ldlc01xvq
2458151.5139506985 4.812682496678518e-11 3.8962402658321517e-13 53.75457657044697 2.318503322629643 ldlc01xvq
2458151.5140664396 4.7530425730314883e-11 3.884298597859587e-13 53.08594824311117 2.304038807032364 ldlc01xvq
2458151.5142979203 4.797860303393394e-11 3.8942162415185063e-13 53.583944836899654 2.314820615877171 ldlc01xvq
2458151.5145294014 4.786611594787005e-11 3.89268596105457e-13 53.40578656700343 2.3109692028887667 ldlc01xvq
2458151.5145874578 6.71219431159748e-11 8.470008823647326e-11 76.25596644339359 2.7614482874642716 ldlc01xvq
2458151.5100155133 4.814985969257206e-11 3.897666882748019e-13 53.741208941498705 2.31821502327758 ldlc01xvq
2458151.5102469944 4.800037118092667e-11 3.894233790893547e-13 53.57092998918675 2.314539478798898 ldlc01xvq
2458151.5104784765 4.830330538262635e-11 3.9007830028530215e-13 53.90054615996792 2.321649115606575 ldlc01xvq
2458151.5132562546 4.7867090118366876e-11 3.8920851576163744e-13 53.438530377083254 2.311677537570568 ldlc01xvq
2458151.5134877353 4.7632136365958054e-11 3.8872269987276376e-13 53.15643403555705 2.3055679134555342 ldlc01xvq
2458151.5137192165 4.7961909476065654e-11 3.892128076436774e-13 53.667966828958726 2.3166347754654533 ldlc01xvq
2458151.5097840317 4.788643909153861e-11 3.893391345330527e-13 53.37663136603066 2.310338316481607 ldlc01xvq
2458151.5141821797 4.7861750409404455e-11 3.893401969341886e-13 53.35974489118207 2.3099728329827185 ldlc01xvq
2458151.5144136613 4.794750228762548e-11 3.8957175911972626e-13 53.43544753841868 2.311610856922477 ldlc01xvq
2458151.5098997727 4.779075126605214e-11 3.8921916048026703e-13 53.29214557630048 2.308509163427784 ldlc01xvq
2458151.5101312534 4.77852986912308e-11 3.8897769196359175e-13 53.36159819782529 2.3100129479685885 ldlc01xvq
2458151.5103627355 4.798922858197537e-11 3.895897574359148e-13 53.51659901219299 2.3133654923550884 ldlc01xvq
2458151.5174577376 4.8906255271982296e-11 3.9436841409874364e-13 53.988130477166955 2.3235346022206547 ldlc01xxq
2458151.5175734786 4.85010719105486e-11 3.931472233915518e-13 53.686228875128876 2.317028892248193 ldlc01xxq
2458151.5178049593 4.865887347648835e-11 3.933889336657651e-13 53.86070480600552 2.320790917036809 ldlc01xxq
2458151.5180364414 4.827511896236886e-11 3.926876477356459e-13 53.42933153534951 2.311478564368476 ldlc01xxq
2458151.5182679235 4.87059007870667e-11 3.9369093982808257e-13 53.87392019461085 2.321075616920113 ldlc01xxq
2458151.5183836636 4.817028503422451e-11 3.9247315575835775e-13 53.338246240930914 2.309507441878699 ldlc01xxq
2458151.5163003304 4.830472959371628e-11 3.9302914018188504e-13 53.41240178563767 2.311112324956052 ldlc01xxq
2458151.5186151457 4.872278516479211e-11 3.9382140000457467e-13 53.86921244592537 2.320974201621495 ldlc01xxq
2458151.5188466264 4.842055146846032e-11 3.9298972708424187e-13 53.58788967848642 2.314905822673709 ldlc01xxq
2458151.5190781085 4.840075351901542e-11 3.9317661609251983e-13 53.50534846865765 2.3131223155868272 ldlc01xxq
2458151.5193095896 4.840222758090557e-11 3.93145607995515e-13 53.52053630041386 2.3134505894964312 ldlc01xxq
2458151.5194253307 4.849771322450967e-11 3.932470695269093e-13 53.63552791674866 2.3159345395919257 ldlc01xxq
2458151.5164160714 4.8538415641568615e-11 3.9331358562097287e-13 53.70253424507426 2.317380724979697 ldlc01xxq
2458151.5196568114 4.829570573576896e-11 3.928250325107743e-13 53.4185042781471 2.311244346194212 ldlc01xxq
2458151.5198882935 4.8608498738139233e-11 3.934173068148608e-13 53.780045991927686 2.3190525218702502 ldlc01xxq
2458151.5176892197 4.83756550242146e-11 3.9304408611610184e-13 53.51100695545202 2.3132446250980894 ldlc01xxq
2458151.5179207004 4.8630819064256584e-11 3.9353102375305433e-13 53.76412394205106 2.318709208634215 ldlc01xxq
2458151.5181521825 4.864892490838044e-11 3.935531817700984e-13 53.819407537562086 2.3199010224050958 ldlc01xxq
2458151.5184994047 4.843164546259288e-11 3.931768622223421e-13 53.55694195899419 2.314237281676064 ldlc01xxq
2458151.5187308853 4.852994554962577e-11 3.932561404017925e-13 53.70273266398827 2.3173850060787973 ldlc01xxq
2458151.5189623674 4.830811399780493e-11 3.9294750488647246e-13 53.39951455550437 2.310833498015475 ldlc01xxq
2458151.5191938486 4.8165594433837015e-11 3.92474936732548e-13 53.32064168929899 2.3091262782554574 ldlc01xxq
2458151.5195410703 4.84136115509075e-11 3.931480694607028e-13 53.53230012384226 2.313704823953182 ldlc01xxq
2458151.5197725524 4.859429761648314e-11 3.931464512973673e-13 53.891167048634145 2.3214471143800397 ldlc01xxq
2458151.5201197746 4.862918150753525e-11 3.9354500266068815e-13 53.76049186147473 2.3186308861367895 ldlc01xxq
2458151.5202355157 4.818560480533119e-11 3.927042502774031e-13 53.28969941144619 2.308456181335184 ldlc01xxq
2458151.5204669964 4.840390093897831e-11 3.9304643860172545e-13 53.53762312482378 2.3138198530746465 ldlc01xxq
2458151.5206984784 4.857015375161307e-11 3.933873539618988e-13 53.72401675713193 2.3178441871086144 ldlc01xxq
2458151.5208142195 4.8357633964704745e-11 3.9305842450077317e-13 53.470661669011164 2.3123724109453296 ldlc01xxq
2458151.5209299605 4.8177238881995575e-11 3.9262858964811657e-13 53.28663934299838 2.308389900839942 ldlc01xxq
2458151.5211614417 4.8180919715037827e-11 3.9252294541001513e-13 53.30697574533945 2.3088303477159045 ldlc01xxq
2458151.5212771823 4.8348700045509195e-11 3.932121034437976e-13 53.392409373938214 2.3106797565638173 ldlc01xxq
2458151.5166475526 4.850074038574452e-11 3.934164337828373e-13 53.594197621673786 2.3150420648807613 ldlc01xxq
2458151.5168790333 4.845682709310759e-11 3.9318275437022345e-13 53.622417092890835 2.3156514654172557 ldlc01xxq
2458151.5171105154 4.852639242950247e-11 3.933660315527956e-13 53.67488212657763 2.316784023740185 ldlc01xxq
2458151.5172262555 4.897970810276969e-11 3.9448068717052155e-13 54.09104599038941 2.3257481804870754 ldlc01xxq
2458321.7379232976 4.911762227826171e-11 3.932217979614506e-13 54.686680248053605 2.338518339634171 ldlc51p5q
2458321.7381547797 4.893284654502281e-11 3.9277734141295284e-13 54.47772897524463 2.334046464302813 ldlc51p5q
2458321.7382705193 4.860636420418338e-11 3.9225845375035925e-13 54.06937878256508 2.3252823222689556 ldlc51p5q
2458151.5203512567 4.8332276101664916e-11 3.930238143421782e-13 53.40201901880585 2.3108876869896955 ldlc01xxq
2458151.5205827374 4.8313378857704357e-11 3.9307272260687825e-13 53.34037278515033 2.3095534803322986 ldlc01xxq
2458151.5165318116 4.818799002856673e-11 3.929214379304399e-13 53.174338717632 2.305956172992713 ldlc01xxq
2458151.5210457006 4.8004576764110644e-11 3.922036984242628e-13 53.1365264954659 2.305136145555527 ldlc01xxq
2458151.5213352377 5.05468214386015e-11 8.533235035906028e-11 55.373285479113704 2.353152895141191 ldlc01xxq
2458151.5167632937 4.844476144145058e-11 3.933860959816801e-13 53.51200290753049 2.3132661521651694 ldlc01xxq
2458151.5169947743 4.8444146974806e-11 3.932632044033912e-13 53.536505543492694 2.313795702811566 ldlc01xxq
2458321.7378075575 4.8545133473165894e-11 3.921513561238516e-13 53.97793066747768 2.3233151027675447 ldlc51p5q
2458321.7380390386 4.8972073204144325e-11 3.928822171090764e-13 54.50665582375099 2.3346660537162696 ldlc51p5q
2458321.7385020014 4.91779623988369e-11 3.934149780326047e-13 54.65602117382312 2.3378627242381684 ldlc51p5q
2458321.7386177415 4.8427791415562226e-11 3.917353752871797e-13 53.94973159008265 2.3227081519227215 ldlc51p5q
2458321.7388492236 4.8797066964196536e-11 3.9257290747507804e-13 54.3083788644914 2.3304158183571317 ldlc51p5q
2458321.7389649646 4.876401762397636e-11 3.922853036527591e-13 54.360527120759556 2.3315344115144336 ldlc51p5q
2458321.7391964453 4.849082738241383e-11 3.919527740610371e-13 53.98187125537258 2.323399906502808 ldlc51p5q
2458321.7394279274 4.849405101556914e-11 3.9211953428689646e-13 53.86966409297905 2.3209839312881737 ldlc51p5q
2458321.7395436685 4.8921357695466045e-11 3.927557831356695e-13 54.482173416924624 2.334141671298566 ldlc51p5q
2458321.7396594086 4.8683231581111975e-11 3.925043954061187e-13 54.147939309433994 2.3269709776753555 ldlc51p5q
2458321.7398908907 4.8922518857606594e-11 3.9288444824376917e-13 54.40987687369849 2.3325924820615045 ldlc51p5q
2458321.7368816305 4.882679026148231e-11 3.928111025383169e-13 54.264472210361454 2.329473593118442 ldlc51p5q
2458321.7402381124 4.8862551427310265e-11 3.9271634174753435e-13 54.37548093656413 2.331855075611778 ldlc51p5q
2458321.7403538525 4.872446655331259e-11 3.923429694538251e-13 54.252107708113456 2.329208185373593 ldlc51p5q
2458321.7405853346 4.865926225352523e-11 3.922050571729794e-13 54.20725168500364 2.328245083426649 ldlc51p5q
2458321.7408168167 4.839212069195532e-11 3.917040241233517e-13 53.91264558274173 2.321909679180948 ldlc51p5q
2458321.7410482974 4.871870215950217e-11 3.924443827258156e-13 54.21896654856846 2.3284966512444987 ldlc51p5q
2458321.7387334835 4.877830353634411e-11 3.9259636885790985e-13 54.280414780602094 2.329815760539921 ldlc51p5q
2458321.7367658904 4.894673858235736e-11 3.928366652037792e-13 54.47637676724668 2.334017497090514 ldlc51p5q
2458321.7390807057 4.868569575603395e-11 3.921908423543912e-13 54.252478624990516 2.329216147655484 ldlc51p5q
2458321.7393121864 4.897439142772552e-11 3.9290674859727125e-13 54.51656794182803 2.3348783253486256 ldlc51p5q
2458321.7397751496 4.895613726672319e-11 3.9285644476792725e-13 54.502172232597644 2.3345700296328156 ldlc51p5q
2458321.7400066303 4.8978625162226645e-11 3.929256828811411e-13 54.50964852541479 2.3347301455503326 ldlc51p5q
2458321.7401223714 4.90047721849522e-11 3.9295694973810896e-13 54.52682287781327 2.335097918242686 ldlc51p5q
2458321.7404695945 4.889932935832269e-11 3.9268419332077843e-13 54.48237246142119 2.334145935056786 ldlc51p5q
2458321.7407010756 4.9191910349788965e-11 3.933024944453093e-13 54.798528446027376 2.3409085510977863 ldlc51p5q
2458321.7369973715 4.8860304207972465e-11 3.927177416244712e-13 54.345505051277826 2.3312122393998758 ldlc51p5q
2458321.7413955205 4.902219882454443e-11 3.9283731245197676e-13 54.646031777318015 2.3376490706972683 ldlc51p5q
2458321.7416270017 4.9553024480343885e-11 3.938780262578802e-13 55.221728706929945 2.3499303969890244 ldlc51p5q
2458321.7418584824 4.906687449949352e-11 3.9297903327379653e-13 54.682575744772535 2.3384305793581417 ldlc51p5q
2458321.7420899644 4.934224096817606e-11 3.9333019510015264e-13 55.06782300277865 2.3466534256847273 ldlc51p5q
2458321.7422057055 4.8914905762318237e-11 3.9274420533413613e-13 54.44618796143111 2.3333706941125127 ldlc51p5q
2458321.7423214456 4.890973069082561e-11 3.9262167144521934e-13 54.501690640822964 2.3345597152530275 ldlc51p5q
2458321.7424371867 4.9060942907494077e-11 3.9289140908121443e-13 54.68377847091723 2.3384562957412145 ldlc51p5q
2458321.7426686673 4.8814422043467977e-11 3.9239498340261683e-13 54.40507061248386 2.3324894557636027 ldlc51p5q
2458321.7429001494 4.880890834319079e-11 3.9246071526986763e-13 54.350170465793596 2.331312301382927 ldlc51p5q
2458321.742987094 4.927679959796609e-11 6.787624658318045e-13 54.930910542340584 2.3437344248515144 ldlc51p5q
2458321.7373445933 4.853036409309536e-11 3.9213391484918537e-13 53.98615181841409 2.3234920231929803 ldlc51p5q
2458321.7375760754 4.86686421105435e-11 3.923868485681829e-13 54.14765878412965 2.3269649499751743 ldlc51p5q
2458321.7461060775 4.972027995569066e-11 3.966705581452791e-13 55.079938504508064 2.3469115557367743 ldlc51p7q
2458321.7462218176 5.0005639165501205e-11 3.9729751768087766e-13 55.36464127659595 2.352969215195897 ldlc51p7q
2458321.7411640384 4.943724056812276e-11 3.938124287541736e-13 55.00647670660862 2.3453459596956825 ldlc51p5q
2458321.7412797795 4.899315963422105e-11 3.9287874277103964e-13 54.56822998569287 2.33598437464151 ldlc51p5q
2458321.7415112606 4.870516113627852e-11 3.923348330948052e-13 54.206719245933364 2.3282336490552953 ldlc51p5q
2458321.7417427422 4.8420484526774794e-11 3.9171896561074646e-13 53.94188127471057 2.322539155207304 ldlc51p5q
2458321.7419742234 4.872790200104156e-11 3.9225921763084926e-13 54.28117278384455 2.3298320279334424 ldlc51p5q
2458321.7371131126 4.8559221176235115e-11 3.9234222262192106e-13 53.9495240231206 2.3227036837082897 ldlc51p5q
2458321.7425529277 4.8895997763413476e-11 3.9248967063300037e-13 54.5240015901541 2.3350375069825775 ldlc51p5q
2458321.7427844084 4.8584949978515615e-11 3.917834933860901e-13 54.2404072741695 2.3289570042010115 ldlc51p5q
2458321.7372288536 4.9004896615974404e-11 3.929891761745977e-13 54.52402875716723 2.3350380887079174 ldlc51p5q
2458321.7374603343 4.8880891831953504e-11 3.926584105919844e-13 54.468126125905684 2.3338407427651457 ldlc51p5q
2458321.7464532997 5.020462581799665e-11 3.9772552435616854e-13 55.57849487729456 2.3575091702323148 ldlc51p7q
2458321.7465690393 5.022370442505866e-11 3.9760491721518046e-13 55.65684910009443 2.359170385963982 ldlc51p7q
2458321.7468005214 4.9606287573931273e-11 3.961029372129113e-13 55.06729988025417 2.346642279518848 ldlc51p7q
2458321.7470320035 5.0038317619459386e-11 3.9731582157483833e-13 55.40078406688281 2.3537371150339372 ldlc51p7q
2458321.7450644104 5.002196077407641e-11 3.975290876142635e-13 55.306083573025035 2.351724549623638 ldlc51p7q
2458321.7472634846 5.032907111177018e-11 3.9786227986590604e-13 55.764230049840265 2.3614451094581947 ldlc51p7q
2458321.7474949653 4.983079056678187e-11 3.9670552404195595e-13 55.27096848338485 2.3509778493934146 ldlc51p7q
