MASKS:


      'HST/x1dsum/ldlc01010_x1dsum': [[1133.9113273218029, 1135.390438838936], [1140.5266196576042, 1142.6163735441958], [1143.6816052331403, 1146.3887864044066], [1152.5969838272354, 1153.207626196694], [1158.0770851077075, 1159.1243996002502], [1160.7278742026263, 1162.6997145920343], [1174.0503159556033, 1178.0031516303793], [1190.0671105426288, 1190.8649122213835], [1192.9151767506567, 1193.8588131448828], [1199.1260199271994, 1201.0561852790256], [1214.5365715759638, 1216.6654768506767], [1250.2778732910845, 1251.1967856777944], [1253.5140430008016, 1254.3730263188129], [1258.9609294669508, 1261.5245618501631], [1263.848477958581, 1266.2056879940542], [1267.7838201364466, 1268.7027325231566], [1270.6271215069182, 1272.0787367265034], [1292.1380925317244, 1307.2786692643053], [1333.5858466367165, 1337.0918305994446], [1392.0760789411752, 1395.7169834935921], [1401.252949022062, 1405.6100970929872], [1286.24, 1287.32]]


      'HST/x1dsum/ldlc51010_x1dsum': [[1133.9532615645485, 1135.3508006107095], [1138.792266340923, 1146.3286197013863], [1152.5364909967473, 1153.3543310435257], [1154.5810911136934, 1157.1163952587067], [1160.4111223043003, 1162.1052195440557], [1173.3329950434006, 1178.3919199041877], [1189.8271170864034, 1191.025210844585], [1192.9446059469778, 1193.7759363097978], [1199.2040345611513, 1201.2212332356407], [1214.6954460073218, 1216.9277677562304], [1250.405325736743, 1250.9336840085502], [1253.5836039563837, 1254.2176338825525], [1259.1719012190697, 1261.349614678961], [1263.589906111837, 1265.9929002744755], [1271.124294059276, 1272.3508223297895], [1287.5962712615828, 1288.3787268580013], [1289.2915917204898, 1290.256620289406], [1291.2998944179644, 1292.0562681611689], [1293.2227924618608, 1304.8263380067378], [1319.7666370456, 1320.2927682820591], [1323.4280809564673, 1324.1474848920336], [1333.317200727461, 1336.9249577774654], [1391.1808993657735, 1395.5187977235166], [1400.6619989942074, 1404.3878671381106], [1424.6063389391763, 1425.4009044799511], [1284.94, 1287.27]],


