cc_cet/lightcurves/cc__cos_ldlc51_10s_fppos_norm.ecsv
# %ECSV 0.9
# ---
# datatype:
# - {name: JD, datatype: float64}
# - {name: FLUX, datatype: float64}
# - {name: FLUX_ERROR, datatype: float64}
# schema: astropy-2.0
JD FLUX FLUX_ERROR
2458321.7367658904 0.1722938172238786 0.8039626538703725
2458321.7368816305 -0.07318726669678366 0.8039103384166854
2458321.7369973715 -0.0045990626198588735 0.803719269978549
2458321.7371131126 -0.6207826693749197 0.8029507489095894
2458321.7372288536 0.29131755200277887 0.8042747762756983
2458321.7373445933 -0.6798403368458494 0.8025244351649099
2458321.7374603343 0.037534684758577797 0.8035978456346422
2458321.7375760754 -0.3968464828432716 0.8030420784553423
2458321.7376918155 -0.5943018764316355 0.8024512684442542
2458321.7378075575 -0.6496139576677162 0.8025601297288588
2458321.7379232976 0.5220170529385726 0.8047508500378288
2458321.7380390386 0.2241425665153507 0.8040558784441342
2458321.7381547797 0.14386297002342285 0.8038412443469369
2458321.7382705193 -0.5243017723051135 0.802779311133389
2458321.7383862603 -0.9215720674390693 0.8016748717463952
2458321.7385020014 0.6455065532053661 0.8051462040779089
2458321.7386177415 -0.8897611750684042 0.8017088012072798
2458321.7387334835 -0.17241811674832963 0.8034708736852407
2458321.7388492236 -0.1340176908509294 0.8034228586263736
2458321.7389649646 -0.201655051682037 0.8028342609909292
2458321.7390807057 -0.3619452241240717 0.8026409405530711
2458321.7391964453 -0.7607544715494963 0.8021537202045631
2458321.7393121864 0.22888694337142024 0.8041060835346959
2458321.7394279274 -0.7541571223298127 0.8024950045235112
2458321.7395436685 0.12035038375608487 0.8037971241021818
2458321.7396594086 -0.36698829872822136 0.8032826447673792
2458321.7397751496 0.1915287611457428 0.8040031338771881
2458321.7398908907 0.12272676834228502 0.80406044458861
2458321.7400066303 0.23755152264011148 0.8041448336271835
2458321.7401223714 0.2910628968147755 0.8042088230343154
2458321.7402381124 0.0 0.8037164050505092
2458321.7403538525 -0.2825985749088322 0.8029522773437014
2458321.7404695945 0.07526813467186866 0.8036506114604963
2458321.7405853346 -0.41604289552389373 0.8026700319905277
2458321.7407010756 0.6740518308149923 0.8049159999972589
2458321.7408168167 -0.9627633465984164 0.8016446392613473
2458321.7409325563 0.04543127014238202 0.8036141331457948
2458321.7410482974 -0.2943957358061633 0.8031598253923158
2458321.7411640384 1.1761341232199518 0.8059596096614471
2458321.7412797795 0.26729714903463986 0.8040487680130672
2458321.7413955205 0.32672750924942484 0.8039639785007461
2458321.7415112606 -0.32210821259689437 0.8029356258206388
2458321.7416270017 1.4130925071745182 0.8060938586963223
2458321.7417427422 -0.9047151399637965 0.8016752178679865
2458321.7418584824 0.4181588275987025 0.8042540182503704
2458321.7419742234 -0.2755677350762431 0.8027808744584052
2458321.7420899644 0.9817120204608898 0.8049726909682257
2458321.7422057055 0.10714613436806353 0.803773429470618
2458321.7423214456 0.09655505522574437 0.8035226568741459
2458321.7424371867 0.40601948606582283 0.8040746903396851
2458321.7425529277 0.06844983556162365 0.8032525096788744
2458321.7426686673 -0.09849953069660522 0.8030587268582529
2458321.7427844084 -0.5681272072082022 0.8018072776427193
2458321.7429001494 -0.10978363297151628 0.8031932508757892
2458321.742987094 0.8477825216967494 1.389126122162402
2458321.7450644104 -0.426829949890728 0.7913170701096073
2458321.7451801505 -0.9628820297682528 0.7897941686161427
2458321.7452958915 -0.9474332088709292 0.7901344149824802
2458321.7454116326 -0.4393645101018473 0.7909988688089756
2458321.7455273736 -0.29768671582791617 0.7909204459660244
2458321.7456431133 -1.0939152623016257 0.7897091358971712
2458321.7457588543 -0.6158732194773142 0.7905990553973208
2458321.7458745954 -0.7636172515678941 0.7902902336564858
2458321.7459903355 0.02094243877779345 0.7915580191239203
2458321.7461060775 -1.02735249968946 0.7896080907036557
2458321.7462218176 -0.4593195660713145 0.7908561095235226
2458321.7463375586 -0.9134568115865771 0.7899249479299428
2458321.7464532997 -0.06321890388176765 0.7917080949475608
2458321.7465690393 -0.025241236555118007 0.7914680156869115
2458321.7466847803 0.7427840258233065 0.7932076153988623
2458321.7468005214 -1.2542644926960667 0.7884781906607938
2458321.7469162615 -0.5022364008430036 0.7907034360016137
2458321.7470320035 -0.3942701917045488 0.7908925450553914
2458321.7471477436 0.1993492342869052 0.7926321776164589
2458321.7472634846 0.1845005418795287 0.791980318975081
2458321.7473792257 -0.09905674683070576 0.7913053224247836
2458321.7474949653 -0.8073712814356315 0.789677693436573
2458321.7476107064 0.00010330923112533696 0.7915618506333677
2458321.7477264474 -0.4483640885192264 0.7906758632931067
2458321.7478421885 0.36375278856444204 0.7919446762016209
2458321.7479579286 0.28175193793884556 0.7919582394422352
2458321.7480736696 0.45785368848931807 0.7927053941085017
2458321.7481894107 0.05940090899014816 0.791802974366833
2458321.7483051503 0.03907299374161788 0.7915839913374787
2458321.7484208914 -0.3206739854947682 0.7905429485817161
2458321.7485366324 0.25453543331737105 0.7919522151497277
2458321.7486523725 0.16283300113624222 0.791565354243001
2458321.7487681145 0.813018004928634 0.7927269588073897
2458321.7488838546 -0.36451812803343087 0.7905162084019096
2458321.7489995956 1.2992064085714405 0.7939511511847612
2458321.7491153367 0.6183812977352154 0.7925500793822836
2458321.7492310763 -0.00010330923112533696 0.7908303389325408
2458321.7493468174 0.5083849080375513 0.7920872728726679
2458321.7494625584 0.5488563697261251 0.7926690677702954
2458321.7495782995 0.8558219636495501 0.7927124870881853
2458321.7496940405 0.15925302364832028 0.7910917900691292
2458321.7498097806 0.36731477884792696 0.7915954840283772
2458321.7499255217 0.8054873457399081 0.7926371954282134
2458321.7500412622 0.6859581168258133 0.7924286245252399
2458321.7525877403 -0.1738954638368817 0.7838500677745317
2458321.7527034804 -1.0515740968551568 0.7819245222578949
2458321.7528192215 0.2403833874455863 0.7849023179376265
2458321.7529349625 -0.7053825254120127 0.7823720377076077
2458321.7530507036 -0.726361403550746 0.7825275998754982
2458321.7531664446 -0.617115068540175 0.782853281220623
2458321.7532821842 0.022603763702999657 0.7839495391065612
2458321.7533979253 -0.7169271705455227 0.7826772981268751
2458321.7535136663 -0.6581084583136221 0.7826608575753491
2458321.7536294064 -0.5267354048909434 0.7825215395360223
2458321.7537451475 -0.6630229432424084 0.7825203765868375
2458321.7538608885 -0.39764844451225523 0.7833988916010424
2458321.7539766296 -0.022603763702988555 0.7838526724428698
2458321.7540923697 0.12472627738200348 0.7840412541153243
2458321.7542081103 -0.6258108170866694 0.7825740295452407
2458321.7543238513 0.05657791954878366 0.7840582029745438
2458321.7544395914 -0.3628087491593601 0.7831461813845596
2458321.7545553325 0.4196262601066758 0.7845587697779294
2458321.7546710735 0.41745674614095396 0.7847791669172377
2458321.7547868146 -0.2700605282614843 0.7831255938797426
2458321.7549025556 1.138114460629236 0.7858423891696628
2458321.7550182953 -0.65295755660707 0.7824563501876306
2458321.7551340363 0.7599159966486635 0.7855204749301647
2458321.7552497773 0.2671109870654442 0.7842765973317188
2458321.7553655175 0.6515465055302538 0.7850382389717225
2458321.7554812585 -0.7294238740001568 0.7822241390678976
2458321.7555969995 -0.600097877242034 0.7825530157637378
2458321.7557127406 -0.33917473860500813 0.7828829762963608
2458321.7558284816 0.3037398185313789 0.7842738718880671
2458321.7559442213 -0.527538883858647 0.782172705965746
2458321.7560599623 0.21057578901135798 0.783935300978438
2458321.7561757034 0.625775971727327 0.7850048427441908
2458321.7562914435 0.8000131167215319 0.7852949478740986
2458321.7564071845 -0.4701666442977648 0.7829296948082067
2458321.7565229256 0.08062965378934361 0.7835353679923619
2458321.7566386666 0.36815270994301486 0.7842163972504432
2458321.7567544063 0.2602855068969845 0.784201644336595
2458321.7568701473 0.21884295480263383 0.7841784461937663
2458321.7569858884 0.49952512470003985 0.7845825549892238
2458321.7571016285 -0.4899601183318003 0.7826131546996413
2458321.7572173695 0.15762042101330476 0.7836524115361327
2458321.7573331106 -0.2697733421623605 0.7828842174440468
2458321.7574488516 0.45837811705440323 0.7842915002714699
2458321.7575645926 0.40663737103578956 0.7842278936338246
2458321.7593351505 -0.11066986965846404 0.7775852410227767
2458321.7594508915 0.21635791454297504 0.7778469648707833
2458321.7595666316 0.07715848328708752 0.7781395403718104
2458321.7596823727 -0.013584568166979949 0.7777463550295393
2458321.7599138534 -0.6767865202084611 0.7759297883719901
2458321.7600295944 -0.10599300352567287 0.7773544650083752
2458321.7601453355 0.11359849719170256 0.7780096024710802
2458321.7602610765 0.11604253361154893 0.777705269630005
2458321.7603768175 -0.11034897319008863 0.7776409615120639
2458321.7604925577 0.0018994049018283832 0.7775295619753022
2458321.7606082987 -0.9161556114709479 0.7756022564764764
2458321.7607240393 0.6644561197315824 0.7784465902526907
2458321.7608397794 -0.40885555876529756 0.7764959370427491
2458321.7609555204 0.5534990990760713 0.778496124656291
2458321.7610712615 0.2417275110902617 0.7783034726625441
2458321.7611870025 -0.6308052078305981 0.7761552274876521
2458321.7614184837 0.6672155493408827 0.7793276042414621
2458321.7615342243 0.14089305280260422 0.7782520498201662
2458321.7616499644 0.21886600001306267 0.7778568116123916
2458321.7617657054 -0.22498592143050944 0.7771428268942793
2458321.7618814465 -0.257521681663786 0.7768049573477196
2458321.7619971875 -0.9743359800483686 0.7754280880220372
2458321.7621129286 1.2395837511481211 0.7797127139481578
2458321.7622286687 -0.631141263545898 0.7764044520593435
2458321.7623444092 0.21004908590651628 0.7779876688470239
2458321.7624601503 -0.09248621383376454 0.7772242311757717
2458321.7625758904 -0.0008257389569221729 0.7772967965075623
2458321.7626916314 0.05318820951851766 0.777509677385446
2458321.7628073725 -0.8519519255096419 0.7755504279376195
2458321.7629231135 -0.6680262609135124 0.7761604768250768
2458321.7630388546 0.3966288635159021 0.7783310228827748
2458321.7631545947 -0.6122777740073748 0.776232731947125
2458321.7632703353 0.5181389698129646 0.7784404531714156
2458321.7633860763 0.8089382688533542 0.7790108245598681
2458321.7635018164 -0.6186519753608399 0.775886667000289
2458321.7636175575 0.0008257389569443774 0.7776047965979432
2458321.7637332985 0.11428354323628209 0.7775179205582772
2458321.7638490396 -0.8043684884106672 0.7756355155511154
2458321.7639647797 0.7978784315305631 0.7789502448114962
2458321.7640805203 -0.45880516903332724 0.7766689688788098
2458321.7641962613 0.3548753263295623 0.7785112965272969
2458321.7643120014 -0.5249162920531458 0.7763712388092389
