cc_cet/lightcurves/cc__cos_ldlc01_10s_fppos_norm.ecsv
# %ECSV 0.9
# ---
# datatype:
# - {name: JD, datatype: float64}
# - {name: FLUX, datatype: float64}
# - {name: FLUX_ERROR, datatype: float64}
# schema: astropy-2.0
JD FLUX FLUX_ERROR
2458151.4937310703 0.9331568968673043 0.791727772829098
2458151.4938468104 0.5492177807870036 0.7905585531521379
2458151.4939625515 1.384713317077324 0.7926401986880829
2458151.4940782925 1.0187738076505637 0.7917764008047631
2458151.4941940336 1.5377600713091022 0.7927277920318033
2458151.4943097746 0.7426099977731582 0.7913276185545505
2458151.4944255142 2.0232377532972246 0.7938873247876631
2458151.4945412553 1.4954298421270273 0.7923513145132833
2458151.4946569963 0.5359777843801483 0.7908096148764827
2458151.4947727364 0.9136216533630614 0.7915174313125204
2458151.4948884775 1.937524754754616 0.7936526767014909
2458151.4950042185 0.4488736955903905 0.7909839775075946
2458151.4951199596 -0.26115181747226046 0.7893800751007268
2458151.4952356997 -0.17821436711126237 0.78981333796275
2458151.4953514403 0.924526107072432 0.7918581071698003
2458151.4954671813 0.6821466472950011 0.7912212646485802
2458151.4955829214 0.9224545923334437 0.7917916356060931
2458151.4956986625 0.279788305355666 0.7905632608760595
2458151.4958144035 1.2089416348291637 0.7924733072225184
2458151.4959301446 -0.1007131243276338 0.7898544567005154
2458151.4960458856 1.6063904922272165 0.7932355988512031
2458151.4961616253 0.16871599342889176 0.7907344621369519
2458151.4962773663 1.421408913474509 0.7927992648833917
2458151.4963931073 0.538035096987266 0.7911211531375889
2458151.4965088475 0.44634539871823975 0.790912462562592
2458151.4966245885 -0.22004213393463923 0.7898325605534946
2458151.4967403295 -0.2022451011460813 0.790025747911864
2458151.4968560706 -0.8780121076912395 0.7888909505866846
2458151.4969718116 0.5440694685722836 0.7916656888364545
2458151.4970875513 -0.2730061379722204 0.7899665488072731
2458151.4972032923 -0.04024145470018503 0.7900942457209805
2458151.4973190334 -0.43146636707172004 0.7893978426670991
2458151.4974347735 0.2878120305923382 0.7911229951675524
2458151.4975505145 -0.32276191100234497 0.7895352591770762
2458151.4976662556 -0.29220410655143025 0.7900030080229933
2458151.4977819966 -0.8094232738023344 0.7887694953531508
2458151.4978977363 0.10198441535731462 0.7908640128296146
2458151.4980134773 -0.1945547700422101 0.7903609966071893
2458151.4981292184 0.0 0.7906711475385646
2458151.4982449585 -1.1867275711967107 0.7882908338341148
2458151.4983606995 -1.1256913766834575 0.7886191271332641
2458151.4984764406 -1.4658255478291804 0.787894405044905
2458151.4985921816 -0.8894336570667072 0.7894633313714742
2458151.4987079226 -1.064929026014938 0.7883358023643452
2458151.4988236623 0.11634111514344792 0.7913706728547388
2458151.4989394033 -0.5832579759788903 0.7894756297469715
2458151.4990551444 -1.5514249946020464 0.7874307431101735
2458151.4991708845 -0.6326491458315653 0.7898190026387366
2458151.4992866265 0.19585976978022668 0.7917805135097098
2458151.4994023666 -1.2152781318927164 0.7885747571348612
2458151.4995181076 -1.10243633004814 0.7887628959820807
2458151.4996338487 -0.7162901037532143 0.7896082455919442
2458151.4997495883 -0.9289604797511508 0.7894590141292447
2458151.4998653294 -1.229745058666032 0.7887293587802706
2458151.4999520895 -0.10163670430406446 1.3719761480287505
2458151.5020295903 0.7743688882713595 0.8066209341288547
2458151.5021453304 0.00488180730031651 0.8051126192344629
2458151.5022610715 0.38313688450564154 0.8059168386094842
2458151.5023768125 0.33068601003329867 0.8059515379845233
2458151.5024925536 1.5483436276594986 0.8084305208484414
2458151.5026082946 -0.08024112683591156 0.8048155163419198
2458151.5027240342 0.04126417440406538 0.8048310340590346
2458151.5028397753 -0.6589256411505762 0.8036640005962835
2458151.5029555163 0.7773518488231712 0.8063633342099373
2458151.5030712564 -0.467625428725682 0.8041614562208265
2458151.5031869975 0.43416016692414683 0.8060048548081251
2458151.5033027385 0.7583818839474121 0.8065203559392251
2458151.5034184796 0.5817107750925476 0.8065144394099654
2458151.5035342197 0.28471483070713344 0.8056295521806873
2458151.5036499603 -0.037349822233478935 0.805135586817313
2458151.5037657013 -0.06503357096169227 0.8049619201716988
2458151.5038814414 0.8830893125506112 0.807263863084454
2458151.5039971825 0.443996356630727 0.8063167248828168
2458151.5041129235 -0.18628060093393017 0.8049028173575014
2458151.5042286646 -0.22977220945835652 0.8053125317003548
2458151.5043444056 0.634863610116021 0.8067082106541118
2458151.5044601453 -0.16647642691299813 0.805217101356782
2458151.5045758863 0.3395940048916968 0.8060803302135606
2458151.5046916273 -0.5326054700275362 0.8045035841474119
2458151.5048073675 -0.41562041629922275 0.8046158615540996
2458151.5049231085 0.237113444488668 0.8062050250023042
2458151.5050388495 0.007338482201890706 0.8055055672592815
2458151.5051545906 -0.8173434183626371 0.8039721181435193
2458151.5052703316 0.29728659575867233 0.8059377897797549
2458151.5053860713 0.299895832263708 0.8063353653901411
2458151.5055018123 0.20822710236225728 0.8066155548330128
2458151.5056175534 -0.3546623631412449 0.8051446184561311
2458151.5057332935 -0.5883336077496137 0.8044943614705121
2458151.5058490345 0.2841954195210272 0.8062707381226416
2458151.5059647756 -0.004881807300327612 0.8052694707066392
2458151.5060805166 -0.8243432090163871 0.8039028652175926
2458151.5061962563 -0.08588815877164091 0.8053255260258957
2458151.5063119973 -0.4588215901979442 0.8045694648007121
2458151.5064277383 -0.2066289379757169 0.8056914083578984
2458151.5065434785 -0.4043967853250008 0.8049807110630967
2458151.5066592195 -0.14367531891040786 0.805427589896084
2458151.5067749606 -0.4234932723722218 0.8048192106132246
2458151.5068907016 -1.0044882592887827 0.8039135674364848
2458151.5070064426 0.8227341776760211 0.807439998512592
2458151.5095525505 -0.3452127989430953 0.8116563589246485
2458151.5096682915 0.015002228891525249 0.811964043009539
2458151.5097840317 -0.13436935204823586 0.8119542597800157
2458151.5098997727 -0.33392323867720286 0.8117040577464102
2458151.5100155133 0.41498585052970327 0.8128459093757198
2458151.5101312534 -0.3452944083343845 0.8112004829106764
2458151.5102469944 0.10323236095506338 0.81212994909631
2458151.5103627355 0.07999482873424224 0.8124769257941099
2458151.5104784765 0.7349919085744006 0.8134957662148677
2458151.5105942176 0.312510237104191 0.812598866516048
2458151.5107099577 0.24705965136921915 0.8126041394187562
2458151.5108256983 -0.04045351725978641 0.8117456247809259
2458151.5109414393 -0.07914810418221396 0.8122420222135434
2458151.5110571794 0.08576167739273721 0.811956298292555
2458151.5111729205 0.03399706042106487 0.8119233693630028
2458151.5112886615 0.2170658230246314 0.8123627930936409
2458151.5114044026 0.14105365941976533 0.8123161000127378
2458151.5115201427 -0.2747222101905811 0.8115059237589854
2458151.5116358832 0.1441101665852429 0.8125418661050475
2458151.5117516243 0.0636813483410048 0.8125985339633074
2458151.5118673644 -0.2533737566321359 0.8115017706627163
2458151.5119831054 -1.1710780309755031 0.8099206774722012
2458151.5120988465 -0.11273723130807989 0.8116694791525889
2458151.5122145875 0.682252884419321 0.8132162480280357
2458151.5123303286 0.4814403371218079 0.8133018461766756
2458151.5124460687 -0.16578803673253928 0.8119331883546151
2458151.5125618093 0.007024017914347702 0.81176744042916
2458151.5126775503 -0.028628808492747737 0.8118553353882516
2458151.5127932904 0.592347648423841 0.8135361144506047
2458151.5129090315 -0.5177376004555256 0.81126226936435
2458151.5130247725 0.038566528933081656 0.8122276286166616
2458151.5131405136 -0.4405561380876777 0.8113791108606547
2458151.5132562546 -0.17472101412300267 0.8116818585276088
2458151.5133719943 -0.07208469538394491 0.8123118840559919
2458151.5134877353 -0.6647095182286678 0.8106687050954141
2458151.5136034763 0.31826544143660485 0.8128297326177506
2458151.5137192165 0.02302171082928517 0.811690809109751
2458151.5138349575 -0.4769952431359137 0.8110689047724366
2458151.5139506985 0.3669476697597096 0.812548393000105
2458151.5140664396 -0.876823781991154 0.8100579965001921
2458151.5141821797 -0.18585680565658125 0.811956475383461
2458151.5142979203 0.05783558957870305 0.8121262892305124
2458151.5144136613 -0.007024017914347702 0.8124393908837915
2458151.5145294014 -0.17675261540449627 0.8118071541549076
2458151.5163003304 -0.2506269876288436 0.811606040205104
2458151.5164160714 0.23193521592901334 0.8121934206633713
2458151.5165318116 -0.4916944468061568 0.8113836348186328
2458151.5166475526 0.1541357296645618 0.812405802344166
2458151.5167632937 0.03853908639215309 0.812343154717951
2458151.5168790333 0.0634546836410177 0.8119232538423903
2458151.5169947743 0.0372702114175949 0.81208938333809
2458151.5171105154 0.20710725652874906 0.8123017216281084
2458151.5172262555 1.143205120348867 0.8146034879339764
2458151.5173419975 -0.4935873896625531 0.810439576999282
2458151.5174577376 0.9915248629775553 0.81437164379345
2458151.5175734786 0.15482032911522392 0.811849882293169
2458151.5176892197 -0.10416581742159758 0.8116369035921831
2458151.5178049593 0.4806809103720333 0.8123490145418373
2458151.5179207004 0.4227484873176701 0.8126424308850728
2458151.5180364414 -0.31177300658491447 0.810900857551411
2458151.5181521825 0.4601370953153827 0.8126881872390764
2458151.5182679235 0.5777924103038901 0.812972657932255
2458151.5183836636 -0.5282552991218159 0.8104579311458473
2458151.5184994047 0.01145456116029564 0.8119110865440368
2458151.5186151457 0.6126586874982465 0.8132420584840773
2458151.5187308853 0.21444445740985696 0.8120747961592286
2458151.5188466264 -0.011454561160306742 0.8115246520716551
2458151.5189623674 -0.24363818573091 0.811437463140258
2458151.5190781085 -0.05233737037316777 0.8119105782854115
2458151.5191938486 -0.5379413992540272 0.810461608861473
2458151.5193095896 -0.049293429323082893 0.8118465464967947
2458151.5194253307 0.14788463504662452 0.8120560647826143
2458151.5195410703 -0.025785506193509722 0.8118516294278294
2458151.5196568114 -0.26926127416699863 0.8111845574146702
2458151.5197725524 0.3473316172193375 0.8118482879169772
2458151.5198882935 0.37665696472011234 0.8124076051572177
2458151.5200040345 0.19698391192704 0.8119387956437687
2458151.5201197746 0.4193669290810442 0.8126712973601281
2458151.5202355157 -0.4966199380414982 0.8109351418367102
2458151.5203512567 -0.1937433880379147 0.8115950423343778
2458151.5204669964 -0.04583794121695295 0.8116417614801777
2458151.5205827374 -0.23276623844162847 0.8116960380087144
2458151.5206984784 0.29747448308068414 0.8123457524498736
2458151.5208142195 -0.1413793450046219 0.8116665123881128
2458151.5209299605 -0.5138955881572538 0.810778902470575
2458151.5210457006 -0.8704432419143315 0.8099015011574044
2458151.5211614417 -0.5062946598171969 0.8105607468861918
2458151.5212771823 -0.15982790782227418 0.8119838597439686
