cc_cet/lightcurves/V-CC-CET_FUV_58150.9936732_ldlc01xkq_5.0s_lc.ecsv
# %ECSV 0.9
# ---
# datatype:
# - {name: TIME, datatype: float32}
# - {name: COUNTS, datatype: float64}
# - {name: ERROR, datatype: float64}
# schema: astropy-2.0
TIME COUNTS ERROR
5038957000.0 5070.261751152074 31.844188641421134
5038957000.0 5097.592073732719 31.929898445603357
5038957000.0 5061.541566820277 31.81679294592802
5038957000.0 5152.6036866359445 32.10172483414542
5038957000.0 5070.723870967742 31.845639798778553
5038957000.0 5068.221382488479 31.837780646547834
5038957000.0 5107.95797235023 31.962346510699838
5038957000.0 5082.24534562212 31.88179839852865
5038957000.0 5080.712811059908 31.876991109764134
5038957000.0 5113.4552995391705 31.979541271066317
5038957000.0 5058.136221198157 31.806088163111657
5038957000.0 5095.449953917051 31.923188919395415
5038957000.0 5055.867096774194 31.798953117277915
5038957000.0 5046.050691244239 31.768067902358304
5038957000.0 5062.547465437788 31.819954322524687
5038957000.0 5121.346912442396 32.004208824598045
5038957000.0 5081.278894009217 31.878766895879824
5038957000.0 5078.003686635945 31.868491293551834
5038957000.0 5070.770322580645 31.84578566335158
5038957000.0 5087.506359447005 31.898295752115047
5038957000.0 5059.798525345623 31.81131410471948
5038957000.0 5079.763870967742 31.874014089749483
5038957000.0 5067.558525345622 31.835698595588013
5038957000.0 5030.04534562212 31.717646021172886
5038957000.0 5102.593364055299 31.945557951162158
5038957000.0 5089.79262672811 31.90546231204967
5038957000.0 5086.250691244239 31.894359034927287
5038957000.0 5062.95797235023 31.821244389087713
5038957000.0 5081.838341013825 31.880521768044595
5038957000.0 5095.216036866359 31.922456161349363
5038957000.0 5139.404239631336 32.06058090437956
5038957000.0 5083.8729953917045 31.886903253190656
5038957000.0 5006.1467281106 31.642208292439385
5038957000.0 5032.844239631336 31.72646920043684
5038957000.0 5123.119262672811 32.00974621165501
5038957000.0 5037.146912442397 31.740028079516243
5038957000.0 5076.289953917051 31.863113325339224
5038957000.0 5093.546912442396 31.917227048859985
5038957000.0 5104.382119815668 31.951156848588965
5038957000.0 5075.861751152073 31.861769414620007
5038957000.0 5032.089400921659 31.72408990316872
5038957000.0 5097.358709677419 31.929167573481834
5038957000.0 5094.519262672811 31.920273378130116
5038957000.0 5047.381935483871 31.772258136568986
5038957000.0 5090.272442396314 31.90696614344997
5038957000.0 5043.610138248848 31.760384563946474
5038957000.0 5039.947465437787 31.748850264026213
5038957000.0 5037.39262672811 31.740802216478745
5038957000.0 5114.1867281106 31.981828365841125
5038957000.0 5172.569769585253 32.16386099206765
5038957000.0 5039.061751152074 31.74606038913198
5038957000.0 5044.38728110599 31.76283136342222
5038957600.0 5065.3133640553 31.828645475594147
5038957600.0 5107.272995391705 31.96020336415807
5038957600.0 5052.787465437788 31.78926694794263
5038957600.0 5063.729953917051 31.823670290892125
5038957600.0 5024.620092165898 31.700536563805663
5038957600.0 5122.867096774194 32.00895842346075
5038957600.0 5088.118709677419 31.900215390111146
5038957600.0 5038.164423963133 31.743233685190717
5038957600.0 5028.644239631336 31.71322827979308
5038957600.0 5039.072995391705 31.746095808435104
5038957600.0 5049.050138248848 31.77750820391318
5038957600.0 5034.147465437787 31.73057662708886
5038957600.0 5088.936221198157 31.902778001917504
5038957600.0 5095.124608294931 31.922169751741286
5038957600.0 5088.610138248848 31.901755870951206
5038957600.0 5005.2278341013825 31.639304145639432
5038957600.0 5086.661198156682 31.895646092081854
5038957600.0 5111.42599078341 31.97319499450566
5038957600.0 5109.5931797235025 31.967462144260065
5038957600.0 5094.929953917051 31.921559967887067
5038957600.0 5101.5931797235025 31.94242689503571
5038957600.0 4974.506912442396 31.54205735979312
5038957600.0 5058.055299539171 31.805833740177825
5038957600.0 5077.98728110599 31.86843981466928
5038957600.0 5119.764423963134 31.999263816416565
5038957600.0 5047.834101382488 31.773681251571997
5038957600.0 5024.821935483871 31.7011732763438
5038957600.0 5042.547465437788 31.757038481060498
5038957600.0 5162.627281105992 32.13293413650858
5038957600.0 5067.770322580645 31.836363870833758
5038957600.0 5039.472995391705 31.747355780888917
5038957600.0 5045.964423963133 31.767796347758
5038957600.0 5119.59262672811 31.99872693320192
5038957600.0 5004.2840552995385 31.63632107341035
5038957600.0 5054.8149308755765 31.7956441383897
5038957600.0 5039.233732718894 31.74660212595639
